tick,conn_0_0,conn_0_2,conn_0_3,conn_0_4,conn_0_5,conn_0_8,conn_0_9,conn_1_1,conn_1_3,conn_1_5,conn_1_6,conn_2_0,conn_2_1,conn_2_4,conn_2_6,conn_2_8,conn_2_10,conn_3_1,conn_3_3,conn_3_5,conn_3_6,conn_3_7,conn_3_8,conn_3_9,conn_3_10,conn_4_2,conn_4_4,conn_4_6,conn_4_9,conn_5_0,conn_5_2,conn_5_3,conn_5_4,conn_5_5,conn_5_8,conn_5_9,conn_5_10,conn_6_0,conn_6_1,conn_6_2,conn_6_4,conn_6_5,conn_6_8,conn_7_0,conn_7_1,conn_7_2,conn_7_3,conn_7_5,conn_7_6,conn_7_7,conn_7_8,conn_7_9,conn_7_10,conn_8_3,conn_8_4,conn_8_6,conn_8_7,conn_8_10,conn_9_0,conn_9_1,conn_9_3,conn_9_4,conn_9_6,conn_9_8,conn_9_9,conn_10_0,conn_10_3,conn_10_7,conn_10_8,conn_10_9,conn_10_10
0,-0.600000,0.600000,0.600000,-0.600000,1.000000,-0.600000,-0.600000,0.600000,0.600000,-0.600000,-0.600000,0.600000,-0.600000,-0.600000,-0.600000,-0.600000,-0.600000,-0.600000,-0.600000,-0.600000,0.600000,-0.600000,-0.600000,-0.600000,-0.600000,-0.600000,0.600000,-0.600000,-0.600000,-0.600000,-0.600000,-0.600000,0.600000,-0.600000,0.600000,0.600000,0.600000,0.600000,0.600000,-0.600000,-0.600000,-0.600000,0.600000,-0.600000,-0.600000,0.600000,0.600000,-0.600000,-0.600000,0.600000,-0.600000,0.600000,-0.600000,-0.600000,-0.600000,0.600000,-0.600000,-0.600000,0.600000,-0.600000,-0.600000,0.600000,-0.600000,-0.600000,-0.600000,0.600000,-0.600000,0.600000,-0.600000,-0.600000,-0.600000
1,-0.600000,0.600000,0.600000,-0.600000,1.000000,-0.600000,-0.600000,0.600000,0.600000,-0.600000,-0.600000,0.600000,-0.600000,-0.600000,-0.600000,-0.600000,-0.600000,-0.600000,-0.600000,-0.600000,0.600000,-0.600000,-0.607185,-0.598805,-0.600000,-0.600000,0.600000,-0.600000,-0.600000,-0.611950,-0.611950,-0.600000,0.600000,-0.600000,0.600000,0.600000,0.600000,0.600000,0.600000,-0.600000,-0.600000,-0.602400,0.600000,-0.600000,-0.600000,0.600000,0.600000,-0.600000,-0.600000,0.600000,-0.600000,0.600000,-0.600000,-0.600000,-0.600000,0.600000,-0.600000,-0.600000,0.600000,-0.600000,-0.600000,0.600000,-0.602400,-0.593988,-0.598800,0.600000,-0.600000,0.600000,-0.600000,-0.600000,-0.600000
2,-0.600000,0.600000,0.600000,-0.600000,1.000000,-0.600000,-0.600000,0.600000,0.600000,-0.600000,-0.600000,0.600000,-0.600000,-0.600000,-0.600000,-0.600000,-0.600000,-0.600000,-0.600000,-0.600000,0.600000,-0.600000,-0.637760,-0.607191,-0.600000,-0.600000,0.600000,-0.600000,-0.600000,-0.614325,-0.614325,-0.600000,0.600000,-0.600000,0.600000,0.600000,0.600000,0.600000,0.600000,-0.600000,-0.600000,-0.602400,0.600000,-0.600000,-0.600000,0.600000,0.600000,-0.600000,-0.600000,0.600000,-0.600000,0.600000,-0.600000,-0.600000,-0.600000,0.600000,-0.600000,-0.600000,0.600000,-0.600000,-0.600000,0.600000,-0.602400,-0.592782,-0.598800,0.600000,-0.600000,0.600000,-0.600000,-0.600000,-0.600000
3,-0.600000,0.600000,0.600000,-0.600000,1.000000,-0.600000,-0.600000,0.600000,0.600000,-0.600000,-0.600000,0.600000,-0.600000,-0.600000,-0.600000,-0.600000,-0.600000,-0.600000,-0.600000,-0.600000,0.600000,-0.600000,-0.646962,-0.614332,-0.600000,-0.600000,0.600000,-0.600000,-0.600000,-0.619058,-0.619058,-0.600000,0.600000,-0.600000,0.600000,0.600000,0.600000,0.600000,0.600000,-0.600000,-0.600000,-0.604795,0.600000,-0.600000,-0.600000,0.600000,0.600000,-0.600000,-0.600000,0.600000,-0.600000,0.600000,-0.600000,-0.600000,-0.600000,0.600000,-0.600000,-0.600000,0.600000,-0.600000,-0.600000,0.600000,-0.604795,-0.590367,-0.597599,0.600000,-0.600000,0.600000,-0.600000,-0.600000,-0.600000
4,-0.600000,0.600000,0.600000,-0.600000,1.000000,-0.600000,-0.600000,0.600000,0.600000,-0.600000,-0.600000,0.600000,-0.600000,-0.600000,-0.600000,-0.600000,-0.600000,-0.600000,-0.600000,-0.600000,0.600000,-0.600000,-0.658314,-0.626123,-0.600000,-0.600000,0.600000,-0.600000,-0.600000,-0.619058,-0.619058,-0.600000,0.600000,-0.600000,0.600000,0.600000,0.600000,0.600000,0.600000,-0.600000,-0.600000,-0.604795,0.600000,-0.600000,-0.600000,0.600000,0.600000,-0.600000,-0.600000,0.600000,-0.600000,0.600000,-0.600000,-0.600000,-0.600000,0.600000,-0.600000,-0.600000,0.600000,-0.600000,-0.600000,0.600000,-0.604795,-0.590367,-0.597599,0.600000,-0.600000,0.600000,-0.600000,-0.600000,-0.600000
5,-0.600000,0.600000,0.600000,-0.600000,1.000000,-0.600000,-0.600000,0.600000,0.600000,-0.600000,-0.600000,0.600000,-0.600000,-0.600000,-0.600000,-0.600000,-0.600000,-0.600000,-0.600000,-0.600000,0.600000,-0.600000,-0.671701,-0.640077,-0.600000,-0.600000,0.600000,-0.600000,-0.600000,-0.619058,-0.619058,-0.600000,0.600000,-0.600000,0.600000,0.600000,0.600000,0.600000,0.600000,-0.600000,-0.600000,-0.604795,0.600000,-0.600000,-0.600000,0.600000,0.600000,-0.600000,-0.600000,0.600000,-0.600000,0.600000,-0.600000,-0.600000,-0.600000,0.600000,-0.600000,-0.600000,0.600000,-0.600000,-0.600000,0.600000,-0.604795,-0.590367,-0.597599,0.600000,-0.600000,0.600000,-0.600000,-0.600000,-0.600000
6,-0.600000,0.600000,0.600000,-0.600000,1.000000,-0.600000,-0.600000,0.600000,0.600000,-0.600000,-0.600000,0.600000,-0.600000,-0.600000,-0.600000,-0.600000,-0.600000,-0.600000,-0.600000,-0.600000,0.600000,-0.600000,-0.682650,-0.651530,-0.600000,-0.600000,0.600000,-0.600000,-0.600000,-0.619058,-0.619058,-0.600000,0.600000,-0.600000,0.600000,0.600000,0.600000,0.600000,0.600000,-0.600000,-0.600000,-0.604795,0.600000,-0.600000,-0.600000,0.600000,0.600000,-0.600000,-0.600000,0.600000,-0.600000,0.600000,-0.600000,-0.600000,-0.600000,0.600000,-0.600000,-0.600000,0.600000,-0.600000,-0.600000,0.600000,-0.604795,-0.590367,-0.597599,0.600000,-0.600000,0.600000,-0.600000,-0.600000,-0.600000
7,-0.600000,0.600000,0.600000,-0.600000,1.000000,-0.600000,-0.600000,0.600000,0.600000,-0.600000,-0.600000,0.600000,-0.600000,-0.600000,-0.600000,-0.600000,-0.600000,-0.600000,-0.600000,-0.600000,0.600000,-0.600000,-0.691267,-0.659445,-0.600000,-0.600000,0.600000,-0.600000,-0.600000,-0.621416,-0.621416,-0.600000,0.600000,-0.600000,0.600000,0.600000,0.600000,0.600000,0.600000,-0.600000,-0.600000,-0.607185,0.600000,-0.600000,-0.600000,0.600000,0.600000,-0.600000,-0.600000,0.600000,-0.600000,0.600000,-0.600000,-0.600000,-0.600000,0.600000,-0.600000,-0.600000,0.600000,-0.600000,-0.600000,0.600000,-0.607185,-0.589158,-0.596396,0.600000,-0.600000,0.600000,-0.600000,-0.600000,-0.600000
8,-0.600000,0.600000,0.600000,-0.600000,1.000000,-0.600000,-0.600000,0.600000,0.600000,-0.600000,-0.600000,0.600000,-0.600000,-0.600000,-0.600000,-0.600000,-0.600000,-0.600000,-0.600000,-0.600000,0.600000,-0.600000,-0.703948,-0.672810,-0.600000,-0.600000,0.600000,-0.600000,-0.600000,-0.621416,-0.621416,-0.600000,0.600000,-0.600000,0.600000,0.600000,0.600000,0.600000,0.600000,-0.600000,-0.600000,-0.607185,0.600000,-0.600000,-0.600000,0.600000,0.600000,-0.600000,-0.600000,0.600000,-0.600000,0.600000,-0.600000,-0.600000,-0.600000,0.600000,-0.600000,-0.600000,0.600000,-0.600000,-0.600000,0.600000,-0.607185,-0.589158,-0.596396,0.600000,-0.600000,0.600000,-0.600000,-0.600000,-0.600000
9,-0.600000,0.600000,0.600000,-0.600000,1.000000,-0.600000,-0.600000,0.600000,0.600000,-0.600000,-0.600000,0.600000,-0.600000,-0.600000,-0.600000,-0.600000,-0.600000,-0.600000,-0.600000,-0.600000,0.600000,-0.600000,-0.712233,-0.678302,-0.600000,-0.600000,0.600000,-0.600000,-0.600000,-0.623769,-0.623769,-0.600000,0.600000,-0.600000,0.600000,0.600000,0.600000,0.600000,0.600000,-0.600000,-0.600000,-0.607185,0.600000,-0.600000,-0.600000,0.600000,0.600000,-0.600000,-0.600000,0.600000,-0.600000,0.600000,-0.600000,-0.600000,-0.600000,0.600000,-0.600000,-0.600000,0.600000,-0.600000,-0.600000,0.600000,-0.607185,-0.587948,-0.596396,0.600000,-0.600000,0.600000,-0.600000,-0.600000,-0.600000
10,-0.600000,0.600000,0.600000,-0.600000,1.000000,-0.600000,-0.600000,0.600000,0.600000,-0.600000,-0.600000,0.600000,-0.600000,-0.600000,-0.600000,-0.600000,-0.600000,-0.600000,-0.600000,-0.600000,0.600000,-0.600000,-0.718355,-0.684825,-0.600000,-0.600000,0.600000,-0.600000,-0.600000,-0.623769,-0.623769,-0.600000,0.600000,-0.600000,0.600000,0.600000,0.600000,0.600000,0.600000,-0.600000,-0.600000,-0.607185,0.600000,-0.600000,-0.600000,0.600000,0.600000,-0.600000,-0.600000,0.600000,-0.600000,0.600000,-0.600000,-0.600000,-0.600000,0.600000,-0.600000,-0.600000,0.600000,-0.600000,-0.600000,0.600000,-0.607185,-0.587948,-0.596396,0.600000,-0.600000,0.600000,-0.600000,-0.600000,-0.600000
11,-0.600000,0.600000,0.600000,-0.600000,1.000000,-0.600000,-0.600000,0.600000,0.600000,-0.600000,-0.600000,0.600000,-0.600000,-0.600000,-0.600000,-0.600000,-0.600000,-0.600000,-0.600000,-0.600000,0.600000,-0.600000,-0.726395,-0.691276,-0.600000,-0.600000,0.600000,-0.600000,-0.600000,-0.623769,-0.623769,-0.600000,0.600000,-0.600000,0.600000,0.600000,0.600000,0.600000,0.600000,-0.600000,-0.600000,-0.607185,0.600000,-0.600000,-0.600000,0.600000,0.600000,-0.600000,-0.600000,0.600000,-0.600000,0.600000,-0.600000,-0.600000,-0.600000,0.600000,-0.600000,-0.600000,0.600000,-0.600000,-0.600000,0.600000,-0.607185,-0.587948,-0.596396,0.600000,-0.600000,0.600000,-0.600000,-0.600000,-0.600000
12,-0.600000,0.600000,0.600000,-0.600000,1.000000,-0.600000,-0.600000,0.600000,0.600000,-0.600000,-0.600000,0.600000,-0.600000,-0.600000,-0.600000,-0.600000,-0.600000,-0.600000,-0.600000,-0.600000,0.600000,-0.600000,-0.740116,-0.693416,-0.600000,-0.600000,0.600000,-0.600000,-0.600000,-0.628457,-0.628457,-0.600000,0.600000,-0.600000,0.600000,0.600000,0.600000,0.600000,0.600000,-0.600000,-0.600000,-0.607185,0.600000,-0.600000,-0.600000,0.600000,0.600000,-0.600000,-0.600000,0.600000,-0.600000,0.600000,-0.600000,-0.600000,-0.600000,0.600000,-0.600000,-0.600000,0.600000,-0.600000,-0.600000,0.600000,-0.607185,-0.585524,-0.596396,0.600000,-0.600000,0.600000,-0.600000,-0.600000,-0.600000
13,-0.600000,0.600000,0.600000,-0.600000,1.000000,-0.600000,-0.600000,0.600000,0.600000,-0.600000,-0.600000,0.600000,-0.600000,-0.600000,-0.600000,-0.600000,-0.600000,-0.600000,-0.600000,-0.600000,0.600000,-0.600000,-0.747754,-0.694489,-0.600000,-0.600000,0.600000,-0.600000,-0.600000,-0.635443,-0.635443,-0.600000,0.600000,-0.600000,0.600000,0.600000,0.600000,0.600000,0.600000,-0.600000,-0.600000,-0.607185,0.600000,-0.600000,-0.600000,0.600000,0.600000,-0.600000,-0.600000,0.600000,-0.600000,0.600000,-0.600000,-0.600000,-0.600000,0.600000,-0.600000,-0.600000,0.600000,-0.600000,-0.600000,0.600000,-0.607185,-0.581881,-0.596396,0.600000,-0.600000,0.600000,-0.600000,-0.600000,-0.600000
14,-0.600000,0.600000,0.600000,-0.600000,1.000000,-0.600000,-0.600000,0.600000,0.600000,-0.600000,-0.600000,0.600000,-0.600000,-0.600000,-0.600000,-0.600000,-0.600000,-0.600000,-0.600000,-0.600000,0.600000,-0.600000,-0.767982,-0.699787,-0.600000,-0.600000,0.600000,-0.600000,-0.600000,-0.642374,-0.642374,-0.600000,0.600000,-0.600000,0.600000,0.600000,0.600000,0.600000,0.600000,-0.600000,-0.600000,-0.607185,0.600000,-0.600000,-0.600000,0.600000,0.600000,-0.600000,-0.600000,0.600000,-0.600000,0.600000,-0.600000,-0.600000,-0.600000,0.600000,-0.600000,-0.600000,0.600000,-0.600000,-0.600000,0.600000,-0.607185,-0.578228,-0.596396,0.600000,-0.600000,0.600000,-0.600000,-0.600000,-0.600000
15,-0.600000,0.600000,0.600000,-0.600000,1.000000,-0.600000,-0.600000,0.600000,0.600000,-0.600000,-0.600000,0.600000,-0.600000,-0.600000,-0.600000,-0.600000,-0.600000,-0.600000,-0.600000,-0.600000,0.600000,-0.600000,-0.778529,-0.703989,-0.600000,-0.600000,0.600000,-0.600000,-0.600000,-0.651523,-0.651523,-0.600000,0.600000,-0.600000,0.600000,0.600000,0.600000,0.600000,0.600000,-0.600000,-0.600000,-0.609570,0.600000,-0.600000,-0.600000,0.600000,0.600000,-0.600000,-0.600000,0.600000,-0.600000,0.600000,-0.600000,-0.600000,-0.600000,0.600000,-0.600000,-0.600000,0.600000,-0.600000,-0.600000,0.600000,-0.609570,-0.573345,-0.595193,0.600000,-0.600000,0.600000,-0.600000,-0.600000,-0.600000
16,-0.600000,0.600000,0.600000,-0.600000,1.000000,-0.600000,-0.600000,0.600000,0.600000,-0.600000,-0.600000,0.600000,-0.600000,-0.600000,-0.600000,-0.600000,-0.600000,-0.600000,-0.600000,-0.600000,0.600000,-0.600000,-0.787054,-0.702960,-0.600000,-0.600000,0.600000,-0.600000,-0.600000,-0.662805,-0.662805,-0.600000,0.600000,-0.600000,0.600000,0.600000,0.600000,0.600000,0.600000,-0.600000,-0.600000,-0.609570,0.600000,-0.600000,-0.600000,0.600000,0.600000,-0.600000,-0.600000,0.600000,-0.600000,0.600000,-0.600000,-0.600000,-0.600000,0.600000,-0.600000,-0.600000,0.600000,-0.600000,-0.600000,0.600000,-0.609570,-0.567221,-0.595193,0.600000,-0.600000,0.600000,-0.600000,-0.600000,-0.600000
17,-0.600000,0.600000,0.600000,-0.600000,1.000000,-0.600000,-0.600000,0.600000,0.600000,-0.600000,-0.600000,0.600000,-0.600000,-0.600000,-0.600000,-0.600000,-0.600000,-0.600000,-0.600000,-0.600000,0.600000,-0.600000,-0.800192,-0.708167,-0.600000,-0.600000,0.600000,-0.600000,-0.600000,-0.665040,-0.665040,-0.600000,0.600000,-0.600000,0.600000,0.600000,0.600000,0.600000,0.600000,-0.600000,-0.600000,-0.609570,0.600000,-0.600000,-0.600000,0.600000,0.600000,-0.600000,-0.600000,0.600000,-0.600000,0.600000,-0.600000,-0.600000,-0.600000,0.600000,-0.600000,-0.600000,0.600000,-0.600000,-0.600000,0.600000,-0.609570,-0.565994,-0.595193,0.600000,-0.600000,0.600000,-0.600000,-0.600000,-0.600000
18,-0.600000,0.600000,0.600000,-0.600000,1.000000,-0.600000,-0.600000,0.600000,0.600000,-0.600000,-0.600000,0.600000,-0.600000,-0.600000,-0.600000,-0.600000,-0.600000,-0.600000,-0.600000,-0.600000,0.600000,-0.600000,-0.811182,-0.718414,-0.600000,-0.600000,0.600000,-0.600000,-0.600000,-0.665040,-0.665040,-0.600000,0.600000,-0.600000,0.600000,0.600000,0.600000,0.600000,0.600000,-0.600000,-0.600000,-0.609570,0.600000,-0.600000,-0.600000,0.600000,0.600000,-0.600000,-0.600000,0.600000,-0.600000,0.600000,-0.600000,-0.600000,-0.600000,0.600000,-0.600000,-0.600000,0.600000,-0.600000,-0.600000,0.600000,-0.609570,-0.565994,-0.595193,0.600000,-0.600000,0.600000,-0.600000,-0.600000,-0.600000
19,-0.600000,0.600000,0.600000,-0.600000,1.000000,-0.600000,-0.600000,0.600000,0.600000,-0.600000,-0.600000,0.600000,-0.600000,-0.600000,-0.600000,-0.600000,-0.600000,-0.600000,-0.600000,-0.600000,0.600000,-0.600000,-0.818745,-0.724462,-0.600000,-0.600000,0.600000,-0.600000,-0.600000,-0.669488,-0.669488,-0.600000,0.600000,-0.600000,0.600000,0.600000,0.600000,0.600000,0.600000,-0.600000,-0.600000,-0.609570,0.600000,-0.600000,-0.600000,0.600000,0.600000,-0.600000,-0.600000,0.600000,-0.600000,0.600000,-0.600000,-0.600000,-0.600000,0.600000,-0.600000,-0.600000,0.600000,-0.600000,-0.600000,0.600000,-0.609570,-0.563536,-0.595193,0.600000,-0.600000,0.600000,-0.600000,-0.600000,-0.600000
20,-0.600000,0.600000,0.600000,-0.600000,1.000000,-0.600000,-0.600000,0.600000,0.600000,-0.600000,-0.600000,0.600000,-0.600000,-0.600000,-0.600000,-0.600000,-0.600000,-0.600000,-0.600000,-0.600000,0.600000,-0.600000,-0.827507,-0.731413,-0.600000,-0.600000,0.600000,-0.600000,-0.600000,-0.671701,-0.671701,-0.600000,0.600000,-0.600000,0.600000,0.600000,0.600000,0.600000,0.600000,-0.600000,-0.600000,-0.611950,0.600000,-0.600000,-0.600000,0.600000,0.600000,-0.600000,-0.600000,0.600000,-0.600000,0.600000,-0.600000,-0.600000,-0.600000,0.600000,-0.600000,-0.600000,0.600000,-0.600000,-0.600000,0.600000,-0.611950,-0.562307,-0.593988,0.600000,-0.600000,0.600000,-0.600000,-0.600000,-0.600000
21,-0.600000,0.600000,0.600000,-0.600000,1.000000,-0.600000,-0.600000,0.600000,0.600000,-0.600000,-0.600000,0.600000,-0.600000,-0.600000,-0.600000,-0.600000,-0.600000,-0.600000,-0.600000,-0.600000,0.600000,-0.600000,-0.835931,-0.729460,-0.600000,-0.600000,0.600000,-0.600000,-0.600000,-0.693401,-0.693401,-0.600000,0.600000,-0.600000,0.600000,0.600000,0.600000,0.600000,0.600000,-0.600000,-0.600000,-0.619058,0.600000,-0.600000,-0.600000,0.600000,0.600000,-0.600000,-0.600000,0.600000,-0.600000,0.600000,-0.600000,-0.600000,-0.600000,0.600000,-0.600000,-0.600000,0.600000,-0.600000,-0.600000,0.600000,-0.619058,-0.549968,-0.590367,0.600000,-0.600000,0.600000,-0.600000,-0.600000,-0.600000
22,-0.600000,0.600000,0.600000,-0.600000,1.000000,-0.600000,-0.600000,0.600000,0.600000,-0.600000,-0.600000,0.600000,-0.600000,-0.600000,-0.600000,-0.600000,-0.600000,-0.600000,-0.600000,-0.600000,0.600000,-0.600000,-0.841362,-0.730460,-0.600000,-0.600000,0.600000,-0.600000,-0.600000,-0.703948,-0.703948,-0.600000,0.600000,-0.600000,0.600000,0.600000,0.600000,0.600000,0.600000,-0.600000,-0.600000,-0.621416,0.600000,-0.600000,-0.600000,0.600000,0.600000,-0.600000,-0.600000,0.600000,-0.600000,0.600000,-0.600000,-0.600000,-0.600000,0.600000,-0.600000,-0.600000,0.600000,-0.600000,-0.600000,0.600000,-0.621416,-0.543775,-0.589158,0.600000,-0.600000,0.600000,-0.600000,-0.600000,-0.600000
23,-0.600000,0.600000,0.600000,-0.600000,1.000000,-0.600000,-0.600000,0.600000,0.600000,-0.600000,-0.600000,0.600000,-0.600000,-0.600000,-0.600000,-0.600000,-0.600000,-0.600000,-0.600000,-0.600000,0.600000,-0.600000,-0.844022,-0.723522,-0.600000,-0.600000,0.600000,-0.600000,-0.600000,-0.718355,-0.718355,-0.600000,0.600000,-0.600000,0.600000,0.600000,0.600000,0.600000,0.600000,-0.600000,-0.600000,-0.621416,0.600000,-0.600000,-0.600000,0.600000,0.600000,-0.600000,-0.600000,0.600000,-0.600000,0.600000,-0.600000,-0.600000,-0.600000,0.600000,-0.600000,-0.600000,0.600000,-0.600000,-0.600000,0.600000,-0.621416,-0.535081,-0.589158,0.600000,-0.600000,0.600000,-0.600000,-0.600000,-0.600000
24,-0.600000,0.600000,0.600000,-0.600000,1.000000,-0.600000,-0.600000,0.600000,0.600000,-0.600000,-0.600000,0.600000,-0.600000,-0.600000,-0.600000,-0.600000,-0.600000,-0.600000,-0.600000,-0.600000,0.600000,-0.600000,-0.850514,-0.725536,-0.600000,-0.600000,0.600000,-0.600000,-0.600000,-0.726395,-0.726395,-0.600000,0.600000,-0.600000,0.600000,0.600000,0.600000,0.600000,0.600000,-0.600000,-0.600000,-0.623769,0.600000,-0.600000,-0.600000,0.600000,0.600000,-0.600000,-0.600000,0.600000,-0.600000,0.600000,-0.600000,-0.600000,-0.600000,0.600000,-0.600000,-0.600000,0.600000,-0.600000,-0.600000,0.600000,-0.623769,-0.530103,-0.587948,0.600000,-0.600000,0.600000,-0.600000,-0.600000,-0.600000
25,-0.600000,0.600000,0.600000,-0.600000,1.000000,-0.600000,-0.600000,0.600000,0.600000,-0.600000,-0.600000,0.600000,-0.600000,-0.600000,-0.600000,-0.600000,-0.600000,-0.600000,-0.600000,-0.600000,0.600000,-0.600000,-0.867513,-0.726543,-0.600000,-0.600000,0.600000,-0.600000,-0.600000,-0.732330,-0.732330,-0.600000,0.600000,-0.600000,0.600000,0.600000,0.600000,0.600000,0.600000,-0.600000,-0.600000,-0.623769,0.600000,-0.600000,-0.600000,0.600000,0.600000,-0.600000,-0.600000,0.600000,-0.600000,0.600000,-0.600000,-0.600000,-0.600000,0.600000,-0.600000,-0.600000,0.600000,-0.600000,-0.600000,0.600000,-0.623769,-0.526366,-0.587948,0.600000,-0.600000,0.600000,-0.600000,-0.600000,-0.600000
26,-0.600000,0.600000,0.600000,-0.600000,1.000000,-0.600000,-0.600000,0.600000,0.600000,-0.600000,-0.600000,0.600000,-0.600000,-0.600000,-0.600000,-0.600000,-0.600000,-0.600000,-0.600000,-0.600000,0.600000,-0.600000,-0.870936,-0.732476,-0.600000,-0.600000,0.600000,-0.600000,-0.600000,-0.732330,-0.732330,-0.600000,0.600000,-0.600000,0.600000,0.600000,0.600000,0.600000,0.600000,-0.600000,-0.600000,-0.623769,0.600000,-0.600000,-0.600000,0.600000,0.600000,-0.600000,-0.600000,0.600000,-0.600000,0.600000,-0.600000,-0.600000,-0.600000,0.600000,-0.600000,-0.600000,0.600000,-0.600000,-0.600000,0.600000,-0.623769,-0.526366,-0.587948,0.600000,-0.600000,0.600000,-0.600000,-0.600000,-0.600000
27,-0.600000,0.600000,0.600000,-0.600000,1.000000,-0.600000,-0.600000,0.600000,0.600000,-0.600000,-0.600000,0.600000,-0.600000,-0.600000,-0.600000,-0.600000,-0.600000,-0.600000,-0.600000,-0.600000,0.600000,-0.600000,-0.876473,-0.738327,-0.600000,-0.600000,0.600000,-0.600000,-0.600000,-0.732330,-0.732330,-0.600000,0.600000,-0.600000,0.600000,0.600000,0.600000,0.600000,0.600000,-0.600000,-0.600000,-0.623769,0.600000,-0.600000,-0.600000,0.600000,0.600000,-0.600000,-0.600000,0.600000,-0.600000,0.600000,-0.600000,-0.600000,-0.600000,0.600000,-0.600000,-0.600000,0.600000,-0.600000,-0.600000,0.600000,-0.623769,-0.526366,-0.587948,0.600000,-0.600000,0.600000,-0.600000,-0.600000,-0.600000
28,-0.600000,0.600000,0.600000,-0.600000,1.000000,-0.600000,-0.600000,0.600000,0.600000,-0.600000,-0.600000,0.600000,-0.600000,-0.600000,-0.600000,-0.600000,-0.600000,-0.600000,-0.600000,-0.600000,0.600000,-0.600000,-0.879696,-0.744095,-0.600000,-0.600000,0.600000,-0.600000,-0.600000,-0.732330,-0.732330,-0.600000,0.600000,-0.600000,0.600000,0.600000,0.600000,0.600000,0.600000,-0.600000,-0.600000,-0.623769,0.600000,-0.600000,-0.600000,0.600000,0.600000,-0.600000,-0.600000,0.600000,-0.600000,0.600000,-0.600000,-0.600000,-0.600000,0.600000,-0.600000,-0.600000,0.600000,-0.600000,-0.600000,0.600000,-0.623769,-0.526366,-0.587948,0.600000,-0.600000,0.600000,-0.600000,-0.600000,-0.600000
29,-0.600000,0.600000,0.600000,-0.600000,1.000000,-0.600000,-0.600000,0.600000,0.600000,-0.600000,-0.600000,0.600000,-0.600000,-0.600000,-0.600000,-0.600000,-0.600000,-0.600000,-0.600000,-0.600000,0.600000,-0.600000,-0.883881,-0.751656,-0.600000,-0.600000,0.600000,-0.600000,-0.600000,-0.732330,-0.732330,-0.600000,0.600000,-0.600000,0.600000,0.600000,0.600000,0.600000,0.600000,-0.600000,-0.600000,-0.623769,0.600000,-0.600000,-0.600000,0.600000,0.600000,-0.600000,-0.600000,0.600000,-0.600000,0.600000,-0.600000,-0.600000,-0.600000,0.600000,-0.600000,-0.600000,0.600000,-0.600000,-0.600000,0.600000,-0.623769,-0.526366,-0.587948,0.600000,-0.600000,0.600000,-0.600000,-0.600000,-0.600000
30,-0.600000,0.600000,0.600000,-0.600000,1.000000,-0.600000,-0.600000,0.600000,0.600000,-0.600000,-0.600000,0.600000,-0.600000,-0.600000,-0.600000,-0.600000,-0.600000,-0.600000,-0.600000,-0.600000,0.600000,-0.600000,-0.887940,-0.757228,-0.600000,-0.600000,0.600000,-0.600000,-0.600000,-0.732330,-0.732330,-0.600000,0.600000,-0.600000,0.600000,0.600000,0.600000,0.600000,0.600000,-0.600000,-0.600000,-0.623769,0.600000,-0.600000,-0.600000,0.600000,0.600000,-0.600000,-0.600000,0.600000,-0.600000,0.600000,-0.600000,-0.600000,-0.600000,0.600000,-0.600000,-0.600000,0.600000,-0.600000,-0.600000,0.600000,-0.623769,-0.526366,-0.587948,0.600000,-0.600000,0.600000,-0.600000,-0.600000,-0.600000
31,-0.600000,0.600000,0.600000,-0.600000,1.000000,-0.600000,-0.600000,0.600000,0.600000,-0.600000,-0.600000,0.600000,-0.600000,-0.600000,-0.600000,-0.600000,-0.600000,-0.600000,-0.600000,-0.600000,0.600000,-0.600000,-0.890902,-0.762714,-0.600000,-0.600000,0.600000,-0.600000,-0.600000,-0.732330,-0.732330,-0.600000,0.600000,-0.600000,0.600000,0.600000,0.600000,0.600000,0.600000,-0.600000,-0.600000,-0.623769,0.600000,-0.600000,-0.600000,0.600000,0.600000,-0.600000,-0.600000,0.600000,-0.600000,0.600000,-0.600000,-0.600000,-0.600000,0.600000,-0.600000,-0.600000,0.600000,-0.600000,-0.600000,0.600000,-0.623769,-0.526366,-0.587948,0.600000,-0.600000,0.600000,-0.600000,-0.600000,-0.600000
32,-0.600000,0.600000,0.600000,-0.600000,1.000000,-0.600000,-0.600000,0.600000,0.600000,-0.600000,-0.600000,0.600000,-0.600000,-0.600000,-0.600000,-0.600000,-0.600000,-0.600000,-0.600000,-0.600000,0.600000,-0.600000,-0.896620,-0.768122,-0.600000,-0.600000,0.600000,-0.600000,-0.600000,-0.736241,-0.736241,-0.600000,0.600000,-0.600000,0.600000,0.600000,0.600000,0.600000,0.600000,-0.600000,-0.600000,-0.623769,0.600000,-0.600000,-0.600000,0.600000,0.600000,-0.600000,-0.600000,0.600000,-0.600000,0.600000,-0.600000,-0.600000,-0.600000,0.600000,-0.600000,-0.600000,0.600000,-0.600000,-0.600000,0.600000,-0.623769,-0.523872,-0.587948,0.600000,-0.600000,0.600000,-0.600000,-0.600000,-0.600000
33,-0.600000,0.600000,0.600000,-0.600000,1.000000,-0.600000,-0.600000,0.600000,0.600000,-0.600000,-0.600000,0.600000,-0.600000,-0.600000,-0.600000,-0.600000,-0.600000,-0.600000,-0.600000,-0.600000,0.600000,-0.600000,-0.901182,-0.773437,-0.600000,-0.600000,0.600000,-0.600000,-0.600000,-0.736241,-0.736241,-0.600000,0.600000,-0.600000,0.600000,0.600000,0.600000,0.600000,0.600000,-0.600000,-0.600000,-0.623769,0.600000,-0.600000,-0.600000,0.600000,0.600000,-0.600000,-0.600000,0.600000,-0.600000,0.600000,-0.600000,-0.600000,-0.600000,0.600000,-0.600000,-0.600000,0.600000,-0.600000,-0.600000,0.600000,-0.623769,-0.523872,-0.587948,0.600000,-0.600000,0.600000,-0.600000,-0.600000,-0.600000
34,-0.600000,0.600000,0.600000,-0.600000,1.000000,-0.600000,-0.600000,0.600000,0.600000,-0.600000,-0.600000,0.600000,-0.600000,-0.600000,-0.600000,-0.600000,-0.600000,-0.600000,-0.600000,-0.600000,0.600000,-0.600000,-0.906418,-0.782102,-0.600000,-0.600000,0.600000,-0.600000,-0.600000,-0.736241,-0.736241,-0.600000,0.600000,-0.600000,0.600000,0.600000,0.600000,0.600000,0.600000,-0.600000,-0.600000,-0.623769,0.600000,-0.600000,-0.600000,0.600000,0.600000,-0.600000,-0.600000,0.600000,-0.600000,0.600000,-0.600000,-0.600000,-0.600000,0.600000,-0.600000,-0.600000,0.600000,-0.600000,-0.600000,0.600000,-0.623769,-0.523872,-0.587948,0.600000,-0.600000,0.600000,-0.600000,-0.600000,-0.600000
35,-0.600000,0.600000,0.600000,-0.600000,1.000000,-0.600000,-0.600000,0.600000,0.600000,-0.600000,-0.600000,0.600000,-0.600000,-0.600000,-0.600000,-0.600000,-0.600000,-0.600000,-0.600000,-0.600000,0.600000,-0.600000,-0.908942,-0.787186,-0.600000,-0.600000,0.600000,-0.600000,-0.600000,-0.736241,-0.736241,-0.600000,0.600000,-0.600000,0.600000,0.600000,0.600000,0.600000,0.600000,-0.600000,-0.600000,-0.623769,0.600000,-0.600000,-0.600000,0.600000,0.600000,-0.600000,-0.600000,0.600000,-0.600000,0.600000,-0.600000,-0.600000,-0.600000,0.600000,-0.600000,-0.600000,0.600000,-0.600000,-0.600000,0.600000,-0.623769,-0.523872,-0.587948,0.600000,-0.600000,0.600000,-0.600000,-0.600000,-0.600000
36,-0.600000,0.600000,0.600000,-0.600000,1.000000,-0.600000,-0.600000,0.600000,0.600000,-0.600000,-0.600000,0.600000,-0.600000,-0.600000,-0.600000,-0.600000,-0.600000,-0.600000,-0.600000,-0.600000,0.600000,-0.600000,-0.913807,-0.793829,-0.600000,-0.600000,0.600000,-0.600000,-0.600000,-0.736241,-0.736241,-0.600000,0.600000,-0.600000,0.600000,0.600000,0.600000,0.600000,0.600000,-0.600000,-0.600000,-0.623769,0.600000,-0.600000,-0.600000,0.600000,0.600000,-0.600000,-0.600000,0.600000,-0.600000,0.600000,-0.600000,-0.600000,-0.600000,0.600000,-0.600000,-0.600000,0.600000,-0.600000,-0.600000,0.600000,-0.623769,-0.523872,-0.587948,0.600000,-0.600000,0.600000,-0.600000,-0.600000,-0.600000
37,-0.600000,0.600000,0.600000,-0.600000,1.000000,-0.600000,-0.600000,0.600000,0.600000,-0.600000,-0.600000,0.600000,-0.600000,-0.600000,-0.600000,-0.600000,-0.600000,-0.600000,-0.600000,-0.600000,0.600000,-0.600000,-0.917681,-0.797092,-0.600000,-0.600000,0.600000,-0.600000,-0.600000,-0.736241,-0.736241,-0.600000,0.600000,-0.600000,0.600000,0.600000,0.600000,0.600000,0.600000,-0.600000,-0.600000,-0.623769,0.600000,-0.600000,-0.600000,0.600000,0.600000,-0.600000,-0.600000,0.600000,-0.600000,0.600000,-0.600000,-0.600000,-0.600000,0.600000,-0.600000,-0.600000,0.600000,-0.600000,-0.600000,0.600000,-0.623769,-0.523872,-0.587948,0.600000,-0.600000,0.600000,-0.600000,-0.600000,-0.600000
38,-0.600000,0.600000,0.600000,-0.600000,1.000000,-0.600000,-0.600000,0.600000,0.600000,-0.600000,-0.600000,0.600000,-0.600000,-0.600000,-0.600000,-0.600000,-0.600000,-0.600000,-0.600000,-0.600000,0.600000,-0.600000,-0.919928,-0.801916,-0.600000,-0.600000,0.600000,-0.600000,-0.600000,-0.736241,-0.736241,-0.600000,0.600000,-0.600000,0.600000,0.600000,0.600000,0.600000,0.600000,-0.600000,-0.600000,-0.623769,0.600000,-0.600000,-0.600000,0.600000,0.600000,-0.600000,-0.600000,0.600000,-0.600000,0.600000,-0.600000,-0.600000,-0.600000,0.600000,-0.600000,-0.600000,0.600000,-0.600000,-0.600000,0.600000,-0.623769,-0.523872,-0.587948,0.600000,-0.600000,0.600000,-0.600000,-0.600000,-0.600000
39,-0.600000,0.600000,0.600000,-0.600000,1.000000,-0.600000,-0.600000,0.600000,0.600000,-0.600000,-0.600000,0.600000,-0.600000,-0.600000,-0.600000,-0.600000,-0.600000,-0.600000,-0.600000,-0.600000,0.600000,-0.600000,-0.923550,-0.805083,-0.600000,-0.600000,0.600000,-0.600000,-0.600000,-0.736241,-0.736241,-0.600000,0.600000,-0.600000,0.600000,0.600000,0.600000,0.600000,0.600000,-0.600000,-0.600000,-0.623769,0.600000,-0.600000,-0.600000,0.600000,0.600000,-0.600000,-0.600000,0.600000,-0.600000,0.600000,-0.600000,-0.600000,-0.600000,0.600000,-0.600000,-0.600000,0.600000,-0.600000,-0.600000,0.600000,-0.623769,-0.523872,-0.587948,0.600000,-0.600000,0.600000,-0.600000,-0.600000,-0.600000
40,-0.600000,0.600000,0.600000,-0.600000,1.000000,-0.600000,-0.600000,0.600000,0.600000,-0.600000,-0.600000,0.600000,-0.600000,-0.600000,-0.600000,-0.600000,-0.600000,-0.600000,-0.600000,-0.600000,0.600000,-0.600000,-0.927021,-0.808212,-0.600000,-0.600000,0.600000,-0.600000,-0.600000,-0.736241,-0.736241,-0.600000,0.600000,-0.600000,0.600000,0.600000,0.600000,0.600000,0.600000,-0.600000,-0.600000,-0.623769,0.600000,-0.600000,-0.600000,0.600000,0.600000,-0.600000,-0.600000,0.600000,-0.600000,0.600000,-0.600000,-0.600000,-0.600000,0.600000,-0.600000,-0.600000,0.600000,-0.600000,-0.600000,0.600000,-0.623769,-0.523872,-0.587948,0.600000,-0.600000,0.600000,-0.600000,-0.600000,-0.600000
41,-0.600000,0.600000,0.600000,-0.600000,1.000000,-0.600000,-0.600000,0.600000,0.600000,-0.600000,-0.600000,0.600000,-0.600000,-0.600000,-0.600000,-0.600000,-0.600000,-0.600000,-0.600000,-0.600000,0.600000,-0.600000,-0.930346,-0.812833,-0.600000,-0.600000,0.600000,-0.600000,-0.600000,-0.736241,-0.736241,-0.600000,0.600000,-0.600000,0.600000,0.600000,0.600000,0.600000,0.600000,-0.600000,-0.600000,-0.623769,0.600000,-0.600000,-0.600000,0.600000,0.600000,-0.600000,-0.600000,0.600000,-0.600000,0.600000,-0.600000,-0.600000,-0.600000,0.600000,-0.600000,-0.600000,0.600000,-0.600000,-0.600000,0.600000,-0.623769,-0.523872,-0.587948,0.600000,-0.600000,0.600000,-0.600000,-0.600000,-0.600000
42,-0.600000,0.600000,0.600000,-0.600000,1.000000,-0.600000,-0.600000,0.600000,0.600000,-0.600000,-0.600000,0.600000,-0.600000,-0.600000,-0.600000,-0.600000,-0.600000,-0.600000,-0.600000,-0.600000,0.600000,-0.600000,-0.932273,-0.817369,-0.600000,-0.600000,0.600000,-0.600000,-0.600000,-0.736241,-0.736241,-0.600000,0.600000,-0.600000,0.600000,0.600000,0.600000,0.600000,0.600000,-0.600000,-0.600000,-0.623769,0.600000,-0.600000,-0.600000,0.600000,0.600000,-0.600000,-0.600000,0.600000,-0.600000,0.600000,-0.600000,-0.600000,-0.600000,0.600000,-0.600000,-0.600000,0.600000,-0.600000,-0.600000,0.600000,-0.623769,-0.523872,-0.587948,0.600000,-0.600000,0.600000,-0.600000,-0.600000,-0.600000
43,-0.600000,0.600000,0.600000,-0.600000,1.000000,-0.600000,-0.600000,0.600000,0.600000,-0.600000,-0.600000,0.600000,-0.600000,-0.600000,-0.600000,-0.600000,-0.600000,-0.600000,-0.600000,-0.600000,0.600000,-0.600000,-0.935376,-0.819615,-0.600000,-0.600000,0.600000,-0.600000,-0.600000,-0.742039,-0.742039,-0.600000,0.600000,-0.600000,0.600000,0.600000,0.600000,0.600000,0.600000,-0.600000,-0.600000,-0.623769,0.600000,-0.600000,-0.600000,0.600000,0.600000,-0.600000,-0.600000,0.600000,-0.600000,0.600000,-0.600000,-0.600000,-0.600000,0.600000,-0.600000,-0.600000,0.600000,-0.600000,-0.600000,0.600000,-0.623769,-0.520130,-0.587948,0.600000,-0.600000,0.600000,-0.600000,-0.600000,-0.600000
44,-0.600000,0.600000,0.600000,-0.600000,1.000000,-0.600000,-0.600000,0.600000,0.600000,-0.600000,-0.600000,0.600000,-0.600000,-0.600000,-0.600000,-0.600000,-0.600000,-0.600000,-0.600000,-0.600000,0.600000,-0.600000,-0.940066,-0.824747,-0.600000,-0.600000,0.600000,-0.600000,-0.600000,-0.743953,-0.743953,-0.600000,0.600000,-0.600000,0.600000,0.600000,0.600000,0.600000,0.600000,-0.600000,-0.600000,-0.623769,0.600000,-0.600000,-0.600000,0.600000,0.600000,-0.600000,-0.600000,0.600000,-0.600000,0.600000,-0.600000,-0.600000,-0.600000,0.600000,-0.600000,-0.600000,0.600000,-0.600000,-0.600000,0.600000,-0.623769,-0.518882,-0.587948,0.600000,-0.600000,0.600000,-0.600000,-0.600000,-0.600000
45,-0.600000,0.600000,0.600000,-0.600000,1.000000,-0.600000,-0.600000,0.600000,0.600000,-0.600000,-0.600000,0.600000,-0.600000,-0.600000,-0.600000,-0.600000,-0.600000,-0.600000,-0.600000,-0.600000,0.600000,-0.600000,-0.942290,-0.821852,-0.600000,-0.600000,0.600000,-0.600000,-0.600000,-0.758930,-0.758930,-0.600000,0.600000,-0.600000,0.600000,0.600000,0.600000,0.600000,0.600000,-0.600000,-0.600000,-0.628457,0.600000,-0.600000,-0.600000,0.600000,0.600000,-0.600000,-0.600000,0.600000,-0.600000,0.600000,-0.600000,-0.600000,-0.600000,0.600000,-0.600000,-0.600000,0.600000,-0.600000,-0.600000,0.600000,-0.628457,-0.508891,-0.585524,0.600000,-0.600000,0.600000,-0.600000,-0.600000,-0.600000
46,-0.600000,0.600000,0.600000,-0.600000,1.000000,-0.600000,-0.600000,0.600000,0.600000,-0.600000,-0.600000,0.600000,-0.600000,-0.600000,-0.600000,-0.600000,-0.600000,-0.600000,-0.600000,-0.600000,0.600000,-0.600000,-0.944437,-0.822595,-0.600000,-0.600000,0.600000,-0.600000,-0.600000,-0.764390,-0.764390,-0.600000,0.600000,-0.600000,0.600000,0.600000,0.600000,0.600000,0.600000,-0.600000,-0.600000,-0.628457,0.600000,-0.600000,-0.600000,0.600000,0.600000,-0.600000,-0.600000,0.600000,-0.600000,0.600000,-0.600000,-0.600000,-0.600000,0.600000,-0.600000,-0.600000,0.600000,-0.600000,-0.600000,0.600000,-0.628457,-0.505142,-0.585524,0.600000,-0.600000,0.600000,-0.600000,-0.600000,-0.600000
47,-0.600000,0.600000,0.600000,-0.600000,1.000000,-0.600000,-0.600000,0.600000,0.600000,-0.600000,-0.600000,0.600000,-0.600000,-0.600000,-0.600000,-0.600000,-0.600000,-0.600000,-0.600000,-0.600000,0.600000,-0.600000,-0.946508,-0.824791,-0.600000,-0.600000,0.600000,-0.600000,-0.600000,-0.769764,-0.769764,-0.600000,0.600000,-0.600000,0.600000,0.600000,0.600000,0.600000,0.600000,-0.600000,-0.600000,-0.628457,0.600000,-0.600000,-0.600000,0.600000,0.600000,-0.600000,-0.600000,0.600000,-0.600000,0.600000,-0.600000,-0.600000,-0.600000,0.600000,-0.600000,-0.600000,0.600000,-0.600000,-0.600000,0.600000,-0.628457,-0.501392,-0.585524,0.600000,-0.600000,0.600000,-0.600000,-0.600000,-0.600000
48,-0.600000,0.600000,0.600000,-0.600000,1.000000,-0.600000,-0.600000,0.600000,0.600000,-0.600000,-0.600000,0.600000,-0.600000,-0.600000,-0.600000,-0.600000,-0.600000,-0.600000,-0.600000,-0.600000,0.600000,-0.600000,-0.948013,-0.829098,-0.600000,-0.600000,0.600000,-0.600000,-0.600000,-0.769764,-0.769764,-0.600000,0.600000,-0.600000,0.600000,0.600000,0.600000,0.600000,0.600000,-0.600000,-0.600000,-0.628457,0.600000,-0.600000,-0.600000,0.600000,0.600000,-0.600000,-0.600000,0.600000,-0.600000,0.600000,-0.600000,-0.600000,-0.600000,0.600000,-0.600000,-0.600000,0.600000,-0.600000,-0.600000,0.600000,-0.628457,-0.501392,-0.585524,0.600000,-0.600000,0.600000,-0.600000,-0.600000,-0.600000
49,-0.600000,0.600000,0.600000,-0.600000,1.000000,-0.600000,-0.600000,0.600000,0.600000,-0.600000,-0.600000,0.600000,-0.600000,-0.600000,-0.600000,-0.600000,-0.600000,-0.600000,-0.600000,-0.600000,0.600000,-0.600000,-0.950434,-0.830529,-0.600000,-0.600000,0.600000,-0.600000,-0.600000,-0.776796,-0.776796,-0.600000,0.600000,-0.600000,0.600000,0.600000,0.600000,0.600000,0.600000,-0.600000,-0.600000,-0.628457,0.600000,-0.600000,-0.600000,0.600000,0.600000,-0.600000,-0.600000,0.600000,-0.600000,0.600000,-0.600000,-0.600000,-0.600000,0.600000,-0.600000,-0.600000,0.600000,-0.600000,-0.600000,0.600000,-0.628457,-0.496392,-0.585524,0.600000,-0.600000,0.600000,-0.600000,-0.600000,-0.600000
50,-0.600000,0.600000,0.600000,-0.600000,1.000000,-0.600000,-0.600000,0.600000,0.600000,-0.600000,-0.600000,0.600000,-0.600000,-0.600000,-0.600000,-0.600000,-0.600000,-0.600000,-0.600000,-0.600000,0.600000,-0.600000,-0.951834,-0.834724,-0.600000,-0.600000,0.600000,-0.600000,-0.600000,-0.776796,-0.776796,-0.600000,0.600000,-0.600000,0.600000,0.600000,0.600000,0.600000,0.600000,-0.600000,-0.600000,-0.628457,0.600000,-0.600000,-0.600000,0.600000,0.600000,-0.600000,-0.600000,0.600000,-0.600000,0.600000,-0.600000,-0.600000,-0.600000,0.600000,-0.600000,-0.600000,0.600000,-0.600000,-0.600000,0.600000,-0.628457,-0.496392,-0.585524,0.600000,-0.600000,0.600000,-0.600000,-0.600000,-0.600000
51,-0.600000,0.600000,0.600000,-0.600000,1.000000,-0.600000,-0.600000,0.600000,0.600000,-0.600000,-0.600000,0.600000,-0.600000,-0.600000,-0.600000,-0.600000,-0.600000,-0.600000,-0.600000,-0.600000,0.600000,-0.600000,-0.954086,-0.837481,-0.600000,-0.600000,0.600000,-0.600000,-0.600000,-0.780254,-0.780254,-0.600000,0.600000,-0.600000,0.600000,0.600000,0.600000,0.600000,0.600000,-0.600000,-0.600000,-0.628457,0.600000,-0.600000,-0.600000,0.600000,0.600000,-0.600000,-0.600000,0.600000,-0.600000,0.600000,-0.600000,-0.600000,-0.600000,0.600000,-0.600000,-0.600000,0.600000,-0.600000,-0.600000,0.600000,-0.628457,-0.493892,-0.585524,0.600000,-0.600000,0.600000,-0.600000,-0.600000,-0.600000
52,-0.600000,0.600000,0.600000,-0.600000,1.000000,-0.600000,-0.600000,0.600000,0.600000,-0.600000,-0.600000,0.600000,-0.600000,-0.600000,-0.600000,-0.600000,-0.600000,-0.600000,-0.600000,-0.600000,0.600000,-0.600000,-0.955388,-0.841536,-0.600000,-0.600000,0.600000,-0.600000,-0.600000,-0.780254,-0.780254,-0.600000,0.600000,-0.600000,0.600000,0.600000,0.600000,0.600000,0.600000,-0.600000,-0.600000,-0.628457,0.600000,-0.600000,-0.600000,0.600000,0.600000,-0.600000,-0.600000,0.600000,-0.600000,0.600000,-0.600000,-0.600000,-0.600000,0.600000,-0.600000,-0.600000,0.600000,-0.600000,-0.600000,0.600000,-0.628457,-0.493892,-0.585524,0.600000,-0.600000,0.600000,-0.600000,-0.600000,-0.600000
53,-0.600000,0.600000,0.600000,-0.600000,1.000000,-0.600000,-0.600000,0.600000,0.600000,-0.600000,-0.600000,0.600000,-0.600000,-0.600000,-0.600000,-0.600000,-0.600000,-0.600000,-0.600000,-0.600000,0.600000,-0.600000,-0.956655,-0.845509,-0.600000,-0.600000,0.600000,-0.600000,-0.600000,-0.780254,-0.780254,-0.600000,0.600000,-0.600000,0.600000,0.600000,0.600000,0.600000,0.600000,-0.600000,-0.600000,-0.628457,0.600000,-0.600000,-0.600000,0.600000,0.600000,-0.600000,-0.600000,0.600000,-0.600000,0.600000,-0.600000,-0.600000,-0.600000,0.600000,-0.600000,-0.600000,0.600000,-0.600000,-0.600000,0.600000,-0.628457,-0.493892,-0.585524,0.600000,-0.600000,0.600000,-0.600000,-0.600000,-0.600000
54,-0.600000,0.600000,0.600000,-0.600000,1.000000,-0.600000,-0.600000,0.600000,0.600000,-0.600000,-0.600000,0.600000,-0.600000,-0.600000,-0.600000,-0.600000,-0.600000,-0.600000,-0.600000,-0.600000,0.600000,-0.600000,-0.958691,-0.847476,-0.600000,-0.600000,0.600000,-0.600000,-0.600000,-0.785368,-0.785368,-0.600000,0.600000,-0.600000,0.600000,0.600000,0.600000,0.600000,0.600000,-0.600000,-0.600000,-0.628457,0.600000,-0.600000,-0.600000,0.600000,0.600000,-0.600000,-0.600000,0.600000,-0.600000,0.600000,-0.600000,-0.600000,-0.600000,0.600000,-0.600000,-0.600000,0.600000,-0.600000,-0.600000,0.600000,-0.628457,-0.490143,-0.585524,0.600000,-0.600000,0.600000,-0.600000,-0.600000,-0.600000
55,-0.600000,0.600000,0.600000,-0.600000,1.000000,-0.600000,-0.600000,0.600000,0.600000,-0.600000,-0.600000,0.600000,-0.600000,-0.600000,-0.600000,-0.600000,-0.600000,-0.600000,-0.600000,-0.600000,0.600000,-0.600000,-0.961388,-0.851964,-0.600000,-0.600000,0.600000,-0.600000,-0.600000,-0.787054,-0.787054,-0.600000,0.600000,-0.600000,0.600000,0.600000,0.600000,0.600000,0.600000,-0.600000,-0.600000,-0.628457,0.600000,-0.600000,-0.600000,0.600000,0.600000,-0.600000,-0.600000,0.600000,-0.600000,0.600000,-0.600000,-0.600000,-0.600000,0.600000,-0.600000,-0.600000,0.600000,-0.600000,-0.600000,0.600000,-0.628457,-0.488893,-0.585524,0.600000,-0.600000,0.600000,-0.600000,-0.600000,-0.600000
56,-0.600000,0.600000,0.600000,-0.600000,1.000000,-0.600000,-0.600000,0.600000,0.600000,-0.600000,-0.600000,0.600000,-0.600000,-0.600000,-0.600000,-0.600000,-0.600000,-0.600000,-0.600000,-0.600000,0.600000,-0.600000,-0.962491,-0.853225,-0.600000,-0.600000,0.600000,-0.600000,-0.600000,-0.787054,-0.787054,-0.600000,0.600000,-0.600000,0.600000,0.600000,0.600000,0.600000,0.600000,-0.600000,-0.600000,-0.628457,0.600000,-0.600000,-0.600000,0.600000,0.600000,-0.600000,-0.600000,0.600000,-0.600000,0.600000,-0.600000,-0.600000,-0.600000,0.600000,-0.600000,-0.600000,0.600000,-0.600000,-0.600000,0.600000,-0.628457,-0.488893,-0.585524,0.600000,-0.600000,0.600000,-0.600000,-0.600000,-0.600000
57,-0.600000,0.600000,0.600000,-0.600000,1.000000,-0.600000,-0.600000,0.600000,0.600000,-0.600000,-0.600000,0.600000,-0.600000,-0.600000,-0.600000,-0.600000,-0.600000,-0.600000,-0.600000,-0.600000,0.600000,-0.600000,-0.964949,-0.855112,-0.600000,-0.600000,0.600000,-0.600000,-0.600000,-0.795338,-0.795338,-0.600000,0.600000,-0.600000,0.600000,0.600000,0.600000,0.600000,0.600000,-0.600000,-0.600000,-0.628457,0.600000,-0.600000,-0.600000,0.600000,0.600000,-0.600000,-0.600000,0.600000,-0.600000,0.600000,-0.600000,-0.600000,-0.600000,0.600000,-0.600000,-0.600000,0.600000,-0.600000,-0.600000,0.600000,-0.628457,-0.482648,-0.585524,0.600000,-0.600000,0.600000,-0.600000,-0.600000,-0.600000
58,-0.600000,0.600000,0.600000,-0.600000,1.000000,-0.600000,-0.600000,0.600000,0.600000,-0.600000,-0.600000,0.600000,-0.600000,-0.600000,-0.600000,-0.600000,-0.600000,-0.600000,-0.600000,-0.600000,0.600000,-0.600000,-0.966283,-0.855743,-0.600000,-0.600000,0.600000,-0.600000,-0.600000,-0.800192,-0.800192,-0.600000,0.600000,-0.600000,0.600000,0.600000,0.600000,0.600000,0.600000,-0.600000,-0.600000,-0.628457,0.600000,-0.600000,-0.600000,0.600000,0.600000,-0.600000,-0.600000,0.600000,-0.600000,0.600000,-0.600000,-0.600000,-0.600000,0.600000,-0.600000,-0.600000,0.600000,-0.600000,-0.600000,0.600000,-0.628457,-0.478903,-0.585524,0.600000,-0.600000,0.600000,-0.600000,-0.600000,-0.600000
59,-0.600000,0.600000,0.600000,-0.600000,1.000000,-0.600000,-0.600000,0.600000,0.600000,-0.600000,-0.600000,0.600000,-0.600000,-0.600000,-0.600000,-0.600000,-0.600000,-0.600000,-0.600000,-0.600000,0.600000,-0.600000,-0.970289,-0.859430,-0.600000,-0.600000,0.600000,-0.600000,-0.600000,-0.809641,-0.809641,-0.600000,0.600000,-0.600000,0.600000,0.600000,0.600000,0.600000,0.600000,-0.600000,-0.600000,-0.630792,0.600000,-0.600000,-0.600000,0.600000,0.600000,-0.600000,-0.600000,0.600000,-0.600000,0.600000,-0.600000,-0.600000,-0.600000,0.600000,-0.600000,-0.600000,0.600000,-0.600000,-0.600000,0.600000,-0.630792,-0.471421,-0.584311,0.600000,-0.600000,0.600000,-0.600000,-0.600000,-0.600000
60,-0.600000,0.600000,0.600000,-0.600000,1.000000,-0.600000,-0.600000,0.600000,0.600000,-0.600000,-0.600000,0.600000,-0.600000,-0.600000,-0.600000,-0.600000,-0.600000,-0.600000,-0.600000,-0.600000,0.600000,-0.600000,-0.971978,-0.861243,-0.600000,-0.600000,0.600000,-0.600000,-0.600000,-0.811182,-0.811182,-0.600000,0.600000,-0.600000,0.600000,0.600000,0.600000,0.600000,0.600000,-0.600000,-0.600000,-0.630792,0.600000,-0.600000,-0.600000,0.600000,0.600000,-0.600000,-0.600000,0.600000,-0.600000,0.600000,-0.600000,-0.600000,-0.600000,0.600000,-0.600000,-0.600000,0.600000,-0.600000,-0.600000,0.600000,-0.630792,-0.470175,-0.584311,0.600000,-0.600000,0.600000,-0.600000,-0.600000,-0.600000
61,-0.600000,0.600000,0.600000,-0.600000,1.000000,-0.600000,-0.600000,0.600000,0.600000,-0.600000,-0.600000,0.600000,-0.600000,-0.600000,-0.600000,-0.600000,-0.600000,-0.600000,-0.600000,-0.600000,0.600000,-0.600000,-0.974086,-0.860645,-0.600000,-0.600000,0.600000,-0.600000,-0.600000,-0.812714,-0.812714,-0.600000,0.600000,-0.600000,0.600000,0.600000,0.600000,0.600000,0.600000,-0.600000,-0.600000,-0.630792,0.600000,-0.600000,-0.600000,0.600000,0.600000,-0.600000,-0.600000,0.600000,-0.600000,0.600000,-0.600000,-0.600000,-0.600000,0.600000,-0.600000,-0.600000,0.600000,-0.600000,-0.600000,0.600000,-0.630792,-0.468930,-0.584311,0.600000,-0.600000,0.600000,-0.600000,-0.600000,-0.600000
62,-0.600000,0.600000,0.600000,-0.600000,1.000000,-0.600000,-0.600000,0.600000,0.600000,-0.600000,-0.600000,0.600000,-0.600000,-0.600000,-0.600000,-0.600000,-0.600000,-0.600000,-0.600000,-0.600000,0.600000,-0.600000,-0.975325,-0.861844,-0.600000,-0.600000,0.600000,-0.600000,-0.600000,-0.812714,-0.812714,-0.600000,0.600000,-0.600000,0.600000,0.600000,0.600000,0.600000,0.600000,-0.600000,-0.600000,-0.630792,0.600000,-0.600000,-0.600000,0.600000,0.600000,-0.600000,-0.600000,0.600000,-0.600000,0.600000,-0.600000,-0.600000,-0.600000,0.600000,-0.600000,-0.600000,0.600000,-0.600000,-0.600000,0.600000,-0.630792,-0.468930,-0.584311,0.600000,-0.600000,0.600000,-0.600000,-0.600000,-0.600000
63,-0.600000,0.600000,0.600000,-0.600000,1.000000,-0.600000,-0.600000,0.600000,0.600000,-0.600000,-0.600000,0.600000,-0.600000,-0.600000,-0.600000,-0.600000,-0.600000,-0.600000,-0.600000,-0.600000,0.600000,-0.600000,-0.976274,-0.863035,-0.600000,-0.600000,0.600000,-0.600000,-0.600000,-0.812714,-0.812714,-0.600000,0.600000,-0.600000,0.600000,0.600000,0.600000,0.600000,0.600000,-0.600000,-0.600000,-0.630792,0.600000,-0.600000,-0.600000,0.600000,0.600000,-0.600000,-0.600000,0.600000,-0.600000,0.600000,-0.600000,-0.600000,-0.600000,0.600000,-0.600000,-0.600000,0.600000,-0.600000,-0.600000,0.600000,-0.630792,-0.468930,-0.584311,0.600000,-0.600000,0.600000,-0.600000,-0.600000,-0.600000
64,-0.600000,0.600000,0.600000,-0.600000,1.000000,-0.600000,-0.600000,0.600000,0.600000,-0.600000,-0.600000,0.600000,-0.600000,-0.600000,-0.600000,-0.600000,-0.600000,-0.600000,-0.600000,-0.600000,0.600000,-0.600000,-0.977187,-0.863035,-0.600000,-0.600000,0.600000,-0.600000,-0.600000,-0.812714,-0.812714,-0.600000,0.600000,-0.600000,0.600000,0.600000,0.600000,0.600000,0.600000,-0.600000,-0.600000,-0.630792,0.600000,-0.600000,-0.600000,0.600000,0.600000,-0.600000,-0.600000,0.600000,-0.600000,0.600000,-0.600000,-0.600000,-0.600000,0.600000,-0.600000,-0.600000,0.600000,-0.600000,-0.600000,0.600000,-0.630792,-0.468930,-0.584311,0.600000,-0.600000,0.600000,-0.600000,-0.600000,-0.600000
65,-0.600000,0.600000,0.600000,-0.600000,1.000000,-0.600000,-0.600000,0.600000,0.600000,-0.600000,-0.600000,0.600000,-0.600000,-0.600000,-0.600000,-0.600000,-0.600000,-0.600000,-0.600000,-0.600000,0.600000,-0.600000,-0.979525,-0.868296,-0.600000,-0.600000,0.600000,-0.600000,-0.600000,-0.817251,-0.817251,-0.600000,0.600000,-0.600000,0.600000,0.600000,0.600000,0.600000,0.600000,-0.600000,-0.600000,-0.630792,0.600000,-0.600000,-0.600000,0.600000,0.600000,-0.600000,-0.600000,0.600000,-0.600000,0.600000,-0.600000,-0.600000,-0.600000,0.600000,-0.600000,-0.600000,0.600000,-0.600000,-0.600000,0.600000,-0.630792,-0.465195,-0.584311,0.600000,-0.600000,0.600000,-0.600000,-0.600000,-0.600000
66,-0.600000,0.600000,0.600000,-0.600000,1.000000,-0.600000,-0.600000,0.600000,0.600000,-0.600000,-0.600000,0.600000,-0.600000,-0.600000,-0.600000,-0.600000,-0.600000,-0.600000,-0.600000,-0.600000,0.600000,-0.600000,-0.980700,-0.870587,-0.600000,-0.600000,0.600000,-0.600000,-0.600000,-0.823168,-0.823168,-0.600000,0.600000,-0.600000,0.600000,0.600000,0.600000,0.600000,0.600000,-0.600000,-0.600000,-0.635443,0.600000,-0.600000,-0.600000,0.600000,0.600000,-0.600000,-0.600000,0.600000,-0.600000,0.600000,-0.600000,-0.600000,-0.600000,0.600000,-0.600000,-0.600000,0.600000,-0.600000,-0.600000,0.600000,-0.635443,-0.460222,-0.581881,0.600000,-0.600000,0.600000,-0.600000,-0.600000,-0.600000
67,-0.600000,0.600000,0.600000,-0.600000,1.000000,-0.600000,-0.600000,0.600000,0.600000,-0.600000,-0.600000,0.600000,-0.600000,-0.600000,-0.600000,-0.600000,-0.600000,-0.600000,-0.600000,-0.600000,0.600000,-0.600000,-0.981447,-0.870606,-0.600000,-0.600000,0.600000,-0.600000,-0.600000,-0.831761,-0.831761,-0.600000,0.600000,-0.600000,0.600000,0.600000,0.600000,0.600000,0.600000,-0.600000,-0.600000,-0.642374,0.600000,-0.600000,-0.600000,0.600000,0.600000,-0.600000,-0.600000,0.600000,-0.600000,0.600000,-0.600000,-0.600000,-0.600000,0.600000,-0.600000,-0.600000,0.600000,-0.600000,-0.600000,0.600000,-0.642374,-0.452778,-0.578228,0.600000,-0.600000,0.600000,-0.600000,-0.600000,-0.600000
68,-0.600000,0.600000,0.600000,-0.600000,1.000000,-0.600000,-0.600000,0.600000,0.600000,-0.600000,-0.600000,0.600000,-0.600000,-0.600000,-0.600000,-0.600000,-0.600000,-0.600000,-0.600000,-0.600000,0.600000,-0.600000,-0.982513,-0.872308,-0.600000,-0.600000,0.600000,-0.600000,-0.600000,-0.838665,-0.838665,-0.600000,0.600000,-0.600000,0.600000,0.600000,0.600000,0.600000,0.600000,-0.600000,-0.600000,-0.644671,0.600000,-0.600000,-0.600000,0.600000,0.600000,-0.600000,-0.600000,0.600000,-0.600000,0.600000,-0.600000,-0.600000,-0.600000,0.600000,-0.600000,-0.600000,0.600000,-0.600000,-0.600000,0.600000,-0.644671,-0.446589,-0.577009,0.600000,-0.600000,0.600000,-0.600000,-0.600000,-0.600000
69,-0.600000,0.600000,0.600000,-0.600000,1.000000,-0.600000,-0.600000,0.600000,0.600000,-0.600000,-0.600000,0.600000,-0.600000,-0.600000,-0.600000,-0.600000,-0.600000,-0.600000,-0.600000,-0.600000,0.600000,-0.600000,-0.983519,-0.872327,-0.600000,-0.600000,0.600000,-0.600000,-0.600000,-0.846646,-0.846646,-0.600000,0.600000,-0.600000,0.600000,0.600000,0.600000,0.600000,0.600000,-0.600000,-0.600000,-0.646962,0.600000,-0.600000,-0.600000,0.600000,0.600000,-0.600000,-0.600000,0.600000,-0.600000,0.600000,-0.600000,-0.600000,-0.600000,0.600000,-0.600000,-0.600000,0.600000,-0.600000,-0.600000,0.600000,-0.646962,-0.439185,-0.575789,0.600000,-0.600000,0.600000,-0.600000,-0.600000,-0.600000
70,-0.600000,0.600000,0.600000,-0.600000,1.000000,-0.600000,-0.600000,0.600000,0.600000,-0.600000,-0.600000,0.600000,-0.600000,-0.600000,-0.600000,-0.600000,-0.600000,-0.600000,-0.600000,-0.600000,0.600000,-0.600000,-0.984001,-0.870089,-0.600000,-0.600000,0.600000,-0.600000,-0.600000,-0.854302,-0.854302,-0.600000,0.600000,-0.600000,0.600000,0.600000,0.600000,0.600000,0.600000,-0.600000,-0.600000,-0.649246,0.600000,-0.600000,-0.600000,0.600000,0.600000,-0.600000,-0.600000,0.600000,-0.600000,0.600000,-0.600000,-0.600000,-0.600000,0.600000,-0.600000,-0.600000,0.600000,-0.600000,-0.600000,0.600000,-0.649246,-0.431808,-0.574567,0.600000,-0.600000,0.600000,-0.600000,-0.600000,-0.600000
71,-0.600000,0.600000,0.600000,-0.600000,1.000000,-0.600000,-0.600000,0.600000,0.600000,-0.600000,-0.600000,0.600000,-0.600000,-0.600000,-0.600000,-0.600000,-0.600000,-0.600000,-0.600000,-0.600000,0.600000,-0.600000,-0.984469,-0.871787,-0.600000,-0.600000,0.600000,-0.600000,-0.600000,-0.858009,-0.858009,-0.600000,0.600000,-0.600000,0.600000,0.600000,0.600000,0.600000,0.600000,-0.600000,-0.600000,-0.649246,0.600000,-0.600000,-0.600000,0.600000,0.600000,-0.600000,-0.600000,0.600000,-0.600000,0.600000,-0.600000,-0.600000,-0.600000,0.600000,-0.600000,-0.600000,0.600000,-0.600000,-0.600000,0.600000,-0.649246,-0.428130,-0.574567,0.600000,-0.600000,0.600000,-0.600000,-0.600000,-0.600000
72,-0.600000,0.600000,0.600000,-0.600000,1.000000,-0.600000,-0.600000,0.600000,0.600000,-0.600000,-0.600000,0.600000,-0.600000,-0.600000,-0.600000,-0.600000,-0.600000,-0.600000,-0.600000,-0.600000,0.600000,-0.600000,-0.985071,-0.872917,-0.600000,-0.600000,0.600000,-0.600000,-0.600000,-0.862830,-0.862830,-0.600000,0.600000,-0.600000,0.600000,0.600000,0.600000,0.600000,0.600000,-0.600000,-0.600000,-0.653794,0.600000,-0.600000,-0.600000,0.600000,0.600000,-0.600000,-0.600000,0.600000,-0.600000,0.600000,-0.600000,-0.600000,-0.600000,0.600000,-0.600000,-0.600000,0.600000,-0.600000,-0.600000,0.600000,-0.653794,-0.423239,-0.572122,0.600000,-0.600000,0.600000,-0.600000,-0.600000,-0.600000
73,-0.600000,0.600000,0.600000,-0.600000,1.000000,-0.600000,-0.600000,0.600000,0.600000,-0.600000,-0.600000,0.600000,-0.600000,-0.600000,-0.600000,-0.600000,-0.600000,-0.600000,-0.600000,-0.600000,0.600000,-0.600000,-0.985651,-0.874028,-0.600000,-0.600000,0.600000,-0.600000,-0.600000,-0.865189,-0.865189,-0.600000,0.600000,-0.600000,0.600000,0.600000,0.600000,0.600000,0.600000,-0.600000,-0.600000,-0.656057,0.600000,-0.600000,-0.600000,0.600000,0.600000,-0.600000,-0.600000,0.600000,-0.600000,0.600000,-0.600000,-0.600000,-0.600000,0.600000,-0.600000,-0.600000,0.600000,-0.600000,-0.600000,0.600000,-0.656057,-0.420799,-0.570898,0.600000,-0.600000,0.600000,-0.600000,-0.600000,-0.600000
74,-0.600000,0.600000,0.600000,-0.600000,1.000000,-0.600000,-0.600000,0.600000,0.600000,-0.600000,-0.600000,0.600000,-0.600000,-0.600000,-0.600000,-0.600000,-0.600000,-0.600000,-0.600000,-0.600000,0.600000,-0.600000,-0.986209,-0.874583,-0.600000,-0.600000,0.600000,-0.600000,-0.600000,-0.866355,-0.866355,-0.600000,0.600000,-0.600000,0.600000,0.600000,0.600000,0.600000,0.600000,-0.600000,-0.600000,-0.656057,0.600000,-0.600000,-0.600000,0.600000,0.600000,-0.600000,-0.600000,0.600000,-0.600000,0.600000,-0.600000,-0.600000,-0.600000,0.600000,-0.600000,-0.600000,0.600000,-0.600000,-0.600000,0.600000,-0.656057,-0.419580,-0.570898,0.600000,-0.600000,0.600000,-0.600000,-0.600000,-0.600000
75,-0.600000,0.600000,0.600000,-0.600000,1.000000,-0.600000,-0.600000,0.600000,0.600000,-0.600000,-0.600000,0.600000,-0.600000,-0.600000,-0.600000,-0.600000,-0.600000,-0.600000,-0.600000,-0.600000,0.600000,-0.600000,-0.986479,-0.870701,-0.600000,-0.600000,0.600000,-0.600000,-0.600000,-0.874283,-0.874283,-0.600000,0.600000,-0.600000,0.600000,0.600000,0.600000,0.600000,0.600000,-0.600000,-0.600000,-0.656057,0.600000,-0.600000,-0.600000,0.600000,0.600000,-0.600000,-0.600000,0.600000,-0.600000,0.600000,-0.600000,-0.600000,-0.600000,0.600000,-0.600000,-0.600000,0.600000,-0.600000,-0.600000,0.600000,-0.656057,-0.411078,-0.570898,0.600000,-0.600000,0.600000,-0.600000,-0.600000,-0.600000
76,-0.600000,0.600000,0.600000,-0.600000,1.000000,-0.600000,-0.600000,0.600000,0.600000,-0.600000,-0.600000,0.600000,-0.600000,-0.600000,-0.600000,-0.600000,-0.600000,-0.600000,-0.600000,-0.600000,0.600000,-0.600000,-0.987005,-0.874608,-0.600000,-0.600000,0.600000,-0.600000,-0.600000,-0.875382,-0.875382,-0.600000,0.600000,-0.600000,0.600000,0.600000,0.600000,0.600000,0.600000,-0.600000,-0.600000,-0.658314,0.600000,-0.600000,-0.600000,0.600000,0.600000,-0.600000,-0.600000,0.600000,-0.600000,0.600000,-0.600000,-0.600000,-0.600000,0.600000,-0.600000,-0.600000,0.600000,-0.600000,-0.600000,0.600000,-0.658314,-0.409867,-0.569673,0.600000,-0.600000,0.600000,-0.600000,-0.600000,-0.600000
77,-0.600000,0.600000,0.600000,-0.600000,1.000000,-0.600000,-0.600000,0.600000,0.600000,-0.600000,-0.600000,0.600000,-0.600000,-0.600000,-0.600000,-0.600000,-0.600000,-0.600000,-0.600000,-0.600000,0.600000,-0.600000,-0.987386,-0.877873,-0.600000,-0.600000,0.600000,-0.600000,-0.600000,-0.875382,-0.875382,-0.600000,0.600000,-0.600000,0.600000,0.600000,0.600000,0.600000,0.600000,-0.600000,-0.600000,-0.658314,0.600000,-0.600000,-0.600000,0.600000,0.600000,-0.600000,-0.600000,0.600000,-0.600000,0.600000,-0.600000,-0.600000,-0.600000,0.600000,-0.600000,-0.600000,0.600000,-0.600000,-0.600000,0.600000,-0.658314,-0.409867,-0.569673,0.600000,-0.600000,0.600000,-0.600000,-0.600000,-0.600000
78,-0.600000,0.600000,0.600000,-0.600000,1.000000,-0.600000,-0.600000,0.600000,0.600000,-0.600000,-0.600000,0.600000,-0.600000,-0.600000,-0.600000,-0.600000,-0.600000,-0.600000,-0.600000,-0.600000,0.600000,-0.600000,-0.987756,-0.881065,-0.600000,-0.600000,0.600000,-0.600000,-0.600000,-0.875382,-0.875382,-0.600000,0.600000,-0.600000,0.600000,0.600000,0.600000,0.600000,0.600000,-0.600000,-0.600000,-0.658314,0.600000,-0.600000,-0.600000,0.600000,0.600000,-0.600000,-0.600000,0.600000,-0.600000,0.600000,-0.600000,-0.600000,-0.600000,0.600000,-0.600000,-0.600000,0.600000,-0.600000,-0.600000,0.600000,-0.658314,-0.409867,-0.569673,0.600000,-0.600000,0.600000,-0.600000,-0.600000,-0.600000
79,-0.600000,0.600000,0.600000,-0.600000,1.000000,-0.600000,-0.600000,0.600000,0.600000,-0.600000,-0.600000,0.600000,-0.600000,-0.600000,-0.600000,-0.600000,-0.600000,-0.600000,-0.600000,-0.600000,0.600000,-0.600000,-0.988233,-0.883673,-0.600000,-0.600000,0.600000,-0.600000,-0.600000,-0.876473,-0.876473,-0.600000,0.600000,-0.600000,0.600000,0.600000,0.600000,0.600000,0.600000,-0.600000,-0.600000,-0.658314,0.600000,-0.600000,-0.600000,0.600000,0.600000,-0.600000,-0.600000,0.600000,-0.600000,0.600000,-0.600000,-0.600000,-0.600000,0.600000,-0.600000,-0.600000,0.600000,-0.600000,-0.600000,0.600000,-0.658314,-0.408658,-0.569673,0.600000,-0.600000,0.600000,-0.600000,-0.600000,-0.600000
80,-0.600000,0.600000,0.600000,-0.600000,1.000000,-0.600000,-0.600000,0.600000,0.600000,-0.600000,-0.600000,0.600000,-0.600000,-0.600000,-0.600000,-0.600000,-0.600000,-0.600000,-0.600000,-0.600000,0.600000,-0.600000,-0.988691,-0.885727,-0.600000,-0.600000,0.600000,-0.600000,-0.600000,-0.878630,-0.878630,-0.600000,0.600000,-0.600000,0.600000,0.600000,0.600000,0.600000,0.600000,-0.600000,-0.600000,-0.658314,0.600000,-0.600000,-0.600000,0.600000,0.600000,-0.600000,-0.600000,0.600000,-0.600000,0.600000,-0.600000,-0.600000,-0.600000,0.600000,-0.600000,-0.600000,0.600000,-0.600000,-0.600000,0.600000,-0.658314,-0.406242,-0.569673,0.600000,-0.600000,0.600000,-0.600000,-0.600000,-0.600000
81,-0.600000,0.600000,0.600000,-0.600000,1.000000,-0.600000,-0.600000,0.600000,0.600000,-0.600000,-0.600000,0.600000,-0.600000,-0.600000,-0.600000,-0.600000,-0.600000,-0.600000,-0.600000,-0.600000,0.600000,-0.600000,-0.989023,-0.888740,-0.600000,-0.600000,0.600000,-0.600000,-0.600000,-0.878630,-0.878630,-0.600000,0.600000,-0.600000,0.600000,0.600000,0.600000,0.600000,0.600000,-0.600000,-0.600000,-0.658314,0.600000,-0.600000,-0.600000,0.600000,0.600000,-0.600000,-0.600000,0.600000,-0.600000,0.600000,-0.600000,-0.600000,-0.600000,0.600000,-0.600000,-0.600000,0.600000,-0.600000,-0.600000,0.600000,-0.658314,-0.406242,-0.569673,0.600000,-0.600000,0.600000,-0.600000,-0.600000,-0.600000
82,-0.600000,0.600000,0.600000,-0.600000,1.000000,-0.600000,-0.600000,0.600000,0.600000,-0.600000,-0.600000,0.600000,-0.600000,-0.600000,-0.600000,-0.600000,-0.600000,-0.600000,-0.600000,-0.600000,0.600000,-0.600000,-0.989346,-0.891683,-0.600000,-0.600000,0.600000,-0.600000,-0.600000,-0.878630,-0.878630,-0.600000,0.600000,-0.600000,0.600000,0.600000,0.600000,0.600000,0.600000,-0.600000,-0.600000,-0.658314,0.600000,-0.600000,-0.600000,0.600000,0.600000,-0.600000,-0.600000,0.600000,-0.600000,0.600000,-0.600000,-0.600000,-0.600000,0.600000,-0.600000,-0.600000,0.600000,-0.600000,-0.600000,0.600000,-0.658314,-0.406242,-0.569673,0.600000,-0.600000,0.600000,-0.600000,-0.600000,-0.600000
83,-0.600000,0.600000,0.600000,-0.600000,1.000000,-0.600000,-0.600000,0.600000,0.600000,-0.600000,-0.600000,0.600000,-0.600000,-0.600000,-0.600000,-0.600000,-0.600000,-0.600000,-0.600000,-0.600000,0.600000,-0.600000,-0.989863,-0.893138,-0.600000,-0.600000,0.600000,-0.600000,-0.600000,-0.881805,-0.881805,-0.600000,0.600000,-0.600000,0.600000,0.600000,0.600000,0.600000,0.600000,-0.600000,-0.600000,-0.658314,0.600000,-0.600000,-0.600000,0.600000,0.600000,-0.600000,-0.600000,0.600000,-0.600000,0.600000,-0.600000,-0.600000,-0.600000,0.600000,-0.600000,-0.600000,0.600000,-0.600000,-0.600000,0.600000,-0.658314,-0.402628,-0.569673,0.600000,-0.600000,0.600000,-0.600000,-0.600000,-0.600000
84,-0.600000,0.600000,0.600000,-0.600000,1.000000,-0.600000,-0.600000,0.600000,0.600000,-0.600000,-0.600000,0.600000,-0.600000,-0.600000,-0.600000,-0.600000,-0.600000,-0.600000,-0.600000,-0.600000,0.600000,-0.600000,-0.990639,-0.896448,-0.600000,-0.600000,0.600000,-0.600000,-0.600000,-0.882847,-0.882847,-0.600000,0.600000,-0.600000,0.600000,0.600000,0.600000,0.600000,0.600000,-0.600000,-0.600000,-0.658314,0.600000,-0.600000,-0.600000,0.600000,0.600000,-0.600000,-0.600000,0.600000,-0.600000,0.600000,-0.600000,-0.600000,-0.600000,0.600000,-0.600000,-0.600000,0.600000,-0.600000,-0.600000,0.600000,-0.658314,-0.401425,-0.569673,0.600000,-0.600000,0.600000,-0.600000,-0.600000,-0.600000
85,-0.600000,0.600000,0.600000,-0.600000,1.000000,-0.600000,-0.600000,0.600000,0.600000,-0.600000,-0.600000,0.600000,-0.600000,-0.600000,-0.600000,-0.600000,-0.600000,-0.600000,-0.600000,-0.600000,0.600000,-0.600000,-0.991004,-0.892683,-0.600000,-0.600000,0.600000,-0.600000,-0.600000,-0.890902,-0.890902,-0.600000,0.600000,-0.600000,0.600000,0.600000,0.600000,0.600000,0.600000,-0.600000,-0.600000,-0.658314,0.600000,-0.600000,-0.600000,0.600000,0.600000,-0.600000,-0.600000,0.600000,-0.600000,0.600000,-0.600000,-0.600000,-0.600000,0.600000,-0.600000,-0.600000,0.600000,-0.600000,-0.600000,0.600000,-0.658314,-0.391848,-0.569673,0.600000,-0.600000,0.600000,-0.600000,-0.600000,-0.600000
86,-0.600000,0.600000,0.600000,-0.600000,1.000000,-0.600000,-0.600000,0.600000,0.600000,-0.600000,-0.600000,0.600000,-0.600000,-0.600000,-0.600000,-0.600000,-0.600000,-0.600000,-0.600000,-0.600000,0.600000,-0.600000,-0.991269,-0.889787,-0.600000,-0.600000,0.600000,-0.600000,-0.600000,-0.898467,-0.898467,-0.600000,0.600000,-0.600000,0.600000,0.600000,0.600000,0.600000,0.600000,-0.600000,-0.600000,-0.658314,0.600000,-0.600000,-0.600000,0.600000,0.600000,-0.600000,-0.600000,0.600000,-0.600000,0.600000,-0.600000,-0.600000,-0.600000,0.600000,-0.600000,-0.600000,0.600000,-0.600000,-0.600000,0.600000,-0.658314,-0.382353,-0.569673,0.600000,-0.600000,0.600000,-0.600000,-0.600000,-0.600000
