tick,food_sensed_N,food_sensed_E,food_sensed_S,food_sensed_W,movement,food_consumed,energy,manhattan_dist,decision_made,conn_0_1,conn_0_2,conn_0_3,conn_0_4,conn_0_5,conn_0_6,conn_0_7,conn_0_8,conn_0_10,conn_1_0,conn_1_1,conn_1_2,conn_1_3,conn_1_4,conn_1_5,conn_1_6,conn_1_7,conn_1_8,conn_1_9,conn_2_0,conn_2_1,conn_2_5,conn_2_8,conn_2_10,conn_3_0,conn_3_4,conn_3_6,conn_3_9,conn_4_0,conn_4_2,conn_4_3,conn_4_6,conn_4_7,conn_4_9,conn_4_10,conn_5_0,conn_5_1,conn_5_3,conn_5_6,conn_5_7,conn_5_9,conn_5_10,conn_6_1,conn_6_3,conn_6_5,conn_6_6,conn_6_8,conn_6_9,conn_6_10,conn_7_0,conn_7_1,conn_7_4,conn_7_8,conn_7_9,conn_7_10,conn_8_1,conn_8_2,conn_8_4,conn_8_7,conn_8_9,conn_9_1,conn_9_2,conn_9_3,conn_9_5,conn_9_6,conn_9_7,conn_9_9,conn_9_10,conn_10_0,conn_10_2,conn_10_5,conn_10_7
0,0,0,0,0,stay,0,30,0,0,-0.600000,-0.600000,-0.600000,0.600000,1.000000,-0.600000,-0.600000,-0.600000,0.600000,0.600000,0.600000,0.600000,-0.600000,0.600000,-0.600000,0.600000,0.600000,0.600000,-0.600000,-0.600000,-0.600000,-0.600000,-0.600000,-0.600000,-0.600000,-0.600000,-0.600000,-0.600000,0.600000,-0.600000,0.600000,-0.600000,0.600000,-0.600000,0.600000,-0.600000,0.600000,-0.600000,-0.600000,0.600000,-0.600000,-0.600000,-0.600000,-0.600000,0.600000,-0.600000,-0.600000,-0.600000,-0.600000,-0.600000,-0.600000,0.600000,0.600000,-0.600000,-0.600000,0.600000,-0.600000,-0.600000,-0.600000,-0.600000,0.600000,-0.600000,-0.600000,0.600000,0.600000,-0.600000,-0.600000,-0.600000,-0.600000,-0.600000,0.600000,-0.600000
1,0,0,0,1,stay,0,29,0,1,-0.600000,-0.600000,-0.609567,0.607182,1.000000,-0.598805,-0.609565,-0.600000,0.589158,0.600000,0.600000,0.600000,-0.607182,0.598800,-0.593988,0.598800,0.608377,0.592782,-0.600000,-0.592782,-0.592782,-0.600000,-0.592782,-0.616689,-0.604795,-0.600000,-0.600000,-0.598800,0.593988,-0.603596,0.593988,-0.604794,0.600000,-0.600000,0.601200,-0.600000,0.600000,-0.600000,-0.605989,0.600000,-0.600000,-0.586738,-0.600000,-0.613135,0.601200,-0.600000,-0.600000,-0.598800,-0.600000,-0.600000,-0.600000,0.596399,0.600000,-0.600000,-0.600000,0.592782,-0.597599,-0.609565,-0.597599,-0.597599,0.605988,-0.589158,-0.600000,0.593988,0.601200,-0.600000,-0.605988,-0.600000,-0.600000,-0.600000,0.600000,-0.600000
2,0,0,0,1,stay,0,28,0,1,-0.600000,-0.601200,-0.620230,0.614317,1.000000,-0.602410,-0.616685,-0.600000,0.578228,0.601200,0.600000,0.600000,-0.616685,0.595193,-0.583096,0.595193,0.617871,0.585524,-0.600000,-0.583096,-0.585524,-0.598800,-0.583096,-0.635431,-0.604799,-0.600000,-0.600000,-0.595193,0.583096,-0.613131,0.583096,-0.608382,0.600000,-0.600000,0.604793,-0.600000,0.600000,-0.600000,-0.611949,0.600000,-0.600000,-0.570899,-0.600000,-0.633113,0.604793,-0.600000,-0.600000,-0.595193,-0.600000,-0.601200,-0.600000,0.595196,0.600000,-0.600000,-0.600000,0.583096,-0.596396,-0.616685,-0.596396,-0.596396,0.616685,-0.577009,-0.600000,0.585524,0.604793,-0.600000,-0.616685,-0.600000,-0.600000,-0.600000,0.600000,-0.600000
3,0,1,0,0,E,0,26,1,1,-0.600000,-0.611944,-0.633106,0.623756,1.000000,-0.602417,-0.627272,-0.600000,0.563536,0.611944,0.600000,0.600000,-0.627272,0.591575,-0.573345,0.591575,0.630781,0.575789,-0.600000,-0.572122,-0.575789,-0.590368,-0.572122,-0.659418,-0.609576,-0.600000,-0.600000,-0.591575,0.573345,-0.620228,0.573345,-0.610771,0.600000,-0.600000,0.608374,-0.600000,0.600000,-0.600000,-0.619057,0.600000,-0.600000,-0.549970,-0.600000,-0.652643,0.608374,-0.600000,-0.600000,-0.593990,-0.600000,-0.611944,-0.600000,0.596406,0.600000,-0.600000,-0.600000,0.572122,-0.593988,-0.627272,-0.591575,-0.593988,0.626101,-0.551207,-0.600000,0.574567,0.610755,-0.600000,-0.626101,-0.600000,-0.600000,-0.600000,0.600000,-0.600000
4,1,0,0,0,N,0,24,2,1,-0.600000,-0.611944,-0.649223,0.627272,1.000000,-0.607203,-0.638893,-0.600000,0.551205,0.611944,0.600000,0.600000,-0.641199,0.591575,-0.564765,0.591575,0.637746,0.572122,-0.600000,-0.557380,-0.572122,-0.591578,-0.557380,-0.674978,-0.613143,-0.600000,-0.600000,-0.591575,0.564765,-0.626103,0.564765,-0.613148,0.600000,-0.600000,0.608374,-0.600000,0.600000,-0.600000,-0.633111,0.600000,-0.600000,-0.541295,-0.600000,-0.673885,0.608374,-0.600000,-0.600000,-0.595196,-0.600000,-0.611944,-0.600000,0.597614,0.600000,-0.600000,-0.600000,0.557380,-0.591575,-0.638893,-0.587948,-0.591575,0.634263,-0.538812,-0.600000,0.569673,0.611944,-0.600000,-0.634263,-0.600000,-0.600000,-0.600000,0.600000,-0.600000
5,0,1,0,0,S,0,22,1,1,-0.600000,-0.616685,-0.660534,0.634263,1.000000,-0.608404,-0.650355,-0.600000,0.535081,0.616685,0.600000,0.600000,-0.651492,0.587948,-0.556146,0.587948,0.644653,0.564765,-0.600000,-0.546254,-0.564765,-0.589161,-0.546254,-0.694423,-0.620244,-0.600000,-0.600000,-0.587948,0.556146,-0.633105,0.556146,-0.616709,0.600000,-0.600000,0.611944,-0.600000,0.600000,-0.600000,-0.640060,0.600000,-0.600000,-0.527614,-0.600000,-0.691235,0.611944,-0.600000,-0.600000,-0.593994,-0.600000,-0.616685,-0.600000,0.594004,0.600000,-0.600000,-0.600000,0.546254,-0.590367,-0.650355,-0.584311,-0.590367,0.642349,-0.517637,-0.600000,0.563536,0.617867,-0.600000,-0.642349,-0.600000,-0.600000,-0.600000,0.600000,-0.600000
6,0,1,0,0,stay,0,21,1,1,-0.600000,-0.626101,-0.667235,0.638893,1.000000,-0.609600,-0.661646,-0.600000,0.521378,0.626101,0.600000,0.600000,-0.657151,0.586737,-0.549968,0.586737,0.650363,0.559845,-0.600000,-0.540052,-0.559845,-0.579450,-0.540052,-0.710122,-0.627294,-0.600000,-0.600000,-0.586737,0.549968,-0.637742,0.549968,-0.619076,0.600000,-0.600000,0.613131,-0.600000,0.600000,-0.600000,-0.644660,0.600000,-0.600000,-0.517636,-0.600000,-0.701818,0.613131,-0.600000,-0.600000,-0.592788,-0.600000,-0.626101,-0.600000,0.592801,0.600000,-0.600000,-0.600000,0.540052,-0.589158,-0.661646,-0.583096,-0.589158,0.648076,-0.493896,-0.600000,0.558612,0.619048,-0.600000,-0.648076,-0.600000,-0.600000,-0.600000,0.600000,-0.600000
7,0,0,0,0,E,0,19,2,1,-0.600000,-0.627272,-0.686935,0.650355,1.000000,-0.607225,-0.681509,-0.600000,0.498892,0.627272,0.600000,0.600000,-0.669443,0.586737,-0.540052,0.586737,0.666126,0.547493,-0.600000,-0.526366,-0.547493,-0.580670,-0.526366,-0.735200,-0.638918,-0.600000,-0.600000,-0.586737,0.540052,-0.638904,0.540052,-0.619081,0.600000,-0.600000,0.613131,-0.600000,0.600000,-0.600000,-0.657166,0.600000,-0.600000,-0.496394,-0.600000,-0.721341,0.613131,-0.600000,-0.600000,-0.595201,-0.600000,-0.627272,-0.600000,0.597632,0.600000,-0.600000,-0.600000,0.526366,-0.580664,-0.681509,-0.572124,-0.580664,0.657151,-0.470179,-0.600000,0.549968,0.621405,-0.600000,-0.657151,-0.600000,-0.600000,-0.600000,0.600000,-0.600000
8,0,0,1,0,N,0,17,3,1,-0.600000,-0.628441,-0.696540,0.658277,1.000000,-0.604845,-0.685838,-0.600000,0.487644,0.628441,0.600000,0.600000,-0.676053,0.580664,-0.533837,0.580664,0.674971,0.538810,-0.600000,-0.518882,-0.538810,-0.580671,-0.518882,-0.748625,-0.643528,-0.600000,-0.600000,-0.580664,0.533837,-0.641213,0.533837,-0.616726,0.600000,-0.600000,0.619048,-0.600000,0.600000,-0.600000,-0.658298,0.600000,-0.600000,-0.481402,-0.600000,-0.732280,0.619048,-0.600000,-0.600000,-0.590376,-0.600000,-0.628441,-0.600000,0.601238,0.600000,-0.600000,-0.600000,0.518882,-0.577009,-0.685838,-0.567223,-0.577009,0.662766,-0.457741,-0.600000,0.543775,0.628441,-0.600000,-0.662766,-0.600000,-0.600000,-0.600000,0.600000,-0.600000
9,0,0,0,0,S,0,15,2,1,-0.600000,-0.629608,-0.711150,0.669443,1.000000,-0.598863,-0.698632,-0.600000,0.472667,0.629608,0.600000,0.600000,-0.683678,0.580664,-0.527612,0.580664,0.691227,0.526366,-0.600000,-0.510140,-0.526366,-0.580671,-0.510140,-0.767006,-0.651526,-0.600000,-0.600000,-0.580664,0.527612,-0.638914,0.527612,-0.615549,0.600000,-0.600000,0.619048,-0.600000,0.600000,-0.600000,-0.666133,0.600000,-0.600000,-0.458982,-0.600000,-0.743896,0.619048,-0.600000,-0.600000,-0.591586,-0.600000,-0.629608,-0.600000,0.608417,0.600000,-0.600000,-0.600000,0.510140,-0.568448,-0.698632,-0.557382,-0.568448,0.668335,-0.441653,-0.600000,0.533837,0.629608,-0.600000,-0.668335,-0.600000,-0.600000,-0.600000,0.600000,-0.600000
10,0,0,0,0,stay,1,29,2,1,-0.600000,-0.631939,-0.716264,0.677148,1.000000,-0.597669,-0.705957,-0.600000,0.462708,0.631939,0.600000,0.600000,-0.689064,0.579447,-0.520130,0.579447,0.696542,0.517634,-0.600000,-0.503892,-0.517634,-0.579454,-0.503892,-0.778440,-0.653802,-0.600000,-0.600000,-0.579447,0.520130,-0.645810,0.520130,-0.613187,0.600000,-0.600000,0.620227,-0.600000,0.600000,-0.600000,-0.670571,0.600000,-0.600000,-0.444120,-0.600000,-0.754248,0.620227,-0.600000,-0.600000,-0.591587,-0.600000,-0.631939,-0.600000,0.608419,0.600000,-0.600000,-0.600000,0.503892,-0.568448,-0.705957,-0.556149,-0.568448,0.674957,-0.429357,-0.600000,0.527612,0.631939,-0.600000,-0.674957,-0.600000,-0.600000,-0.600000,0.600000,-0.600000
11,0,0,0,0,stay,0,28,2,1,-0.600000,-0.633102,-0.730290,0.685838,1.000000,-0.598879,-0.725305,-0.600000,0.439185,0.633102,0.600000,0.600000,-0.702830,0.579447,-0.508891,0.579447,0.702852,0.507641,-0.600000,-0.487644,-0.507641,-0.580674,-0.487644,-0.798484,-0.665043,-0.600000,-0.600000,-0.579447,0.508891,-0.654914,0.508891,-0.614381,0.600000,-0.600000,0.620227,-0.600000,0.600000,-0.600000,-0.684780,0.600000,-0.600000,-0.428131,-0.600000,-0.774098,0.620227,-0.600000,-0.600000,-0.594002,-0.600000,-0.633102,-0.600000,0.604846,0.600000,-0.600000,-0.600000,0.487644,-0.567221,-0.725305,-0.552444,-0.567221,0.684759,-0.405037,-0.600000,0.521378,0.634263,-0.600000,-0.684759,-0.600000,-0.600000,-0.600000,0.600000,-0.600000
12,0,0,0,0,stay,0,27,2,1,-0.600000,-0.634263,-0.741957,0.695461,1.000000,-0.600089,-0.740971,-0.600000,0.417146,0.634263,0.600000,0.600000,-0.714200,0.577009,-0.496392,0.577009,0.714221,0.496392,-0.600000,-0.473914,-0.496392,-0.580675,-0.473914,-0.820124,-0.673907,-0.600000,-0.600000,-0.577009,0.496392,-0.665022,0.496392,-0.616760,0.600000,-0.600000,0.622581,-0.600000,0.600000,-0.600000,-0.694423,0.600000,-0.600000,-0.405037,-0.600000,-0.791959,0.622581,-0.600000,-0.600000,-0.592797,-0.600000,-0.634263,-0.600000,0.604849,0.600000,-0.600000,-0.600000,0.473914,-0.565994,-0.740971,-0.549971,-0.565994,0.695461,-0.382353,-0.600000,0.508891,0.637738,-0.600000,-0.695461,-0.600000,-0.600000,-0.600000,0.600000,-0.600000
13,0,0,1,0,E,0,25,3,1,-0.600000,-0.634263,-0.750488,0.703875,1.000000,-0.600098,-0.748584,-0.600000,0.397824,0.634263,0.600000,0.600000,-0.722303,0.567221,-0.486395,0.567221,0.720311,0.486395,-0.600000,-0.463951,-0.486395,-0.583108,-0.463951,-0.835132,-0.682647,-0.600000,-0.600000,-0.567221,0.486395,-0.672782,0.486395,-0.614403,0.600000,-0.600000,0.631939,-0.600000,0.600000,-0.600000,-0.694438,0.600000,-0.600000,-0.389466,-0.600000,-0.804858,0.631939,-0.600000,-0.600000,-0.585541,-0.600000,-0.634263,-0.600000,0.604853,0.600000,-0.600000,-0.600000,0.463951,-0.564765,-0.748584,-0.546257,-0.564765,0.703875,-0.363634,-0.600000,0.502642,0.649216,-0.600000,-0.703875,-0.600000,-0.600000,-0.600000,0.600000,-0.600000
14,0,0,1,0,stay,0,24,3,1,-0.600000,-0.634263,-0.761573,0.711125,1.000000,-0.596500,-0.758806,-0.600000,0.379992,0.634263,0.600000,0.600000,-0.732231,0.562307,-0.481400,0.562307,0.724329,0.477656,-0.600000,-0.451539,-0.477656,-0.585538,-0.451539,-0.846528,-0.694454,-0.600000,-0.600000,-0.562307,0.481400,-0.674983,0.481400,-0.612038,0.600000,-0.600000,0.636581,-0.600000,0.600000,-0.600000,-0.700774,0.600000,-0.600000,-0.378815,-0.600000,-0.815642,0.636581,-0.600000,-0.600000,-0.583115,-0.600000,-0.634263,-0.600000,0.603662,0.600000,-0.600000,-0.600000,0.451539,-0.562307,-0.758806,-0.541296,-0.562307,0.708031,-0.346450,-0.600000,0.500142,0.656023,-0.600000,-0.708031,-0.600000,-0.600000,-0.600000,0.600000,-0.600000
15,0,0,1,0,stay,0,23,3,1,-0.600000,-0.634263,-0.771429,0.720290,1.000000,-0.596508,-0.766062,-0.600000,0.357865,0.634263,0.600000,0.600000,-0.742888,0.548731,-0.470175,0.548731,0.733234,0.466440,-0.600000,-0.437954,-0.466440,-0.585538,-0.437954,-0.863892,-0.704973,-0.600000,-0.600000,-0.548731,0.470175,-0.684785,0.470175,-0.610861,0.600000,-0.600000,0.649216,-0.600000,0.600000,-0.600000,-0.700793,0.600000,-0.600000,-0.357864,-0.600000,-0.830232,0.649216,-0.600000,-0.600000,-0.569692,-0.600000,-0.634263,-0.600000,0.604859,0.600000,-0.600000,-0.600000,0.437954,-0.562307,-0.766062,-0.541296,-0.562307,0.717255,-0.325248,-0.600000,0.488893,0.668335,-0.600000,-0.717255,-0.600000,-0.600000,-0.600000,0.600000,-0.600000
16,0,0,0,0,S,0,21,4,1,-0.600000,-0.634263,-0.786094,0.731248,1.000000,-0.594110,-0.780969,-0.600000,0.337443,0.634263,0.600000,0.600000,-0.753265,0.547493,-0.458980,0.547493,0.748610,0.452778,-0.600000,-0.424460,-0.452778,-0.585538,-0.424460,-0.879573,-0.714261,-0.600000,-0.600000,-0.547493,0.458980,-0.688023,0.458980,-0.609679,0.600000,-0.600000,0.650355,-0.600000,0.600000,-0.600000,-0.711184,0.600000,-0.600000,-0.334087,-0.600000,-0.843898,0.650355,-0.600000,-0.600000,-0.568467,-0.600000,-0.634263,-0.600000,0.612016,0.600000,-0.600000,-0.600000,0.424460,-0.554912,-0.780969,-0.533840,-0.554912,0.726301,-0.305797,-0.600000,0.476408,0.669443,-0.600000,-0.726301,-0.600000,-0.600000,-0.600000,0.600000,-0.600000
17,0,0,0,1,E,0,19,5,1,-0.600000,-0.634263,-0.796027,0.740971,1.000000,-0.591704,-0.797617,-0.600000,0.313285,0.634263,0.600000,0.600000,-0.762452,0.545015,-0.449063,0.545015,0.759751,0.440417,-0.600000,-0.412289,-0.440417,-0.586752,-0.412289,-0.895565,-0.728346,-0.600000,-0.600000,-0.545015,0.449063,-0.694434,0.449063,-0.617983,0.600000,-0.600000,0.652627,-0.600000,0.600000,-0.600000,-0.719343,0.600000,-0.600000,-0.312196,-0.600000,-0.855413,0.652627,-0.600000,-0.600000,-0.567241,-0.600000,-0.634263,-0.600000,0.606072,0.600000,-0.600000,-0.600000,0.412289,-0.552441,-0.797617,-0.530106,-0.552441,0.734189,-0.282934,-0.600000,0.463951,0.672757,-0.600000,-0.734189,-0.600000,-0.600000,-0.600000,0.600000,-0.600000
18,0,0,0,0,E,0,17,6,1,-0.600000,-0.634263,-0.804037,0.750463,1.000000,-0.588083,-0.812542,-0.600000,0.292162,0.634263,0.600000,0.600000,-0.771400,0.543775,-0.440417,0.543775,0.766089,0.428130,-0.600000,-0.400224,-0.428130,-0.587964,-0.400224,-0.907569,-0.741034,-0.600000,-0.600000,-0.543775,0.440417,-0.701817,0.440417,-0.614446,0.600000,-0.600000,0.653761,-0.600000,0.600000,-0.600000,-0.728350,0.600000,-0.600000,-0.294224,-0.600000,-0.865629,0.653761,-0.600000,-0.600000,-0.567242,-0.600000,-0.634263,-0.600000,0.606075,0.600000,-0.600000,-0.600000,0.400224,-0.552441,-0.812542,-0.528860,-0.552441,0.740971,-0.263071,-0.600000,0.455257,0.674957,-0.600000,-0.740971,-0.600000,-0.600000,-0.600000,0.600000,-0.600000
19,1,0,1,0,E,0,15,7,1,-0.600000,-0.634263,-0.813337,0.754195,1.000000,-0.590508,-0.817076,-0.600000,0.281920,0.634263,0.600000,0.600000,-0.780109,0.538810,-0.433035,0.538810,0.773195,0.423239,-0.600000,-0.388277,-0.423239,-0.590386,-0.388277,-0.914086,-0.744863,-0.600000,-0.600000,-0.538810,0.433035,-0.705992,0.433035,-0.616816,0.600000,-0.600000,0.658277,-0.600000,0.600000,-0.600000,-0.734251,0.600000,-0.600000,-0.283936,-0.600000,-0.874692,0.658277,-0.600000,-0.600000,-0.564788,-0.600000,-0.634263,-0.600000,0.608469,0.600000,-0.600000,-0.600000,0.388277,-0.549968,-0.817076,-0.523875,-0.549968,0.746695,-0.253482,-0.600000,0.447826,0.681509,-0.600000,-0.746695,-0.600000,-0.600000,-0.600000,0.600000,-0.600000
20,0,1,0,0,S,0,13,8,1,-0.600000,-0.637738,-0.822294,0.760633,1.000000,-0.584455,-0.824443,-0.600000,0.271898,0.637738,0.600000,0.600000,-0.785219,0.538810,-0.430581,0.538810,0.781002,0.414715,-0.600000,-0.381172,-0.414715,-0.587966,-0.381172,-0.919067,-0.752403,-0.600000,-0.600000,-0.538810,0.430581,-0.701830,0.430581,-0.618000,0.600000,-0.600000,0.658277,-0.600000,0.600000,-0.600000,-0.740071,0.600000,-0.600000,-0.273868,-0.600000,-0.879021,0.658277,-0.600000,-0.600000,-0.566017,-0.600000,-0.637738,-0.600000,0.609664,0.600000,-0.600000,-0.600000,0.381172,-0.542534,-0.824443,-0.515140,-0.542534,0.748584,-0.241360,-0.600000,0.444119,0.682594,-0.600000,-0.748584,-0.600000,-0.600000,-0.600000,0.600000,-0.600000
21,0,1,0,0,stay,1,29,8,1,-0.600000,-0.652627,-0.825203,0.763357,1.000000,-0.583242,-0.831574,-0.600000,0.262102,0.652627,0.600000,0.600000,-0.788578,0.538810,-0.428130,0.538810,0.784409,0.411078,-0.600000,-0.376463,-0.411078,-0.572141,-0.376463,-0.924135,-0.759794,-0.600000,-0.600000,-0.538810,0.428130,-0.703921,0.428130,-0.619185,0.600000,-0.600000,0.658277,-0.600000,0.600000,-0.600000,-0.743904,0.600000,-0.600000,-0.266955,-0.600000,-0.882181,0.658277,-0.600000,-0.600000,-0.566017,-0.600000,-0.652627,-0.600000,0.609664,0.600000,-0.600000,-0.600000,0.376463,-0.542534,-0.831574,-0.515140,-0.542534,0.750463,-0.220890,-0.600000,0.439185,0.682594,-0.600000,-0.750463,-0.600000,-0.600000,-0.600000,0.600000,-0.600000
22,1,0,0,0,N,0,27,7,1,-0.600000,-0.654892,-0.833708,0.765161,1.000000,-0.583244,-0.837111,-0.600000,0.254430,0.654892,0.600000,0.600000,-0.796806,0.538810,-0.425683,0.538810,0.791110,0.408658,-0.600000,-0.364793,-0.408658,-0.573366,-0.364793,-0.928918,-0.765238,-0.600000,-0.600000,-0.538810,0.425683,-0.703925,0.425683,-0.622718,0.600000,-0.600000,0.658277,-0.600000,0.600000,-0.600000,-0.753324,0.600000,-0.600000,-0.259191,-0.600000,-0.888291,0.658277,-0.600000,-0.600000,-0.569699,-0.600000,-0.654892,-0.600000,0.613239,0.600000,-0.600000,-0.600000,0.364793,-0.540052,-0.837111,-0.508894,-0.540052,0.752334,-0.212392,-0.600000,0.431808,0.685838,-0.600000,-0.752334,-0.600000,-0.600000,-0.600000,0.600000,-0.600000
23,0,0,1,0,E,0,25,8,1,-0.600000,-0.654892,-0.842542,0.771400,1.000000,-0.579597,-0.843167,-0.600000,0.241365,0.654892,0.600000,0.600000,-0.804793,0.532593,-0.420799,0.532593,0.796849,0.400224,-0.600000,-0.353279,-0.400224,-0.578252,-0.353279,-0.934653,-0.774120,-0.600000,-0.600000,-0.532593,0.420799,-0.704973,0.420799,-0.621549,0.600000,-0.600000,0.663883,-0.600000,0.600000,-0.600000,-0.757954,0.600000,-0.600000,-0.248756,-0.600000,-0.895065,0.663883,-0.600000,-0.600000,-0.568477,-0.600000,-0.654892,-0.600000,0.614436,0.600000,-0.600000,-0.600000,0.353279,-0.536324,-0.843167,-0.500145,-0.536324,0.756046,-0.200901,-0.600000,0.426906,0.695461,-0.600000,-0.756046,-0.600000,-0.600000,-0.600000,0.600000,-0.600000
24,0,0,0,1,N,0,23,7,1,-0.600000,-0.654892,-0.847785,0.780109,1.000000,-0.572276,-0.851586,-0.600000,0.227882,0.654892,0.600000,0.600000,-0.809470,0.530103,-0.415930,0.530103,0.804051,0.388277,-0.600000,-0.346450,-0.388277,-0.579472,-0.346450,-0.941081,-0.783605,-0.600000,-0.600000,-0.530103,0.415930,-0.707055,0.415930,-0.623904,0.600000,-0.600000,0.666113,-0.600000,0.600000,-0.600000,-0.761613,0.600000,-0.600000,-0.233184,-0.600000,-0.899680,0.666113,-0.600000,-0.600000,-0.567251,-0.600000,-0.654892,-0.600000,0.610884,0.600000,-0.600000,-0.600000,0.346450,-0.533837,-0.851586,-0.496395,-0.533837,0.759721,-0.189112,-0.600000,0.418362,0.698632,-0.600000,-0.759721,-0.600000,-0.600000,-0.600000,0.600000,-0.600000
25,0,0,0,1,stay,0,22,7,1,-0.600000,-0.654892,-0.854759,0.788578,1.000000,-0.572283,-0.864981,-0.600000,0.209082,0.654892,0.600000,0.600000,-0.817821,0.530103,-0.403831,0.530103,0.812585,0.376463,-0.600000,-0.334095,-0.376463,-0.579472,-0.334095,-0.949620,-0.793620,-0.600000,-0.600000,-0.530103,0.403831,-0.717314,0.403831,-0.633254,0.600000,-0.600000,0.666113,-0.600000,0.600000,-0.600000,-0.771468,0.600000,-0.600000,-0.214910,-0.600000,-0.908789,0.666113,-0.600000,-0.600000,-0.567251,-0.600000,-0.654892,-0.600000,0.602537,0.600000,-0.600000,-0.600000,0.334095,-0.533837,-0.864981,-0.496395,-0.533837,0.768741,-0.172793,-0.600000,0.405036,0.698632,-0.600000,-0.768741,-0.600000,-0.600000,-0.600000,0.600000,-0.600000
26,0,0,1,0,S,0,20,8,1,-0.600000,-0.654892,-0.859058,0.795179,1.000000,-0.568612,-0.869593,-0.600000,0.197726,0.654892,0.600000,0.600000,-0.822986,0.522625,-0.397824,0.522625,0.815617,0.367115,-0.600000,-0.326347,-0.367115,-0.580690,-0.326347,-0.953769,-0.800909,-0.600000,-0.600000,-0.522625,0.397824,-0.722361,0.397824,-0.629772,0.600000,-0.600000,0.672757,-0.600000,0.600000,-0.600000,-0.772361,0.600000,-0.600000,-0.204946,-0.600000,-0.913651,0.672757,-0.600000,-0.600000,-0.561107,-0.600000,-0.654892,-0.600000,0.601342,0.600000,-0.600000,-0.600000,0.326347,-0.533837,-0.869593,-0.495145,-0.533837,0.773161,-0.162999,-0.600000,0.400224,0.705957,-0.600000,-0.773161,-0.600000,-0.600000,-0.600000,0.600000,-0.600000
27,0,0,1,0,stay,0,19,8,1,-0.600000,-0.654892,-0.863250,0.800829,1.000000,-0.566161,-0.875170,-0.600000,0.186840,0.654892,0.600000,0.600000,-0.828036,0.517634,-0.391848,0.517634,0.819353,0.359016,-0.600000,-0.318693,-0.359016,-0.581908,-0.318693,-0.957795,-0.808002,-0.600000,-0.600000,-0.517634,0.391848,-0.727353,0.391848,-0.627447,0.600000,-0.600000,0.677148,-0.600000,0.600000,-0.600000,-0.775001,0.600000,-0.600000,-0.195328,-0.600000,-0.918278,0.677148,-0.600000,-0.600000,-0.557411,-0.600000,-0.654892,-0.600000,0.601346,0.600000,-0.600000,-0.600000,0.318693,-0.533837,-0.875170,-0.493895,-0.533837,0.777522,-0.153657,-0.600000,0.394235,0.711125,-0.600000,-0.777522,-0.600000,-0.600000,-0.600000,0.600000,-0.600000
28,0,0,1,0,stay,0,18,8,1,-0.600000,-0.654892,-0.869626,0.807142,1.000000,-0.564938,-0.881066,-0.600000,0.171385,0.654892,0.600000,0.600000,-0.835739,0.505142,-0.383535,0.505142,0.824483,0.349857,-0.600000,-0.306861,-0.349857,-0.583124,-0.306861,-0.963123,-0.818647,-0.600000,-0.600000,-0.505142,0.383535,-0.734246,0.383535,-0.626288,0.600000,-0.600000,0.687991,-0.600000,0.600000,-0.600000,-0.775894,0.600000,-0.600000,-0.183791,-0.600000,-0.924796,0.687991,-0.600000,-0.600000,-0.546286,-0.600000,-0.654892,-0.600000,0.601347,0.600000,-0.600000,-0.600000,0.306861,-0.533837,-0.881066,-0.492645,-0.533837,0.783526,-0.140471,-0.600000,0.385903,0.722303,-0.600000,-0.783526,-0.600000,-0.600000,-0.600000,0.600000,-0.600000
29,0,0,0,1,N,0,16,7,1,-0.600000,-0.654892,-0.873550,0.814061,1.000000,-0.563714,-0.889705,-0.600000,0.159629,0.654892,0.600000,0.600000,-0.840496,0.505142,-0.374117,0.505142,0.829499,0.339684,-0.600000,-0.299460,-0.339684,-0.583124,-0.299460,-0.967170,-0.825243,-0.600000,-0.600000,-0.505142,0.374117,-0.741987,0.374117,-0.630968,0.600000,-0.600000,0.687991,-0.600000,0.600000,-0.600000,-0.781930,0.600000,-0.600000,-0.172074,-0.600000,-0.929861,0.687991,-0.600000,-0.600000,-0.546286,-0.600000,-0.654892,-0.600000,0.594137,0.600000,-0.600000,-0.600000,0.299460,-0.533837,-0.889705,-0.492645,-0.533837,0.790243,-0.130501,-0.600000,0.377638,0.722303,-0.600000,-0.790243,-0.600000,-0.600000,-0.600000,0.600000,-0.600000
30,0,0,0,1,stay,0,15,7,1,-0.600000,-0.654892,-0.879513,0.822256,1.000000,-0.562489,-0.900065,-0.600000,0.145396,0.654892,0.600000,0.600000,-0.847744,0.505142,-0.362477,0.505142,0.837150,0.327448,-0.600000,-0.288039,-0.327448,-0.583124,-0.288039,-0.972042,-0.833741,-0.600000,-0.600000,-0.505142,0.362477,-0.751454,0.362477,-0.636783,0.600000,-0.600000,0.687991,-0.600000,0.600000,-0.600000,-0.791176,0.600000,-0.600000,-0.156936,-0.600000,-0.936421,0.687991,-0.600000,-0.600000,-0.546286,-0.600000,-0.654892,-0.600000,0.588098,0.600000,-0.600000,-0.600000,0.288039,-0.533837,-0.900065,-0.492645,-0.533837,0.798422,-0.118496,-0.600000,0.364793,0.722303,-0.600000,-0.798422,-0.600000,-0.600000,-0.600000,0.600000,-0.600000
31,0,0,0,0,E,0,13,8,1,-0.600000,-0.654892,-0.882142,0.826605,1.000000,-0.561261,-0.904482,-0.600000,0.138682,0.654892,0.600000,0.600000,-0.850948,0.503892,-0.356716,0.503892,0.839863,0.320870,-0.600000,-0.282934,-0.320870,-0.584340,-0.282934,-0.974016,-0.837868,-0.600000,-0.600000,-0.503892,0.356716,-0.756100,0.356716,-0.634475,0.600000,-0.600000,0.689064,-0.600000,0.600000,-0.600000,-0.794468,0.600000,-0.600000,-0.150423,-0.600000,-0.939340,0.689064,-0.600000,-0.600000,-0.546287,-0.600000,-0.654892,-0.600000,0.588099,0.600000,-0.600000,-0.600000,0.282934,-0.533837,-0.904482,-0.491396,-0.533837,0.802422,-0.112860,-0.600000,0.360168,0.724306,-0.600000,-0.802422,-0.600000,-0.600000,-0.600000,0.600000,-0.600000
32,0,0,0,0,stay,0,12,8,1,-0.600000,-0.654892,-0.886749,0.832970,1.000000,-0.557568,-0.912396,-0.600000,0.127700,0.654892,0.600000,0.600000,-0.856576,0.503892,-0.349857,0.503892,0.844522,0.311135,-0.600000,-0.273884,-0.311135,-0.585554,-0.273884,-0.977122,-0.846519,-0.600000,-0.600000,-0.503892,0.349857,-0.761597,0.349857,-0.633328,0.600000,-0.600000,0.689064,-0.600000,0.600000,-0.600000,-0.801729,0.600000,-0.600000,-0.140465,-0.600000,-0.943484,0.689064,-0.600000,-0.600000,-0.547526,-0.600000,-0.654892,-0.600000,0.586888,0.600000,-0.600000,-0.600000,0.273884,-0.533837,-0.912396,-0.490146,-0.533837,0.807142,-0.103675,-0.600000,0.352137,0.725305,-0.600000,-0.807142,-0.600000,-0.600000,-0.600000,0.600000,-0.600000
33,0,0,0,0,stay,0,11,8,1,-0.600000,-0.654892,-0.888250,0.836426,1.000000,-0.555103,-0.916702,-0.600000,0.121686,0.654892,0.600000,0.600000,-0.858412,0.503892,-0.346450,0.503892,0.846485,0.305798,-0.600000,-0.270908,-0.305798,-0.585554,-0.270908,-0.978641,-0.851656,-0.600000,-0.600000,-0.503892,0.346450,-0.764313,0.346450,-0.631008,0.600000,-0.600000,0.689064,-0.600000,0.600000,-0.600000,-0.804106,0.600000,-0.600000,-0.135696,-0.600000,-0.945066,0.689064,-0.600000,-0.600000,-0.547526,-0.600000,-0.654892,-0.600000,0.586890,0.600000,-0.600000,-0.600000,0.270908,-0.533837,-0.916702,-0.490146,-0.533837,0.809470,-0.098665,-0.600000,0.348720,0.725305,-0.600000,-0.809470,-0.600000,-0.600000,-0.600000,0.600000,-0.600000
34,0,0,0,0,stay,0,10,8,1,-0.600000,-0.654892,-0.891199,0.839823,1.000000,-0.551398,-0.920815,-0.600000,0.115919,0.654892,0.600000,0.600000,-0.861429,0.503892,-0.344188,0.503892,0.848427,0.300511,-0.600000,-0.265993,-0.300511,-0.587980,-0.265993,-0.979962,-0.857263,-0.600000,-0.600000,-0.503892,0.344188,-0.765216,0.344188,-0.629849,0.600000,-0.600000,0.689064,-0.600000,0.600000,-0.600000,-0.808020,0.600000,-0.600000,-0.131636,-0.600000,-0.946859,0.689064,-0.600000,-0.600000,-0.550003,-0.600000,-0.654892,-0.600000,0.585680,0.600000,-0.600000,-0.600000,0.265993,-0.532593,-0.920815,-0.486398,-0.532593,0.811010,-0.093871,-0.600000,0.346450,0.727295,-0.600000,-0.811010,-0.600000,-0.600000,-0.600000,0.600000,-0.600000
35,0,0,0,0,stay,0,9,8,1,-0.600000,-0.654892,-0.894553,0.842500,1.000000,-0.547686,-0.925090,-0.600000,0.109899,0.654892,0.600000,0.600000,-0.865562,0.503892,-0.343059,0.503892,0.850350,0.296320,-0.600000,-0.259208,-0.296320,-0.589191,-0.259208,-0.981387,-0.863876,-0.600000,-0.600000,-0.503892,0.343059,-0.766115,0.343059,-0.629855,0.600000,-0.600000,0.689064,-0.600000,0.600000,-0.600000,-0.813400,0.600000,-0.600000,-0.127678,-0.600000,-0.948840,0.689064,-0.600000,-0.600000,-0.551240,-0.600000,-0.654892,-0.600000,0.584469,0.600000,-0.600000,-0.600000,0.259208,-0.532593,-0.925090,-0.485149,-0.532593,0.811776,-0.088880,-0.600000,0.343059,0.728287,-0.600000,-0.811776,-0.600000,-0.600000,-0.600000,0.600000,-0.600000
36,0,0,1,0,E,0,7,9,1,-0.600000,-0.654892,-0.897355,0.847096,1.000000,-0.546450,-0.927484,-0.600000,0.103223,0.654892,0.600000,0.600000,-0.869021,0.495142,-0.336325,0.495142,0.854134,0.289067,-0.600000,-0.253482,-0.289067,-0.590401,-0.253482,-0.983135,-0.868522,-0.600000,-0.600000,-0.495142,0.336325,-0.771454,0.336325,-0.628698,0.600000,-0.600000,0.696520,-0.600000,0.600000,-0.600000,-0.812653,0.600000,-0.600000,-0.120599,-0.600000,-0.951682,0.696520,-0.600000,-0.600000,-0.543811,-0.600000,-0.654892,-0.600000,0.584470,0.600000,-0.600000,-0.600000,0.253482,-0.532593,-0.927484,-0.483900,-0.532593,0.816324,-0.083361,-0.600000,0.336325,0.736138,-0.600000,-0.816324,-0.600000,-0.600000,-0.600000,0.600000,-0.600000
37,0,0,1,0,stay,0,6,9,1,-0.600000,-0.654892,-0.899186,0.849673,1.000000,-0.545212,-0.929152,-0.600000,0.097789,0.654892,0.600000,0.600000,-0.871285,0.486395,-0.332982,0.486395,0.855996,0.284970,-0.600000,-0.249711,-0.284970,-0.590401,-0.249711,-0.984339,-0.873587,-0.600000,-0.600000,-0.486395,0.332982,-0.774092,0.332982,-0.627536,0.600000,-0.600000,0.703875,-0.600000,0.600000,-0.600000,-0.810371,0.600000,-0.600000,-0.116929,-0.600000,-0.953270,0.703875,-0.600000,-0.600000,-0.535117,-0.600000,-0.654892,-0.600000,0.584471,0.600000,-0.600000,-0.600000,0.249711,-0.532593,-0.929152,-0.483900,-0.532593,0.818566,-0.078881,-0.600000,0.332982,0.742888,-0.600000,-0.818566,-0.600000,-0.600000,-0.600000,0.600000,-0.600000
38,0,0,1,0,stay,0,5,9,1,-0.600000,-0.654892,-0.904073,0.856576,1.000000,-0.540253,-0.933633,-0.600000,0.089298,0.654892,0.600000,0.600000,-0.877339,0.478903,-0.325248,0.478903,0.860264,0.273884,-0.600000,-0.239536,-0.273884,-0.591610,-0.239536,-0.986296,-0.880610,-0.600000,-0.600000,-0.478903,0.325248,-0.780162,0.325248,-0.622862,0.600000,-0.600000,0.710096,-0.600000,0.600000,-0.600000,-0.814201,0.600000,-0.600000,-0.107934,-0.600000,-0.957128,0.710096,-0.600000,-0.600000,-0.528894,-0.600000,-0.654892,-0.600000,0.584474,0.600000,-0.600000,-0.600000,0.239536,-0.532593,-0.933633,-0.482651,-0.532593,0.823715,-0.071900,-0.600000,0.325248,0.749525,-0.600000,-0.823715,-0.600000,-0.600000,-0.600000,0.600000,-0.600000
39,0,0,1,0,stay,0,4,9,1,-0.600000,-0.654892,-0.907072,0.860830,1.000000,-0.536528,-0.936373,-0.600000,0.083755,0.654892,0.600000,0.600000,-0.881063,0.472667,-0.320870,0.472667,0.862656,0.266971,-0.600000,-0.233211,-0.266971,-0.594025,-0.233211,-0.987465,-0.885783,-0.600000,-0.600000,-0.472667,0.320870,-0.783578,0.320870,-0.619340,0.600000,-0.600000,0.715220,-0.600000,0.600000,-0.600000,-0.815723,0.600000,-0.600000,-0.102742,-0.600000,-0.959334,0.715220,-0.600000,-0.600000,-0.525156,-0.600000,-0.654892,-0.600000,0.584479,0.600000,-0.600000,-0.600000,0.233211,-0.532593,-0.936373,-0.480154,-0.532593,0.826605,-0.067357,-0.600000,0.320870,0.756046,-0.600000,-0.826605,-0.600000,-0.600000,-0.600000,0.600000,-0.600000
40,0,0,1,0,stay,0,3,9,1,-0.600000,-0.654892,-0.909986,0.864978,1.000000,-0.530307,-0.939008,-0.600000,0.078890,0.654892,0.600000,0.600000,-0.884689,0.467684,-0.318693,0.467684,0.863838,0.260170,-0.600000,-0.227002,-0.260170,-0.594025,-0.227002,-0.988363,-0.891244,-0.600000,-0.600000,-0.467684,0.318693,-0.785271,0.318693,-0.614620,0.600000,-0.600000,0.719281,-0.600000,0.600000,-0.600000,-0.817980,0.600000,-0.600000,-0.098659,-0.600000,-0.961057,0.719281,-0.600000,-0.600000,-0.520167,-0.600000,-0.654892,-0.600000,0.583266,0.600000,-0.600000,-0.600000,0.227002,-0.532593,-0.939008,-0.480154,-0.532593,0.828036,-0.063378,-0.600000,0.318693,0.759721,-0.600000,-0.828036,-0.600000,-0.600000,-0.600000,0.600000,-0.600000
41,0,0,1,0,stay,0,2,9,1,-0.600000,-0.654892,-0.913612,0.869590,1.000000,-0.525325,-0.942634,-0.600000,0.072580,0.654892,0.600000,0.600000,-0.889209,0.461465,-0.314362,0.461465,0.866757,0.252536,-0.600000,-0.219192,-0.252536,-0.597639,-0.219192,-0.989618,-0.897858,-0.600000,-0.600000,-0.461465,0.314362,-0.788629,0.314362,-0.609878,0.600000,-0.600000,0.724306,-0.600000,0.600000,-0.600000,-0.820953,0.600000,-0.600000,-0.093017,-0.600000,-0.963424,0.724306,-0.600000,-0.600000,-0.517672,-0.600000,-0.654892,-0.600000,0.584484,0.600000,-0.600000,-0.600000,0.219192,-0.532593,-0.942634,-0.476411,-0.532593,0.830870,-0.058230,-0.600000,0.313285,0.766956,-0.600000,-0.830870,-0.600000,-0.600000,-0.600000,0.600000,-0.600000
42,0,0,1,0,stay,0,1,9,1,-0.600000,-0.654892,-0.915569,0.873515,1.000000,-0.521584,-0.944238,-0.600000,0.067681,0.654892,0.600000,0.600000,-0.891653,0.450300,-0.310064,0.450300,0.869054,0.245978,-0.600000,-0.214938,-0.245978,-0.597639,-0.214938,-0.990553,-0.902806,-0.600000,-0.600000,-0.450300,0.310064,-0.791948,0.310064,-0.606311,0.600000,-0.600000,0.733211,-0.600000,0.600000,-0.600000,-0.818011,0.600000,-0.600000,-0.088470,-0.600000,-0.964980,0.733211,-0.600000,-0.600000,-0.506429,-0.600000,-0.654892,-0.600000,0.584486,0.600000,-0.600000,-0.600000,0.214938,-0.532593,-0.944238,-0.476411,-0.532593,0.833666,-0.054242,-0.600000,0.308994,0.774913,-0.600000,-0.833666,-0.600000,-0.600000,-0.600000,0.600000,-0.600000
43,0,0,1,0,stay,0,0,9,1,-0.600000,-0.654892,-0.917864,0.876799,1.000000,-0.519090,-0.946566,-0.600000,0.063984,0.654892,0.600000,0.600000,-0.894523,0.446589,-0.305798,0.446589,0.871318,0.240450,-0.600000,-0.209912,-0.240450,-0.598842,-0.209912,-0.991276,-0.906269,-0.600000,-0.600000,-0.446589,0.305798,-0.795229,0.305798,-0.603928,0.600000,-0.600000,0.736138,-0.600000,0.600000,-0.600000,-0.820244,0.600000,-0.600000,-0.084512,-0.600000,-0.966635,0.736138,-0.600000,-0.600000,-0.503930,-0.600000,-0.654892,-0.600000,0.584488,0.600000,-0.600000,-0.600000,0.209912,-0.532593,-0.946566,-0.475164,-0.532593,0.836426,-0.051239,-0.600000,0.304736,0.778387,-0.600000,-0.836426,-0.600000,-0.600000,-0.600000,0.600000,-0.600000
