src,tgt,weight_initial,weight_final_run_0001,weight_final_run_0002,weight_final_run_0003,weight_final_run_0004,weight_final_run_0005,weight_final_run_0006,weight_final_run_0007,weight_final_run_0008,weight_final_run_0009,weight_final_run_0010,weight_final_run_0011,weight_final_run_0012,weight_final_run_0013,weight_final_run_0014,weight_final_run_0015,weight_final_run_0016,weight_final_run_0017,weight_final_run_0018,weight_final_run_0019,weight_final_run_0020,weight_final_run_0021,weight_final_run_0022,weight_final_run_0023,weight_final_run_0024,weight_final_run_0025,weight_final_run_0026,weight_final_run_0027,weight_final_run_0028,weight_final_run_0029,weight_final_run_0030,weight_final_run_0031,weight_final_run_0032,weight_final_run_0033,weight_final_run_0034,weight_final_run_0035,weight_final_run_0036,weight_final_run_0037,weight_final_run_0038,weight_final_run_0039,weight_final_run_0040,weight_final_run_0041,weight_final_run_0042,weight_final_run_0043,weight_final_run_0044,weight_final_run_0045,weight_final_run_0046,weight_final_run_0047,weight_final_run_0048,weight_final_run_0049,weight_final_run_0050,weight_final_run_0051,weight_final_run_0052,weight_final_run_0053,weight_final_run_0054,weight_final_run_0055,weight_final_run_0056,weight_final_run_0057,weight_final_run_0058,weight_final_run_0059,weight_final_run_0060,weight_final_run_0061,weight_final_run_0062,weight_final_run_0063,weight_final_run_0064,weight_final_run_0065,weight_final_run_0066,weight_final_run_0067,weight_final_run_0068,weight_final_run_0069,weight_final_run_0070,weight_final_run_0071,weight_final_run_0072,weight_final_run_0073,weight_final_run_0074,weight_final_run_0075,weight_final_run_0076,weight_final_run_0077,weight_final_run_0078,weight_final_run_0079,weight_final_run_0080,weight_final_run_0081,weight_final_run_0082,weight_final_run_0083,weight_final_run_0084,weight_final_run_0085,weight_final_run_0086,weight_final_run_0087,weight_final_run_0088,weight_final_run_0089,weight_final_run_0090,weight_final_run_0091,weight_final_run_0092,weight_final_run_0093,weight_final_run_0094,weight_final_run_0095,weight_final_run_0096,weight_final_run_0097,weight_final_run_0098,weight_final_run_0099,weight_final_run_0100
0,0,-0.6,-0.5963964348358344,-0.5939882046365135,-0.6,-0.5867365980549956,-0.5963964348358344,-0.5770090663399023,-0.583096327741662,-0.5891581779649416,-0.5325929142154833,-0.5951928961990797,-0.6,-0.6,-0.5536769475536119,-0.5301031392620431,-0.5988,-0.5782284678739728,-0.5263656461495806,-0.5927823735495674,-0.5363244387188473,-0.6,-0.5684475496817656,-0.5843107861983151,-0.5988,-0.5794469088173696,-0.5745674379705191,-0.5350810360430884,-0.5635363168187207,-0.5818808527400827,-0.5524413536271052,-0.5338371894385378,-0.5927823735495674,-0.5903673466782133,-0.5988,-0.5963964348358344,-0.5879479238684318,-0.6,-0.5867365980549956,-0.5891581779649416,-0.5867365980549956,-0.5425342589085199,-0.543774677796439,-0.5635363168187207,-0.5806643751103099,-0.5561461090579244,-0.5867365980549956,-0.4963919258843324,-0.5855242142422064,-0.5794469088173696,-0.6,-0.5867365980549956,-0.5425342589085199,-0.5843107861983151,-0.5733452394845465,-0.5879479238684318,-0.5879479238684318,-0.5806643751103099,-0.5425342589085199,-0.5757887183213951,-0.5939882046365135,-0.6,-0.5939882046365135,-0.5782284678739728,-0.543774677796439,-0.5301031392620431,-0.5939882046365135,-0.5818808527400827,-0.6,-0.6,-0.5101402338094979,-0.505141639345757,-0.5879479238684318,-0.6,-0.5806643751103099,-0.6,-0.5757887183213951,-0.5915754163937749,-0.5855242142422064,-0.570898145118625,-0.5499682139183885,-0.6,-0.5951928961990797,-0.5939882046365135,-0.5855242142422064,-0.5757887183213951,-0.5843107861983151,-0.4826481278787289,-0.5903673466782133,-0.520129970674358,-0.5794469088173696,-0.5939882046365135,-0.5927823735495674,-0.5891581779649416,-0.5903673466782133,-0.5855242142422064,-0.5610759116369145,-0.5951928961990797,-0.5988,-0.5745674379705191,-0.6,-0.5879479238684318
0,1,0.6,0.6,0.6,0.6,0.6,0.6,0.6,0.6,0.6,0.6,0.6,0.6,0.6,0.6,0.6,0.6,0.6,0.6,0.6,0.6,0.6,0.6,0.6,0.6,0.6,0.6,0.6,0.6,0.6,0.6,0.6,0.6,0.6,0.6,0.6,0.6,0.6,0.6,0.6,0.6,0.6,0.6,0.6,0.6,0.6,0.6,0.6,0.6,0.6,0.6,0.6,0.6,0.6,0.6,0.6,0.6,0.6,0.6,0.6,0.6,0.6,0.6,0.6,0.6,0.6,0.6,0.6,0.6,0.6,0.6,0.6,0.6,0.6,0.6,0.6,0.6,0.6,0.6,0.6,0.6,0.6,0.6,0.6,0.6,0.6,0.6,0.6,0.6,0.6,0.6,0.6,0.6,0.6,0.6,0.6,0.6,0.6,0.6,0.6,0.6,0.6
0,2,-0.6,-0.6,-0.6,-0.6,-0.6,-0.6,-0.6,-0.6,-0.6,-0.6,-0.6,-0.6,-0.6,-0.6,-0.6,-0.6,-0.6,-0.6,-0.6,-0.6,-0.6,-0.6,-0.6,-0.6,-0.6,-0.6,-0.6,-0.6,-0.6,-0.6,-0.6,-0.6,-0.6,-0.6,-0.6,-0.6,-0.6,-0.6,-0.6,-0.6,-0.6,-0.6,-0.6,-0.6,-0.6,-0.6,-0.6,-0.6,-0.6,-0.6,-0.6,-0.6,-0.6,-0.6,-0.6,-0.6,-0.6,-0.6,-0.6,-0.6,-0.6,-0.6,-0.6,-0.6,-0.6,-0.6,-0.6,-0.6,-0.6,-0.6,-0.6,-0.6,-0.6,-0.6,-0.6,-0.6,-0.6,-0.6,-0.6,-0.6,-0.6,-0.6,-0.6,-0.6,-0.6,-0.6,-0.6,-0.6,-0.6,-0.6,-0.6,-0.6,-0.6,-0.6,-0.6,-0.6,-0.6,-0.6,-0.6,-0.6,-0.6
0,5,1.0,1.0,1.0,1.0,1.0,1.0,1.0,1.0,1.0,1.0,1.0,1.0,1.0,1.0,1.0,1.0,1.0,1.0,1.0,1.0,1.0,1.0,1.0,1.0,1.0,1.0,1.0,1.0,1.0,1.0,1.0,1.0,1.0,1.0,1.0,1.0,1.0,1.0,1.0,1.0,1.0,1.0,1.0,1.0,1.0,1.0,1.0,1.0,1.0,1.0,1.0,1.0,1.0,1.0,1.0,1.0,1.0,1.0,1.0,1.0,1.0,1.0,1.0,1.0,1.0,1.0,1.0,1.0,1.0,1.0,1.0,1.0,1.0,1.0,1.0,1.0,1.0,1.0,1.0,1.0,1.0,1.0,1.0,1.0,1.0,1.0,1.0,1.0,1.0,1.0,1.0,1.0,1.0,1.0,1.0,1.0,1.0,1.0,1.0,1.0,1.0
0,6,-0.6,-0.5963964348358344,-0.5939882046365135,-0.6,-0.5867365980549956,-0.5963964348358344,-0.5770090663399023,-0.583096327741662,-0.5891581779649416,-0.5325929142154833,-0.5951928961990797,-0.6,-0.6,-0.5536769475536119,-0.5301031392620431,-0.5988,-0.5782284678739728,-0.5263656461495806,-0.5927823735495674,-0.5363244387188473,-0.6,-0.5684475496817656,-0.5843107861983151,-0.5988,-0.5794469088173696,-0.5745674379705191,-0.5350810360430884,-0.5635363168187207,-0.5818808527400827,-0.5524413536271052,-0.5338371894385378,-0.5927823735495674,-0.5903673466782133,-0.5988,-0.5963964348358344,-0.5879479238684318,-0.6,-0.5867365980549956,-0.5891581779649416,-0.5867365980549956,-0.5425342589085199,-0.543774677796439,-0.5635363168187207,-0.5806643751103099,-0.5561461090579244,-0.5867365980549956,-0.4963919258843324,-0.5855242142422064,-0.5794469088173696,-0.6,-0.5867365980549956,-0.5425342589085199,-0.5843107861983151,-0.5733452394845465,-0.5879479238684318,-0.5879479238684318,-0.5806643751103099,-0.5425342589085199,-0.5757887183213951,-0.5939882046365135,-0.6,-0.5939882046365135,-0.5782284678739728,-0.543774677796439,-0.5301031392620431,-0.5939882046365135,-0.5818808527400827,-0.6,-0.6,-0.5101402338094979,-0.505141639345757,-0.5879479238684318,-0.6,-0.5806643751103099,-0.6,-0.5757887183213951,-0.5915754163937749,-0.5855242142422064,-0.570898145118625,-0.5499682139183885,-0.6,-0.5951928961990797,-0.5939882046365135,-0.5855242142422064,-0.5757887183213951,-0.5843107861983151,-0.4826481278787289,-0.5903673466782133,-0.520129970674358,-0.5794469088173696,-0.5939882046365135,-0.5927823735495674,-0.5891581779649416,-0.5903673466782133,-0.5855242142422064,-0.5610759116369145,-0.5951928961990797,-0.5988,-0.5745674379705191,-0.6,-0.5879479238684318
0,7,-0.6,-0.24320326183756097,-0.4552569213300745,-0.3682779081231247,-0.47890333302618054,-0.3729460523490611,-0.4851457280715483,-0.10892225623297815,-0.25920757390673116,-0.1417010310157999,-0.40383134454016817,-0.4147153576986707,-0.3100637413512592,-0.03593752173415019,-0.22612483407291215,-0.3954299664666466,-0.1603024513403818,-0.10047339725536955,-0.35213661302267624,-0.051981172269181655,-0.3475840853924312,-0.39902335535685596,-0.3659529542362815,-0.3555687124530575,-0.1423113250749517,-0.3918477740777872,-0.05272702805753657,-0.1589586841100685,-0.14601919784962464,-0.4465893296411483,-0.23231667019828864,-0.31220906497438,-0.4589801156604065,-0.35442301443716984,-0.42813011623060143,-0.1333844133694216,-0.1742483184323652,-0.39065625859764685,-0.13748991514117967,-0.3475840853924312,-0.3057975109416916,-0.47142106035546283,-0.27587975269405823,-0.3285513299461892,-0.35786504929614743,-0.26795203846821014,-0.04909635150342545,-0.08452745752710068,-0.4330353956644293,-0.4062423014446806,-0.2009225016378973,-0.27888971589030603,-0.42568265633767943,-0.162335298337296,-0.3100637413512592,-0.3776378856766882,-0.33968393662647267,-0.047258159534914725,-0.1706746085735006,-0.3219618037296813,-0.30051111730169167,-0.31544213752418043,-0.1249355431707966,-0.17497009624067625,-0.09912313401336686,-0.25348182113873696,-0.4220182643351806,-0.35786504929614743,-0.38946603886656617,-0.22612483407291215,-0.17569422506238683,-0.23771715677571997,-0.29946009637329274,-0.11489571487329978,-0.42568265633767943,-0.37177676587712954,-0.250650403151435,-0.22876410936854527,-0.3636342022269965,-0.06705106132455392,-0.3590156663845224,-0.3918477740777872,-0.34418775850449906,-0.36247718038100785,-0.2621017206005134,-0.040345393772166116,-0.11187416610888536,-0.3942346409262124,-0.3285513299461892,-0.34418775850449906,-0.3978243367706729,-0.3555687124530575,-0.32744830317850526,-0.1735288892225859,-0.2699204003791929,-0.45030039559039026,-0.31978072898826826,-0.25443029874787165,-0.29841117763802577,-0.4318078169555984,-0.29009630696052563
0,8,-0.6,-0.6,-0.6,-0.6,-0.6,-0.6,-0.6,-0.6,-0.6,-0.6,-0.6,-0.6,-0.6,-0.6,-0.6,-0.6,-0.6,-0.6,-0.6,-0.6,-0.6,-0.6,-0.6,-0.6,-0.6,-0.6,-0.6,-0.6,-0.6,-0.6,-0.6,-0.6,-0.6,-0.6,-0.6,-0.6,-0.6,-0.6,-0.6,-0.6,-0.6,-0.6,-0.6,-0.6,-0.6,-0.6,-0.6,-0.6,-0.6,-0.6,-0.6,-0.6,-0.6,-0.6,-0.6,-0.6,-0.6,-0.6,-0.6,-0.6,-0.6,-0.6,-0.6,-0.6,-0.6,-0.6,-0.6,-0.6,-0.6,-0.6,-0.6,-0.6,-0.6,-0.6,-0.6,-0.6,-0.6,-0.6,-0.6,-0.6,-0.6,-0.6,-0.6,-0.6,-0.6,-0.6,-0.6,-0.6,-0.6,-0.6,-0.6,-0.6,-0.6,-0.6,-0.6,-0.6,-0.6,-0.6,-0.6,-0.6,-0.6
1,0,0.6,0.6,0.6,0.6,0.6,0.6,0.6,0.6,0.6,0.6,0.6,0.6,0.6,0.6,0.6,0.6,0.6,0.6,0.6,0.6,0.6,0.6,0.6,0.6,0.6,0.6,0.6,0.6,0.6,0.6,0.6,0.6,0.6,0.6,0.6,0.6,0.6,0.6,0.6,0.6,0.6,0.6,0.6,0.6,0.6,0.6,0.6,0.6,0.6,0.6,0.6,0.6,0.6,0.6,0.6,0.6,0.6,0.6,0.6,0.6,0.6,0.6,0.6,0.6,0.6,0.6,0.6,0.6,0.6,0.6,0.6,0.6,0.6,0.6,0.6,0.6,0.6,0.6,0.6,0.6,0.6,0.6,0.6,0.6,0.6,0.6,0.6,0.6,0.6,0.6,0.6,0.6,0.6,0.6,0.6,0.6,0.6,0.6,0.6,0.6,0.6
1,2,-0.6,-0.6,-0.6,-0.6,-0.6,-0.6,-0.6,-0.6,-0.6,-0.6,-0.6,-0.6,-0.6,-0.6,-0.6,-0.6,-0.6,-0.6,-0.6,-0.6,-0.6,-0.6,-0.6,-0.6,-0.6,-0.6,-0.6,-0.6,-0.6,-0.6,-0.6,-0.6,-0.6,-0.6,-0.6,-0.6,-0.6,-0.6,-0.6,-0.6,-0.6,-0.6,-0.6,-0.6,-0.6,-0.6,-0.6,-0.6,-0.6,-0.6,-0.6,-0.6,-0.6,-0.6,-0.6,-0.6,-0.6,-0.6,-0.6,-0.6,-0.6,-0.6,-0.6,-0.6,-0.6,-0.6,-0.6,-0.6,-0.6,-0.6,-0.6,-0.6,-0.6,-0.6,-0.6,-0.6,-0.6,-0.6,-0.6,-0.6,-0.6,-0.6,-0.6,-0.6,-0.6,-0.6,-0.6,-0.6,-0.6,-0.6,-0.6,-0.6,-0.6,-0.6,-0.6,-0.6,-0.6,-0.6,-0.6,-0.6,-0.6
1,3,-0.6,-0.6,-0.6,-0.6,-0.6,-0.6,-0.6,-0.6,-0.6,-0.6,-0.6,-0.6,-0.6,-0.6,-0.6,-0.6,-0.6,-0.6,-0.6,-0.6,-0.6,-0.6,-0.6,-0.6,-0.6,-0.6,-0.6,-0.6,-0.6,-0.6,-0.6,-0.6,-0.6,-0.6,-0.6,-0.6,-0.6,-0.6,-0.6,-0.6,-0.6,-0.6,-0.6,-0.6,-0.6,-0.6,-0.6,-0.6,-0.6,-0.6,-0.6,-0.6,-0.6,-0.6,-0.6,-0.6,-0.6,-0.6,-0.6,-0.6,-0.6,-0.6,-0.6,-0.6,-0.6,-0.6,-0.6,-0.6,-0.6,-0.6,-0.6,-0.6,-0.6,-0.6,-0.6,-0.6,-0.6,-0.6,-0.6,-0.6,-0.6,-0.6,-0.6,-0.6,-0.6,-0.6,-0.6,-0.6,-0.6,-0.6,-0.6,-0.6,-0.6,-0.6,-0.6,-0.6,-0.6,-0.6,-0.6,-0.6,-0.6
1,4,0.6,0.6,0.6,0.6,0.6,0.6,0.6,0.6,0.6,0.6,0.6,0.6,0.6,0.6,0.6,0.6,0.6,0.6,0.6,0.6,0.6,0.6,0.6,0.6,0.6,0.6,0.6,0.6,0.6,0.6,0.6,0.6,0.6,0.6,0.6,0.6,0.6,0.6,0.6,0.6,0.6,0.6,0.6,0.6,0.6,0.6,0.6,0.6,0.6,0.6,0.6,0.6,0.6,0.6,0.6,0.6,0.6,0.6,0.6,0.6,0.6,0.6,0.6,0.6,0.6,0.6,0.6,0.6,0.6,0.6,0.6,0.6,0.6,0.6,0.6,0.6,0.6,0.6,0.6,0.6,0.6,0.6,0.6,0.6,0.6,0.6,0.6,0.6,0.6,0.6,0.6,0.6,0.6,0.6,0.6,0.6,0.6,0.6,0.6,0.6,0.6
1,5,-0.6,-0.6,-0.6,-0.6,-0.6,-0.6,-0.6,-0.6,-0.6,-0.6,-0.6,-0.6,-0.6,-0.6,-0.6,-0.6,-0.6,-0.6,-0.6,-0.6,-0.6,-0.6,-0.6,-0.6,-0.6,-0.6,-0.6,-0.6,-0.6,-0.6,-0.6,-0.6,-0.6,-0.6,-0.6,-0.6,-0.6,-0.6,-0.6,-0.6,-0.6,-0.6,-0.6,-0.6,-0.6,-0.6,-0.6,-0.6,-0.6,-0.6,-0.6,-0.6,-0.6,-0.6,-0.6,-0.6,-0.6,-0.6,-0.6,-0.6,-0.6,-0.6,-0.6,-0.6,-0.6,-0.6,-0.6,-0.6,-0.6,-0.6,-0.6,-0.6,-0.6,-0.6,-0.6,-0.6,-0.6,-0.6,-0.6,-0.6,-0.6,-0.6,-0.6,-0.6,-0.6,-0.6,-0.6,-0.6,-0.6,-0.6,-0.6,-0.6,-0.6,-0.6,-0.6,-0.6,-0.6,-0.6,-0.6,-0.6,-0.6
1,6,-0.6,-0.8431821746664612,-0.6944105205353052,-0.7485853577065528,-0.6815265872115333,-0.7400151219862682,-0.6922930808390202,-0.8836788855396568,-0.8040094178633269,-0.8931126275945378,-0.7361410507420966,-0.7172649863934131,-0.7687420069509854,-0.9719808134429597,-0.8371255606148595,-0.7371181519575496,-0.8425166767307912,-0.9412722116338117,-0.7588111445068858,-0.9387336489425336,-0.786906818166697,-0.7438551934963064,-0.7466945328412262,-0.7588102318514235,-0.907478305116482,-0.7495377187452157,-0.9330341513715458,-0.8778841277491166,-0.899167037499925,-0.7551307552584342,-0.8590526499835486,-0.766965403110145,-0.7192914348640993,-0.7542097509565685,-0.7523447419871204,-0.872969271030197,-0.8484021963113195,-0.7233123212328195,-0.8667379018483914,-0.7551296170088516,-0.7885915128702725,-0.7090837984311604,-0.8125439318788557,-0.7740492188437259,-0.79436475694922,-0.8287670681058785,-0.9363852654934767,-0.886241255456368,-0.7049263288441978,-0.7131790611422775,-0.814830983648364,-0.866756001085302,-0.7069988922743138,-0.8778961813520765,-0.7615503531164328,-0.8016329035294918,-0.7740481964900068,-0.9301492310983684,-0.8384893195301888,-0.8133128292125613,-0.7696457100036024,-0.758809803161836,-0.8757524140348423,-0.8751909407566959,-0.8916741083033023,-0.7943643903606198,-0.7182863492194077,-0.7409760013127965,-0.7283002164208799,-0.8751782246888472,-0.9128090708685698,-0.8117783384591892,-0.7678564184870099,-0.893591623235527,-0.7080344092003619,-0.740019374083036,-0.8170764406330481,-0.8244560510035787,-0.7476402418785575,-0.9189848155641405,-0.7486005432076029,-0.7253048415716722,-0.7843778264530873,-0.8008333466637761,-0.8259205053481,-0.9556346579516125,-0.9096066293079045,-0.7361579254324305,-0.8071742400237744,-0.7615641120270803,-0.7332194446943834,-0.7606384403486111,-0.7624528807762404,-0.8308851079153843,-0.7843774548672322,-0.7253151830730971,-0.760643437427514,-0.804801782028357,-0.8048013625779796,-0.7233265787183901,-0.7705202753135596
1,7,0.6,0.6,0.6,0.6,0.6,0.6,0.6,0.6,0.6,0.6,0.6,0.6,0.6,0.6,0.6,0.6,0.6,0.6,0.6,0.6,0.6,0.6,0.6,0.6,0.6,0.6,0.6,0.6,0.6,0.6,0.6,0.6,0.6,0.6,0.6,0.6,0.6,0.6,0.6,0.6,0.6,0.6,0.6,0.6,0.6,0.6,0.6,0.6,0.6,0.6,0.6,0.6,0.6,0.6,0.6,0.6,0.6,0.6,0.6,0.6,0.6,0.6,0.6,0.6,0.6,0.6,0.6,0.6,0.6,0.6,0.6,0.6,0.6,0.6,0.6,0.6,0.6,0.6,0.6,0.6,0.6,0.6,0.6,0.6,0.6,0.6,0.6,0.6,0.6,0.6,0.6,0.6,0.6,0.6,0.6,0.6,0.6,0.6,0.6,0.6,0.6
1,9,0.6,0.5963964348358344,0.5939882046365135,0.6,0.5867365980549956,0.5963964348358344,0.5770090663399023,0.583096327741662,0.5891581779649416,0.5325929142154833,0.5951928961990797,0.6,0.6,0.5536769475536119,0.5301031392620431,0.5988,0.5782284678739728,0.5263656461495806,0.5927823735495674,0.5363244387188473,0.6,0.5684475496817656,0.5843107861983151,0.5988,0.5794469088173696,0.5745674379705191,0.5350810360430884,0.5635363168187207,0.5818808527400827,0.5524413536271052,0.5338371894385378,0.5927823735495674,0.5903673466782133,0.5988,0.5963964348358344,0.5879479238684318,0.6,0.5867365980549956,0.5891581779649416,0.5867365980549956,0.5425342589085199,0.543774677796439,0.5635363168187207,0.5806643751103099,0.5561461090579244,0.5867365980549956,0.4963919258843324,0.5855242142422064,0.5794469088173696,0.6,0.5867365980549956,0.5425342589085199,0.5843107861983151,0.5733452394845465,0.5879479238684318,0.5879479238684318,0.5806643751103099,0.5425342589085199,0.5757887183213951,0.5939882046365135,0.6,0.5939882046365135,0.5782284678739728,0.543774677796439,0.5301031392620431,0.5939882046365135,0.5818808527400827,0.6,0.6,0.5101402338094979,0.505141639345757,0.5879479238684318,0.6,0.5806643751103099,0.6,0.5757887183213951,0.5915754163937749,0.5855242142422064,0.570898145118625,0.5499682139183885,0.6,0.5951928961990797,0.5939882046365135,0.5855242142422064,0.5757887183213951,0.5843107861983151,0.4826481278787289,0.5903673466782133,0.520129970674358,0.5794469088173696,0.5939882046365135,0.5927823735495674,0.5891581779649416,0.5903673466782133,0.5855242142422064,0.5610759116369145,0.5951928961990797,0.5988,0.5745674379705191,0.6,0.5879479238684318
1,10,-0.6,-0.27989749031646105,-0.3089941202630066,-0.42690594263156656,-0.3835348210877848,-0.35786504929614743,-0.42690594263156656,-0.1504457915084668,-0.38235264177728007,-0.23053560483239255,-0.4195800343439641,-0.4342637894175206,-0.37528905537481705,-0.05990850536976004,-0.28496952251835184,-0.48139963331605945,-0.2314249420235573,-0.12384432835969249,-0.32744830317850526,-0.10940945134950267,-0.3498569419917173,-0.429355162765462,-0.4318078169555984,-0.31328475205530476,-0.22700219506541663,-0.3613217430105876,-0.03293963314783419,-0.20825565723327732,-0.26307104394943737,-0.4147153576986707,-0.14601919784962464,-0.25253567720128234,-0.4739139225626637,-0.3636342022269965,-0.3509959309287183,-0.24320326183756097,-0.2099117362478713,-0.3942346409262124,-0.24690799587746598,-0.4122891348075799,-0.3047360839754738,-0.34418775850449906,-0.3882771276493854,-0.31328475205530476,-0.4244602716755245,-0.2778841646790014,-0.14048699322568756,-0.10138262229419255,-0.4552569213300745,-0.4195800343439641,-0.25253567720128234,-0.10940945134950267,-0.4651952715686989,-0.19693271833179926,-0.36479279728867137,-0.40262758659163295,-0.4062423014446806,-0.0715749257087325,-0.25728970027641646,-0.3464502384475595,-0.265992781696074,-0.3613217430105876,-0.1491699088557882,-0.1823175567330401,-0.13223060383323312,-0.31220906497438,-0.3659529542362815,-0.4098671367523529,-0.36247718038100785,-0.25253567720128234,-0.2611346985572196,-0.3026194381035554,-0.3219618037296813,-0.08848618573317507,-0.45277750325867117,-0.41836237119834474,-0.2880390692484162,-0.256334241724376,-0.39304057248211244,-0.12769964971873524,-0.36247718038100785,-0.49139256618732563,-0.3729460523490611,-0.3799924469323444,-0.292162186970548,-0.06428443387881765,-0.06104738547045387,-0.39662653610145465,-0.21493778968709087,-0.265992781696074,-0.4465893296411483,-0.4330353956644293,-0.4062423014446806,-0.22964866013370777,-0.33187170360710594,-0.37177676587712954,-0.40744947344485244,-0.29009630696052563,-0.3799924469323444,-0.29841117763802577,-0.35442301443716984
2,3,-0.6,-0.3374455633127156,-0.4098683159831828,-0.414716315287639,-0.470176326992149,-0.44659133759793457,-0.4963958759251525,-0.22788437126079417,-0.26599503789455087,-0.18684698872264352,-0.4050377030496906,-0.41836213722459586,-0.37528905537481705,-0.14352409922534273,-0.34307734531935724,-0.4062423014446806,-0.19613632819962903,-0.15761876608351658,-0.4354940357893772,-0.1108733985274939,-0.42690594263156656,-0.4527889209644287,-0.36596102766291666,-0.41836559879773266,-0.2768877385986163,-0.4726770004615428,-0.07357250097121135,-0.1742514644196987,-0.21494235842827514,-0.46519829279722014,-0.28090798456717436,-0.3870898363602665,-0.45029890372623566,-0.4135015221420226,-0.4135024424808687,-0.1466429322716947,-0.2066092134638103,-0.45401811499375777,-0.15696016426918427,-0.4159331429768618,-0.37294842472828427,-0.44783049834454075,-0.3241620048489709,-0.43672464053392135,-0.4159506108073191,-0.3882799332534062,-0.1466484683751469,-0.13630477817396322,-0.4614674268397202,-0.40022357868560443,-0.33187431456975164,-0.2880379895961027,-0.42691105580384364,-0.27990318987241436,-0.4342720571512544,-0.3978315072806983,-0.3613282493971688,-0.09177171420647758,-0.24784229293600699,-0.4098720225380388,-0.3613227379411172,-0.4208034024731565,-0.12658427034851022,-0.35329606750370374,-0.16507605518589924,-0.3978254634737901,-0.4062462982040794,-0.3532786297043222,-0.37881445599631086,-0.4123017414129086,-0.2082429280522566,-0.3799960648218794,-0.35901775476149617,-0.1174687527436,-0.407449829542493,-0.4503035881918984,-0.3942359976173393,-0.2829356335642961,-0.4726780802307158,-0.10002151848909611,-0.41836237119834474,-0.3966299776898209,-0.4552619418984361,-0.4355055883996697,-0.25729080555094275,-0.13222579695127804,-0.18380198974911802,-0.44536216400109224,-0.34420566867979174,-0.31436332173610065,-0.44535451653513075,-0.4207991508957588,-0.40624515641491493,-0.32415258781506057,-0.41107860220783304,-0.4776686906647295,-0.32634992352920217,-0.24971182172994405,-0.36943933253066774,-0.39782621245020694,-0.40143157149716757
2,4,0.6,0.7786908571536342,0.6227556253216201,0.6572907963070824,0.645891451918371,0.6988053249745226,0.6750567703510113,0.7717989823794991,0.5040786212623656,0.5491067441675422,0.6180935527924065,0.5905027904897612,0.6357131936793801,0.9215326681301491,0.5662461376241534,0.581997821380773,0.5141358069002586,0.6875944939835267,0.7112629025870579,0.5925839095409076,0.7644842914503085,0.6482353811551507,0.5127370388630775,0.7194553688771836,0.8105615557512555,0.7204262554850306,0.5555494385478034,0.5554633816558153,0.7083237830376714,0.6309044757912136,0.7787828523047283,0.7164621991658334,0.6262194825932519,0.692445898204815,0.6651543047674382,0.48658814635258596,0.6205118758000647,0.6447936180240437,0.49673238379434764,0.6425029983557377,0.5785389304162468,0.6250864687791032,0.5625827201139562,0.7497352712013265,0.6448432298823258,0.8097103258314996,0.5293925942259428,0.6292552018854579,0.6061076614771992,0.5735045645527527,0.7175161287553875,0.7479460740922013,0.5451178209405271,0.7956105643341882,0.6977240684577607,0.7050940881581418,0.577201043114509,0.6280629832206315,0.6086394066955819,0.7879041921835191,0.7145271495598436,0.6935114735817408,0.5302955154920003,0.7574088962423047,0.5667998457438245,0.743092728632873,0.6097369904716303,0.5438945503170158,0.6298134070803755,0.7796077398658481,0.655458011690933,0.7334273522993281,0.6674845206361799,0.5467709843547413,0.5685881747140279,0.6320715355674147,0.7488004350184851,0.6797360793296764,0.6516222942326748,0.42590004514830315,0.7029967468281967,0.5252068199506944,0.7733475796661026,0.7244592053126685,0.6086356048777404,0.8876048585771027,0.6325603782877304,0.6966381486344663,0.5797368438768176,0.5930486495080508,0.6413205276385058,0.6728956580716792,0.648299710888455,0.759142277821141,0.7235256995375823,0.6751323776232745,0.5526508553669994,0.5302620462155927,0.6806050155355237,0.6956829961542604,0.6751705712556242
2,5,0.6,0.8528442733893764,0.6944002887168611,0.7606334072785251,0.6933371850524812,0.7968057818590881,0.6922720277156907,0.933007282118678,0.7419310402520509,0.7678495554487174,0.7100955929876753,0.7059568407543396,0.8102411599913819,0.9704241808054725,0.7731613559630919,0.6933371850524812,0.824440789839618,0.8553410109327559,0.8117762762774813,0.9078867476680385,0.8207869952395593,0.7409713762729654,0.691204824139562,0.8040050098306262,0.9174617536400274,0.7894116514701691,0.8954647817849902,0.7757849002650481,0.8515826004561365,0.66052502778067,0.8229863469250835,0.8371096940522412,0.6638830758068462,0.7927220155193407,0.7059568407543396,0.8193089435469116,0.8602289405766002,0.766955882665165,0.8308695961410761,0.764260542754205,0.7495246443672356,0.6716542028812371,0.7172549563917434,0.8438243999693303,0.7090641320442124,0.8712848247894597,0.8810631476887898,0.9363713892523217,0.7017839039350093,0.7152203513801428,0.8857072225057275,0.776654613708977,0.670549638777673,0.9143751750994527,0.8411659586707112,0.723305735653789,0.7400093988306006,0.9372611930238264,0.8571904056001489,0.8322725219985161,0.8350505032719677,0.8431632048953004,0.8301646395872451,0.8968633449686821,0.8826290218308879,0.8867175683539383,0.6933371850524812,0.6933371850524812,0.7212976917331752,0.8515826004561365,0.7569682779669321,0.8841770024374507,0.8079205614162179,0.8661436736409865,0.6672246974082661,0.7696297303354861,0.8815871020761573,0.8273214596498752,0.786903583557856,0.8528442733893764,0.8008293864698117,0.686915698895015,0.8110099121046179,0.7660598218090704,0.7447961152169265,0.9809574042186882,0.8294573503156301,0.7532653018600426,0.6836777455279611,0.7380785185626425,0.7457464895268,0.7792493365955194,0.80714224320402,0.9061970109319347,0.8655618509754295,0.7017839039350093,0.7182689578113596,0.7660598218090704,0.7860627430225839,0.7182689578113596,0.8357392090732537
2,6,-0.6,-0.5757887183213951,-0.5499682139183885,-0.5879479238684318,-0.5684475496817656,-0.5745674379705191,-0.5794469088173696,-0.5635363168187207,-0.583096327741662,-0.5188819967529547,-0.583096327741662,-0.5818808527400827,-0.5951928961990797,-0.5313482257057686,-0.5238722767374867,-0.5963964348358344,-0.5549118709857361,-0.4851457280715483,-0.5745674379705191,-0.5301031392620431,-0.5915754163937749,-0.5721221371053218,-0.5770090663399023,-0.5757887183213951,-0.5721221371053218,-0.5770090663399023,-0.44165044909370976,-0.5325929142154833,-0.5635363168187207,-0.5425342589085199,-0.5138878221436026,-0.5610759116369145,-0.5806643751103099,-0.5855242142422064,-0.5647653440697584,-0.5672209750170528,-0.5672209750170528,-0.5818808527400827,-0.5647653440697584,-0.5721221371053218,-0.5276118340826735,-0.547492571435052,-0.5623065011364952,-0.5818808527400827,-0.5573796469385105,-0.5806643751103099,-0.5188819967529547,-0.543774677796439,-0.5770090663399023,-0.5867365980549956,-0.5733452394845465,-0.46892959174455584,-0.5782284678739728,-0.570898145118625,-0.5891581779649416,-0.570898145118625,-0.5745674379705191,-0.5063914350935442,-0.5684475496817656,-0.5891581779649416,-0.5757887183213951,-0.5867365980549956,-0.5338371894385378,-0.5301031392620431,-0.5238722767374867,-0.5963964348358344,-0.5696732778535313,-0.5745674379705191,-0.5770090663399023,-0.543774677796439,-0.5412933047244244,-0.5855242142422064,-0.583096327741662,-0.5076411431582004,-0.5806643751103099,-0.5794469088173696,-0.5879479238684318,-0.5586124698304124,-0.5647653440697584,-0.5126387865016221,-0.5855242142422064,-0.5903673466782133,-0.583096327741662,-0.5684475496817656,-0.5610759116369145,-0.5561461090579244,-0.46768441859590165,-0.5770090663399023,-0.4888934224354015,-0.5586124698304124,-0.5891581779649416,-0.5939882046365135,-0.5915754163937749,-0.5770090663399023,-0.5903673466782133,-0.5586124698304124,-0.5843107861983151,-0.5610759116369145,-0.5733452394845465,-0.5635363168187207,-0.5867365980549956
2,7,-0.6,-0.23321078777950247,-0.40744947344485244,-0.40503625397487253,-0.4465893296411483,-0.39902335535685596,-0.43918522283211425,-0.15563919936138065,-0.32744830317850526,-0.1504457915084668,-0.40865775641753904,-0.44288413798524134,-0.38471837181880425,-0.029316028220426966,-0.25728970027641646,-0.429355162765462,-0.23410729312164696,-0.07258029943422453,-0.3729460523490611,-0.08260892405900737,-0.34193229793611873,-0.39902335535685596,-0.41714569471052654,-0.36711466167056683,-0.1530244617740308,-0.38235264177728007,-0.051981172269181655,-0.16715929381612055,-0.16165538559104084,-0.3729460523490611,-0.13223060383323312,-0.32415064153408824,-0.42813011623060143,-0.38471837181880425,-0.37177676587712954,-0.20253524331550568,-0.23590746016241898,-0.429355162765462,-0.20334522303201605,-0.3859032815129567,-0.3057975109416916,-0.38471837181880425,-0.3079265364934771,-0.34193229793611873,-0.3363248775440319,-0.2621017206005134,-0.0905276836348303,-0.14539570989107975,-0.45030039559039026,-0.44288413798524134,-0.27090798462164234,-0.144774430903898,-0.45773852881496263,-0.1808291488296903,-0.3859032815129567,-0.3285513299461892,-0.36711466167056683,-0.07567494983250324,-0.256334241724376,-0.2942366596019628,-0.31652381998100865,-0.381171846281764,-0.15108709041609525,-0.18608013167846613,-0.12825869171731663,-0.334094605928927,-0.4014249935260978,-0.4062423014446806,-0.38235264177728007,-0.1914478139756722,-0.1249355431707966,-0.31328475205530476,-0.3555687124530575,-0.12603498370459382,-0.4465893296411483,-0.4195800343439641,-0.3089941202630066,-0.24690799587746598,-0.40865775641753904,-0.10603889400859391,-0.3799924469323444,-0.4552569213300745,-0.33744275325167994,-0.3352088252725868,-0.25159187015657347,-0.0537372268734585,-0.07852693971786733,-0.39662653610145465,-0.2422829846612153,-0.33076303922734585,-0.4232388029283012,-0.39662653610145465,-0.39662653610145465,-0.24784007273286915,-0.3453181260939236,-0.39304057248211244,-0.37411681947336356,-0.2973643679045322,-0.31328475205530476,-0.36479279728867137,-0.3706089718659742
2,9,-0.6,-0.6,-0.6,-0.6,-0.6,-0.6,-0.6,-0.6,-0.6,-0.6,-0.6,-0.6,-0.6,-0.6,-0.6,-0.6,-0.6,-0.6,-0.6,-0.6,-0.6,-0.6,-0.6,-0.6,-0.6,-0.6,-0.6,-0.6,-0.6,-0.6,-0.6,-0.6,-0.6,-0.6,-0.6,-0.6,-0.6,-0.6,-0.6,-0.6,-0.6,-0.6,-0.6,-0.6,-0.6,-0.6,-0.6,-0.6,-0.6,-0.6,-0.6,-0.6,-0.6,-0.6,-0.6,-0.6,-0.6,-0.6,-0.6,-0.6,-0.6,-0.6,-0.6,-0.6,-0.6,-0.6,-0.6,-0.6,-0.6,-0.6,-0.6,-0.6,-0.6,-0.6,-0.6,-0.6,-0.6,-0.6,-0.6,-0.6,-0.6,-0.6,-0.6,-0.6,-0.6,-0.6,-0.6,-0.6,-0.6,-0.6,-0.6,-0.6,-0.6,-0.6,-0.6,-0.6,-0.6,-0.6,-0.6,-0.6,-0.6
3,0,-0.6,-0.6,-0.6,-0.6,-0.6,-0.6,-0.6,-0.6,-0.6,-0.6,-0.6,-0.6,-0.6,-0.6,-0.6,-0.6,-0.6,-0.6,-0.6,-0.6,-0.6,-0.6,-0.6,-0.6,-0.6,-0.6,-0.6,-0.6,-0.6,-0.6,-0.6,-0.6,-0.6,-0.6,-0.6,-0.6,-0.6,-0.6,-0.6,-0.6,-0.6,-0.6,-0.6,-0.6,-0.6,-0.6,-0.6,-0.6,-0.6,-0.6,-0.6,-0.6,-0.6,-0.6,-0.6,-0.6,-0.6,-0.6,-0.6,-0.6,-0.6,-0.6,-0.6,-0.6,-0.6,-0.6,-0.6,-0.6,-0.6,-0.6,-0.6,-0.6,-0.6,-0.6,-0.6,-0.6,-0.6,-0.6,-0.6,-0.6,-0.6,-0.6,-0.6,-0.6,-0.6,-0.6,-0.6,-0.6,-0.6,-0.6,-0.6,-0.6,-0.6,-0.6,-0.6,-0.6,-0.6,-0.6,-0.6,-0.6,-0.6
3,1,-0.6,-0.6,-0.6,-0.6,-0.6,-0.6,-0.6,-0.6,-0.6,-0.6,-0.6,-0.6,-0.6,-0.6,-0.6,-0.6,-0.6,-0.6,-0.6,-0.6,-0.6,-0.6,-0.6,-0.6,-0.6,-0.6,-0.6,-0.6,-0.6,-0.6,-0.6,-0.6,-0.6,-0.6,-0.6,-0.6,-0.6,-0.6,-0.6,-0.6,-0.6,-0.6,-0.6,-0.6,-0.6,-0.6,-0.6,-0.6,-0.6,-0.6,-0.6,-0.6,-0.6,-0.6,-0.6,-0.6,-0.6,-0.6,-0.6,-0.6,-0.6,-0.6,-0.6,-0.6,-0.6,-0.6,-0.6,-0.6,-0.6,-0.6,-0.6,-0.6,-0.6,-0.6,-0.6,-0.6,-0.6,-0.6,-0.6,-0.6,-0.6,-0.6,-0.6,-0.6,-0.6,-0.6,-0.6,-0.6,-0.6,-0.6,-0.6,-0.6,-0.6,-0.6,-0.6,-0.6,-0.6,-0.6,-0.6,-0.6,-0.6
3,6,-0.6,-0.27989749031646105,-0.3089941202630066,-0.42690594263156656,-0.3835348210877848,-0.35786504929614743,-0.42690594263156656,-0.1504457915084668,-0.38235264177728007,-0.23053560483239255,-0.4195800343439641,-0.4342637894175206,-0.37528905537481705,-0.05990850536976004,-0.28496952251835184,-0.48139963331605945,-0.2314249420235573,-0.12384432835969249,-0.32744830317850526,-0.10940945134950267,-0.3498569419917173,-0.429355162765462,-0.4318078169555984,-0.31328475205530476,-0.22700219506541663,-0.3613217430105876,-0.03293963314783419,-0.20825565723327732,-0.26307104394943737,-0.4147153576986707,-0.14601919784962464,-0.25253567720128234,-0.4739139225626637,-0.3636342022269965,-0.3509959309287183,-0.24320326183756097,-0.2099117362478713,-0.3942346409262124,-0.24690799587746598,-0.4122891348075799,-0.3047360839754738,-0.34418775850449906,-0.3882771276493854,-0.31328475205530476,-0.4244602716755245,-0.2778841646790014,-0.14048699322568756,-0.10138262229419255,-0.4552569213300745,-0.4195800343439641,-0.25253567720128234,-0.10940945134950267,-0.4651952715686989,-0.19693271833179926,-0.36479279728867137,-0.40262758659163295,-0.4062423014446806,-0.0715749257087325,-0.25728970027641646,-0.3464502384475595,-0.265992781696074,-0.3613217430105876,-0.1491699088557882,-0.1823175567330401,-0.13223060383323312,-0.31220906497438,-0.3659529542362815,-0.4098671367523529,-0.36247718038100785,-0.25253567720128234,-0.2611346985572196,-0.3026194381035554,-0.3219618037296813,-0.08848618573317507,-0.45277750325867117,-0.41836237119834474,-0.2880390692484162,-0.256334241724376,-0.39304057248211244,-0.12769964971873524,-0.36247718038100785,-0.49139256618732563,-0.3729460523490611,-0.3799924469323444,-0.292162186970548,-0.06428443387881765,-0.06104738547045387,-0.39662653610145465,-0.21493778968709087,-0.265992781696074,-0.4465893296411483,-0.4330353956644293,-0.4062423014446806,-0.22964866013370777,-0.33187170360710594,-0.37177676587712954,-0.40744947344485244,-0.29009630696052563,-0.3799924469323444,-0.29841117763802577,-0.35442301443716984
3,7,0.6,0.27989749031646105,0.3089941202630066,0.42690594263156656,0.3835348210877848,0.35786504929614743,0.42690594263156656,0.1504457915084668,0.38235264177728007,0.23053560483239255,0.4195800343439641,0.4342637894175206,0.37528905537481705,0.05990850536976004,0.28496952251835184,0.48139963331605945,0.2314249420235573,0.12384432835969249,0.32744830317850526,0.10940945134950267,0.3498569419917173,0.429355162765462,0.4318078169555984,0.31328475205530476,0.22700219506541663,0.3613217430105876,0.03293963314783419,0.20825565723327732,0.26307104394943737,0.4147153576986707,0.14601919784962464,0.25253567720128234,0.4739139225626637,0.3636342022269965,0.3509959309287183,0.24320326183756097,0.2099117362478713,0.3942346409262124,0.24690799587746598,0.4122891348075799,0.3047360839754738,0.34418775850449906,0.3882771276493854,0.31328475205530476,0.4244602716755245,0.2778841646790014,0.14048699322568756,0.10138262229419255,0.4552569213300745,0.4195800343439641,0.25253567720128234,0.10940945134950267,0.4651952715686989,0.19693271833179926,0.36479279728867137,0.40262758659163295,0.4062423014446806,0.0715749257087325,0.25728970027641646,0.3464502384475595,0.265992781696074,0.3613217430105876,0.1491699088557882,0.1823175567330401,0.13223060383323312,0.31220906497438,0.3659529542362815,0.4098671367523529,0.36247718038100785,0.25253567720128234,0.2611346985572196,0.3026194381035554,0.3219618037296813,0.08848618573317507,0.45277750325867117,0.41836237119834474,0.2880390692484162,0.256334241724376,0.39304057248211244,0.12769964971873524,0.36247718038100785,0.49139256618732563,0.3729460523490611,0.3799924469323444,0.292162186970548,0.06428443387881765,0.06104738547045387,0.39662653610145465,0.21493778968709087,0.265992781696074,0.4465893296411483,0.4330353956644293,0.4062423014446806,0.22964866013370777,0.33187170360710594,0.37177676587712954,0.40744947344485244,0.29009630696052563,0.3799924469323444,0.29841117763802577,0.35442301443716984
3,8,0.6,0.6738576523615551,0.6836777455279611,0.6249293319660912,0.6616461863579501,0.6411987075869481,0.6571508133438027,0.7069947496530721,0.6284407970532268,0.6954613313555951,0.6365813609726437,0.6261012952761638,0.6190478703430244,0.7633573281656978,0.6548924869032813,0.6155021150039264,0.6738576523615551,0.7292760804335465,0.6434977059912037,0.7100955929876753,0.637738088631818,0.6365813609726437,0.6155021150039264,0.649216283510581,0.6560225284907859,0.6457901375174122,0.8155723335160969,0.7007353773936963,0.6627655389101298,0.6480759158949216,0.7843738362144778,0.6815091770991965,0.637738088631818,0.637738088631818,0.6526271739366714,0.65940207288487,0.6616461863579501,0.6319388106747352,0.670549638777673,0.6354230579958284,0.6727568770544031,0.6890643084005191,0.6365813609726437,0.6548924869032813,0.6331017714259239,0.6627655389101298,0.6975772045425657,0.7182689578113596,0.6331017714259239,0.6307743202889704,0.6738576523615551,0.7541945852944113,0.6237559095918858,0.6804219374768109,0.6272717875928121,0.6307743202889704,0.6296083118614884,0.7560460759319328,0.6537606986655519,0.6503549560142575,0.6858383784094643,0.6354230579958284,0.7292760804335465,0.6782415889527001,0.7361384302213958,0.6354230579958284,0.6638830758068462,0.6331017714259239,0.670549638777673,0.670549638777673,0.6933371850524812,0.6319388106747352,0.649216283510581,0.7361384302213958,0.6331017714259239,0.6214047356981554,0.6284407970532268,0.686915698895015,0.6225810401489057,0.7152203513801428,0.649216283510581,0.6047927042017147,0.6457901375174122,0.6249293319660912,0.6793327386325382,0.7341891658003055,0.7976153134983632,0.6480759158949216,0.7162387523819018,0.6815091770991965,0.6261012952761638,0.6178673338850103,0.6155021150039264,0.6760534710257753,0.637738088631818,0.6638830758068462,0.640046773080199,0.65940207288487,0.642349022211827,0.6922720277156907,0.6307743202889704
3,9,-0.6,-0.12155597951246913,-0.2983998280883852,-0.28086039035393695,-0.34981930248585136,-0.2024619348035285,-0.38828876190532463,-0.029679056356268052,-0.2689404718049914,-0.17279127940935446,-0.34081584194284914,-0.34871419658315655,-0.18603630160079343,-0.0062458351474555885,-0.1860190686914338,-0.396621731766394,-0.1173888752386945,-0.061278153038570905,-0.1691747717095543,-0.02955256097951331,-0.17127084300555678,-0.3176045295597204,-0.3532862308331081,-0.17057322935106772,-0.04808646411219635,-0.2157225664347154,-0.01730531200495496,-0.1517264035272461,-0.10931483183852171,-0.4026119204094957,-0.11842819541263996,-0.12319505371576216,-0.44535192965915843,-0.2081943864301222,-0.2973198103651249,-0.12057685771661258,-0.07771590583838134,-0.255352100930127,-0.11951569467282767,-0.2748487981409808,-0.23229694332893852,-0.36247002852950794,-0.3058130884683133,-0.13856826406289807,-0.34418068577588823,-0.10034421948176268,-0.049266834673912935,-0.019093970857769038,-0.379990808889596,-0.3296590544195608,-0.08249920132270845,-0.0977137198990055,-0.41715811712113243,-0.04649350417972339,-0.15423332732736883,-0.30579933700503475,-0.2911383273399982,-0.015682092777116977,-0.0990290402500762,-0.1656573949264014,-0.13501720807431639,-0.15488659802782262,-0.08799265239551018,-0.051172864126360476,-0.053674328503940945,-0.09164221982977772,-0.3363075011858644,-0.34644797174817665,-0.30895143322951685,-0.10833077729769744,-0.20492956957171277,-0.08918087119414153,-0.17274170508034656,-0.040097989009467684,-0.4159368569537181,-0.26109293321939264,-0.08441077659433942,-0.1374117388677644,-0.22518293890255975,-0.05960045603939481,-0.20736021160493967,-0.4050430194065954,-0.20164050620064386,-0.239473105995112,-0.23048818830388462,-0.0036407060045297733,-0.050202697799282006,-0.28495157844609986,-0.24504168209771418,-0.2165813357788004,-0.3154089114857982,-0.25916907869956557,-0.2073943346882673,-0.0603583172477359,-0.11944406288137205,-0.3340877946188278,-0.3241681784319957,-0.1945227534056289,-0.23228045521286966,-0.2728576894313788,-0.15556388392401027
3,10,0.6,0.6,0.6,0.6,0.6,0.6,0.6,0.6,0.6,0.6,0.6,0.6,0.6,0.6,0.6,0.6,0.6,0.6,0.6,0.6,0.6,0.6,0.6,0.6,0.6,0.6,0.6,0.6,0.6,0.6,0.6,0.6,0.6,0.6,0.6,0.6,0.6,0.6,0.6,0.6,0.6,0.6,0.6,0.6,0.6,0.6,0.6,0.6,0.6,0.6,0.6,0.6,0.6,0.6,0.6,0.6,0.6,0.6,0.6,0.6,0.6,0.6,0.6,0.6,0.6,0.6,0.6,0.6,0.6,0.6,0.6,0.6,0.6,0.6,0.6,0.6,0.6,0.6,0.6,0.6,0.6,0.6,0.6,0.6,0.6,0.6,0.6,0.6,0.6,0.6,0.6,0.6,0.6,0.6,0.6,0.6,0.6,0.6,0.6,0.6,0.6
4,1,0.6,0.04284784509525807,0.1321225985583085,0.13154404159148297,0.22603929403142112,0.1581819583160636,0.26985519565217786,0.005045464632239464,0.015433882564973382,0.0011870275940681168,0.122092065852244,0.13737787638698154,0.07839791380103932,0.0003860208833241232,0.010492590782059653,0.11838879885180789,0.0031677392913507752,0.0004556141108374646,0.13444384391164052,0.00013928188923893544,0.15950474888140037,0.12646050603536513,0.057028028011923484,0.13442657869874092,0.011135758660513032,0.17632667548684094,3.3482855246192655e-05,0.0018347239703539664,0.0047500847998633135,0.11223664984574597,0.008861970783779842,0.07733622881527472,0.18523001144501833,0.13096760365041707,0.13443557802984818,0.0014643639422806008,0.007009912402195594,0.1561999812073032,0.001798703693406519,0.09376448065435318,0.025495214261995382,0.12317060481819553,0.02179202763315328,0.12645916300238086,0.06757505984576756,0.08172958799412021,0.00012110789840195913,0.0009093534509463699,0.16706232907289637,0.11996807997494055,0.027712588996042287,0.009887024328115298,0.12263353395080517,0.014052343962631752,0.11735935345610105,0.10402853947825215,0.051867072042990126,9.946975161161936e-05,0.00797906593009586,0.12265027381982241,0.06948340106540941,0.11126667910668439,0.00081444697351936,0.013250794896077197,0.00063391989879185,0.08060847315150897,0.10590819555595292,0.061793580587632936,0.0990035225726531,0.024284868818963003,0.002219604194297304,0.05868059394241374,0.06756293911265207,0.000540022184597043,0.12868852740554665,0.12815499920995654,0.07281249989954243,0.018076655705312982,0.12374999256817741,0.00011004027404190669,0.1397547265415902,0.09677145374476766,0.15818432936134147,0.12104309833174028,0.01377778820163598,0.0006533479191395995,0.0004139961366760979,0.16360224608587753,0.014335047736750598,0.03743478126055896,0.15753115374803928,0.12760066924854654,0.09547585027075574,0.023923924187946033,0.08211736020225335,0.17415401859553586,0.043041297539113135,0.013242762335376523,0.05138274603317697,0.14341674637058613,0.08061451283730921
4,4,-0.6,-0.6,-0.6,-0.6,-0.6,-0.6,-0.6,-0.6,-0.6,-0.6,-0.6,-0.6,-0.6,-0.6,-0.6,-0.6,-0.6,-0.6,-0.6,-0.6,-0.6,-0.6,-0.6,-0.6,-0.6,-0.6,-0.6,-0.6,-0.6,-0.6,-0.6,-0.6,-0.6,-0.6,-0.6,-0.6,-0.6,-0.6,-0.6,-0.6,-0.6,-0.6,-0.6,-0.6,-0.6,-0.6,-0.6,-0.6,-0.6,-0.6,-0.6,-0.6,-0.6,-0.6,-0.6,-0.6,-0.6,-0.6,-0.6,-0.6,-0.6,-0.6,-0.6,-0.6,-0.6,-0.6,-0.6,-0.6,-0.6,-0.6,-0.6,-0.6,-0.6,-0.6,-0.6,-0.6,-0.6,-0.6,-0.6,-0.6,-0.6,-0.6,-0.6,-0.6,-0.6,-0.6,-0.6,-0.6,-0.6,-0.6,-0.6,-0.6,-0.6,-0.6,-0.6,-0.6,-0.6,-0.6,-0.6,-0.6,-0.6
4,6,-0.6,-0.9763348182804586,-0.943100294015107,-0.8811588349842406,-0.9037983750194433,-0.9194570365435114,-0.8918306731304073,-0.9947101183795225,-0.9327401504663645,-0.9929553419101924,-0.8897906829823076,-0.8615197353837186,-0.9071048572524285,-0.9997933540079105,-0.9775640819494323,-0.8398872340495159,-0.9832172252334369,-0.9987529167481948,-0.9367973862740976,-0.998585110472611,-0.93466604422157,-0.9063200262019967,-0.8806121280035702,-0.9413901628353056,-0.9893624730188969,-0.9315829097888342,-0.999866741043211,-0.9918232144815102,-0.9868286676278214,-0.928638357815604,-0.9978693081043131,-0.9689135716456707,-0.8603714283433507,-0.9179425317523668,-0.9313097839042298,-0.9834532817115098,-0.9819317328273603,-0.8951159399036145,-0.9829567102071982,-0.90673508425674,-0.9696381684247904,-0.9513708190522309,-0.9429581494037208,-0.9528916092381783,-0.9285736932284281,-0.9721934722653313,-0.9981899417223551,-0.9969105625233344,-0.8627518687416952,-0.870257220723474,-0.9759860010625804,-0.9978251816016455,-0.8458601236640482,-0.9906136367756336,-0.9179383478719574,-0.9251679992716704,-0.9152180556577745,-0.9993537775416458,-0.9765545179323437,-0.9515404713300162,-0.9673516728737941,-0.9216405124497042,-0.9955360093071463,-0.9922302538332864,-0.9974993301893046,-0.9491289511620981,-0.9299510721179376,-0.891257210845106,-0.9289858167744918,-0.9893709825436352,-0.9937838755951187,-0.9544295514104477,-0.9413688316453472,-0.9980257549588972,-0.8535512216270911,-0.8878244534810396,-0.9563460385218859,-0.9796694294420564,-0.9088291982576181,-0.9976637158611404,-0.9230891608842968,-0.8155855562597033,-0.938265265533804,-0.9302856996542415,-0.9755036418764812,-0.9994220171384619,-0.9996418663059083,-0.9125317225656036,-0.9896429416284775,-0.9676844723512544,-0.8702786476200707,-0.885799589577239,-0.8973996270032429,-0.9821123011595293,-0.944858374401749,-0.9328818802086412,-0.9095982497110523,-0.9623951240978454,-0.944880176440874,-0.9542940660356737,-0.927232430841458
4,10,-0.6,-0.6,-0.6,-0.6,-0.6,-0.6,-0.6,-0.6,-0.6,-0.6,-0.6,-0.6,-0.6,-0.6,-0.6,-0.6,-0.6,-0.6,-0.6,-0.6,-0.6,-0.6,-0.6,-0.6,-0.6,-0.6,-0.6,-0.6,-0.6,-0.6,-0.6,-0.6,-0.6,-0.6,-0.6,-0.6,-0.6,-0.6,-0.6,-0.6,-0.6,-0.6,-0.6,-0.6,-0.6,-0.6,-0.6,-0.6,-0.6,-0.6,-0.6,-0.6,-0.6,-0.6,-0.6,-0.6,-0.6,-0.6,-0.6,-0.6,-0.6,-0.6,-0.6,-0.6,-0.6,-0.6,-0.6,-0.6,-0.6,-0.6,-0.6,-0.6,-0.6,-0.6,-0.6,-0.6,-0.6,-0.6,-0.6,-0.6,-0.6,-0.6,-0.6,-0.6,-0.6,-0.6,-0.6,-0.6,-0.6,-0.6,-0.6,-0.6,-0.6,-0.6,-0.6,-0.6,-0.6,-0.6,-0.6,-0.6,-0.6
5,0,-0.6,-0.9532653417879566,-0.885256162934145,-0.8810776093338194,-0.8302212087194116,-0.8684707664921191,-0.8087367076326812,-0.9908035786769971,-0.9707149831783617,-0.9954429003974028,-0.8867309853596047,-0.8746312016305133,-0.9182226438760874,-0.9988021614984299,-0.9799127095322712,-0.8877328981342717,-0.9912921309828646,-0.997910933050459,-0.8847144323759722,-0.9991429906939941,-0.8690426147837339,-0.8795010994916079,-0.9257840175317098,-0.8842045982795794,-0.9805871012235321,-0.8572146329769483,-0.9997481662063303,-0.9940929792918732,-0.9881532583070246,-0.8836854538784845,-0.9870652686260188,-0.9295155174369376,-0.8484119046194047,-0.8852149442988344,-0.8784488752850994,-0.9944073775044475,-0.9842179396480634,-0.8690324462974586,-0.994238251599952,-0.9074852439656442,-0.9632410896997549,-0.8897659735980356,-0.9646158457468567,-0.8940695712015991,-0.9193597185597668,-0.9233620006299593,-0.9992660378238648,-0.9969456490113696,-0.8584330414918496,-0.8877358725716683,-0.9672661362368845,-0.981725169802706,-0.8821149068481703,-0.9775174116304267,-0.8973396867355087,-0.8906950440327351,-0.9339505839897516,-0.9993530301046833,-0.9830889746027868,-0.8954988230925892,-0.9369949353218253,-0.9018643228357304,-0.996884376555886,-0.9793173763104714,-0.9977817251654378,-0.9229958529966868,-0.8973622519593908,-0.9278356713905116,-0.9112381663484517,-0.9658087526811006,-0.9925346062670305,-0.9369789108770388,-0.9298214039487901,-0.9976326439409957,-0.8810719589534757,-0.8831533042708865,-0.9278305388920489,-0.9730582523314567,-0.883152979022607,-0.9992624900220014,-0.8852349712616441,-0.8968633449686821,-0.871309399269863,-0.8821210827546506,-0.9748413557146908,-0.9980035579201093,-0.9986299500070454,-0.8638364376310818,-0.9754558557007955,-0.9505092498457206,-0.8673191820021765,-0.8800201474490208,-0.9018543239298729,-0.970156392058507,-0.9211883922869188,-0.8584574344746349,-0.9455504403395799,-0.9757978018829365,-0.9363880232285658,-0.8842583706958922,-0.9204568201412722
5,1,0.6,0.6,0.6,0.6,0.6,0.6,0.6,0.6,0.6,0.6,0.6,0.6,0.6,0.6,0.6,0.6,0.6,0.6,0.6,0.6,0.6,0.6,0.6,0.6,0.6,0.6,0.6,0.6,0.6,0.6,0.6,0.6,0.6,0.6,0.6,0.6,0.6,0.6,0.6,0.6,0.6,0.6,0.6,0.6,0.6,0.6,0.6,0.6,0.6,0.6,0.6,0.6,0.6,0.6,0.6,0.6,0.6,0.6,0.6,0.6,0.6,0.6,0.6,0.6,0.6,0.6,0.6,0.6,0.6,0.6,0.6,0.6,0.6,0.6,0.6,0.6,0.6,0.6,0.6,0.6,0.6,0.6,0.6,0.6,0.6,0.6,0.6,0.6,0.6,0.6,0.6,0.6,0.6,0.6,0.6,0.6,0.6,0.6,0.6,0.6,0.6
5,3,-0.6,-0.27989749031646105,-0.3089941202630066,-0.42690594263156656,-0.3835348210877848,-0.35786504929614743,-0.42690594263156656,-0.1504457915084668,-0.38235264177728007,-0.23053560483239255,-0.4195800343439641,-0.4342637894175206,-0.37528905537481705,-0.05990850536976004,-0.28496952251835184,-0.48139963331605945,-0.2314249420235573,-0.12384432835969249,-0.32744830317850526,-0.10940945134950267,-0.3498569419917173,-0.429355162765462,-0.4318078169555984,-0.31328475205530476,-0.22700219506541663,-0.3613217430105876,-0.03293963314783419,-0.20825565723327732,-0.26307104394943737,-0.4147153576986707,-0.14601919784962464,-0.25253567720128234,-0.4739139225626637,-0.3636342022269965,-0.3509959309287183,-0.24320326183756097,-0.2099117362478713,-0.3942346409262124,-0.24690799587746598,-0.4122891348075799,-0.3047360839754738,-0.34418775850449906,-0.3882771276493854,-0.31328475205530476,-0.4244602716755245,-0.2778841646790014,-0.14048699322568756,-0.10138262229419255,-0.4552569213300745,-0.4195800343439641,-0.25253567720128234,-0.10940945134950267,-0.4651952715686989,-0.19693271833179926,-0.36479279728867137,-0.40262758659163295,-0.4062423014446806,-0.0715749257087325,-0.25728970027641646,-0.3464502384475595,-0.265992781696074,-0.3613217430105876,-0.1491699088557882,-0.1823175567330401,-0.13223060383323312,-0.31220906497438,-0.3659529542362815,-0.4098671367523529,-0.36247718038100785,-0.25253567720128234,-0.2611346985572196,-0.3026194381035554,-0.3219618037296813,-0.08848618573317507,-0.45277750325867117,-0.41836237119834474,-0.2880390692484162,-0.256334241724376,-0.39304057248211244,-0.12769964971873524,-0.36247718038100785,-0.49139256618732563,-0.3729460523490611,-0.3799924469323444,-0.292162186970548,-0.06428443387881765,-0.06104738547045387,-0.39662653610145465,-0.21493778968709087,-0.265992781696074,-0.4465893296411483,-0.4330353956644293,-0.4062423014446806,-0.22964866013370777,-0.33187170360710594,-0.37177676587712954,-0.40744947344485244,-0.29009630696052563,-0.3799924469323444,-0.29841117763802577,-0.35442301443716984
5,4,-0.6,-0.8528442733893764,-0.6944002887168611,-0.7606334072785251,-0.6933371850524812,-0.7968057818590881,-0.6922720277156907,-0.933007282118678,-0.7419310402520509,-0.7678495554487174,-0.7100955929876753,-0.7059568407543396,-0.8102411599913819,-0.9704241808054725,-0.7731613559630919,-0.6933371850524812,-0.824440789839618,-0.8553410109327559,-0.8117762762774813,-0.9078867476680385,-0.8207869952395593,-0.7409713762729654,-0.691204824139562,-0.8040050098306262,-0.9174617536400274,-0.7894116514701691,-0.8954647817849902,-0.7757849002650481,-0.8515826004561365,-0.66052502778067,-0.8229863469250835,-0.8371096940522412,-0.6638830758068462,-0.7927220155193407,-0.7059568407543396,-0.8193089435469116,-0.8602289405766002,-0.766955882665165,-0.8308695961410761,-0.764260542754205,-0.7495246443672356,-0.6716542028812371,-0.7172549563917434,-0.8438243999693303,-0.7090641320442124,-0.8712848247894597,-0.8810631476887898,-0.9363713892523217,-0.7017839039350093,-0.7152203513801428,-0.8857072225057275,-0.776654613708977,-0.670549638777673,-0.9143751750994527,-0.8411659586707112,-0.723305735653789,-0.7400093988306006,-0.9372611930238264,-0.8571904056001489,-0.8322725219985161,-0.8350505032719677,-0.8431632048953004,-0.8301646395872451,-0.8968633449686821,-0.8826290218308879,-0.8867175683539383,-0.6933371850524812,-0.6933371850524812,-0.7212976917331752,-0.8515826004561365,-0.7569682779669321,-0.8841770024374507,-0.8079205614162179,-0.8661436736409865,-0.6672246974082661,-0.7696297303354861,-0.8815871020761573,-0.8273214596498752,-0.786903583557856,-0.8528442733893764,-0.8008293864698117,-0.686915698895015,-0.8110099121046179,-0.7660598218090704,-0.7447961152169265,-0.9809574042186882,-0.8294573503156301,-0.7532653018600426,-0.6836777455279611,-0.7380785185626425,-0.7457464895268,-0.7792493365955194,-0.80714224320402,-0.9061970109319347,-0.8655618509754295,-0.7017839039350093,-0.7182689578113596,-0.7660598218090704,-0.7860627430225839,-0.7182689578113596,-0.8357392090732537
5,6,-0.6,-0.6,-0.6,-0.6,-0.6,-0.6,-0.6,-0.6,-0.6,-0.6,-0.6,-0.6,-0.6,-0.6,-0.6,-0.6,-0.6,-0.6,-0.6,-0.6,-0.6,-0.6,-0.6,-0.6,-0.6,-0.6,-0.6,-0.6,-0.6,-0.6,-0.6,-0.6,-0.6,-0.6,-0.6,-0.6,-0.6,-0.6,-0.6,-0.6,-0.6,-0.6,-0.6,-0.6,-0.6,-0.6,-0.6,-0.6,-0.6,-0.6,-0.6,-0.6,-0.6,-0.6,-0.6,-0.6,-0.6,-0.6,-0.6,-0.6,-0.6,-0.6,-0.6,-0.6,-0.6,-0.6,-0.6,-0.6,-0.6,-0.6,-0.6,-0.6,-0.6,-0.6,-0.6,-0.6,-0.6,-0.6,-0.6,-0.6,-0.6,-0.6,-0.6,-0.6,-0.6,-0.6,-0.6,-0.6,-0.6,-0.6,-0.6,-0.6,-0.6,-0.6,-0.6,-0.6,-0.6,-0.6,-0.6,-0.6,-0.6
5,7,-0.6,-0.5963964348358344,-0.5939882046365135,-0.6,-0.5867365980549956,-0.5963964348358344,-0.5770090663399023,-0.583096327741662,-0.5915777600751838,-0.5350826319236279,-0.5951928961990797,-0.6,-0.6,-0.5561472469734029,-0.5375733173051715,-0.5988,-0.5794480761177252,-0.5301056998833114,-0.5927823735495674,-0.5363244387188473,-0.6,-0.5709004033955917,-0.5855253767047363,-0.5988,-0.5806655853888172,-0.5745674379705191,-0.536325388858017,-0.5647661325009463,-0.5830975360259392,-0.5536776336749109,-0.5350820925530315,-0.5927823735495674,-0.5903673466782133,-0.5988,-0.5963964348358344,-0.5879479238684318,-0.6,-0.5891603653135636,-0.5891581779649416,-0.5879491134477045,-0.5437756558884832,-0.543774677796439,-0.56476629808978,-0.5818819888200101,-0.5573806495898269,-0.5867365980549956,-0.5013938230735759,-0.5855242142422064,-0.5794469088173696,-0.6,-0.5867365980549956,-0.5425342589085199,-0.5867387306128943,-0.5733452394845465,-0.5879479238684318,-0.5879479238684318,-0.5818819594402344,-0.5425342589085199,-0.5782307600907778,-0.5939882046365135,-0.6,-0.5939882046365135,-0.5782284678739728,-0.543774677796439,-0.5313490551726671,-0.5939882046365135,-0.583097492179312,-0.6,-0.6,-0.5138907715926746,-0.5063924664280524,-0.589159249681868,-0.6,-0.5806643751103099,-0.6,-0.5757887183213951,-0.5927835733082777,-0.5879501571084909,-0.5721233392185112,-0.5499682139183885,-0.6,-0.5976011397581038,-0.5939882046365135,-0.5879500984941994,-0.5757887183213951,-0.5843107861983151,-0.4838979225321902,-0.591576573688015,-0.5238753323879918,-0.580665467994707,-0.5939882046365135,-0.5927823735495674,-0.5891581779649416,-0.5903673466782133,-0.5855242142422064,-0.5635382260598846,-0.5951928961990797,-0.5988,-0.5770113899060435,-0.6,-0.5879479238684318
5,8,-0.6,-0.6095654652482841,-0.6095654652482841,-0.6,-0.6155021150039264,-0.6107554422924087,-0.6249293319660912,-0.6261012952761638,-0.6214047356981554,-0.6836777455279611,-0.6047927042017147,-0.6012,-0.6,-0.6537606986655519,-0.6771484969024741,-0.6035963652361654,-0.6331017714259239,-0.6836777455279611,-0.6119441084524219,-0.6771484969024741,-0.6012,-0.6469338636964255,-0.6249293319660912,-0.6035963652361654,-0.6307743202889704,-0.6342631910181403,-0.6738576523615551,-0.6434977059912037,-0.6342631910181403,-0.6638830758068462,-0.686915698895015,-0.6095654652482841,-0.6107554422924087,-0.6012,-0.6047927042017147,-0.6237559095918858,-0.6012,-0.6178673338850103,-0.6107554422924087,-0.6202270083658584,-0.6649987874941666,-0.6571508133438027,-0.6388932297265183,-0.6261012952761638,-0.6514919229502673,-0.6166854113110745,-0.7192807511216393,-0.6155021150039264,-0.6237559095918858,-0.6,-0.6202270083658584,-0.670549638777673,-0.6178673338850103,-0.6388932297265183,-0.614317457409269,-0.6131314510353358,-0.6261012952761638,-0.6738576523615551,-0.6354230579958284,-0.6071816295822543,-0.6012,-0.6095654652482841,-0.6296083118614884,-0.670549638777673,-0.6782415889527001,-0.6178673338850103,-0.6331017714259239,-0.6,-0.6,-0.7069947496530721,-0.7017839039350093,-0.6155021150039264,-0.6012,-0.6249293319660912,-0.6,-0.6249293319660912,-0.6083741900736548,-0.6214047356981554,-0.642349022211827,-0.66052502778067,-0.6,-0.6083741900736548,-0.6261012952761638,-0.6214047356981554,-0.6331017714259239,-0.6155021150039264,-0.7192807511216393,-0.6190478703430244,-0.6858383784094643,-0.6237559095918858,-0.6119441084524219,-0.6155021150039264,-0.6202270083658584,-0.6307743202889704,-0.6284407970532268,-0.6411987075869481,-0.6071816295822543,-0.6023987928,-0.6388932297265183,-0.6,-0.6155021150039264
5,10,0.6,0.6,0.6,0.6,0.6,0.6,0.6,0.6,0.6,0.6,0.6,0.6,0.6,0.6,0.6,0.6,0.6,0.6,0.6,0.6,0.6,0.6,0.6,0.6,0.6,0.6,0.6,0.6,0.6,0.6,0.6,0.6,0.6,0.6,0.6,0.6,0.6,0.6,0.6,0.6,0.6,0.6,0.6,0.6,0.6,0.6,0.6,0.6,0.6,0.6,0.6,0.6,0.6,0.6,0.6,0.6,0.6,0.6,0.6,0.6,0.6,0.6,0.6,0.6,0.6,0.6,0.6,0.6,0.6,0.6,0.6,0.6,0.6,0.6,0.6,0.6,0.6,0.6,0.6,0.6,0.6,0.6,0.6,0.6,0.6,0.6,0.6,0.6,0.6,0.6,0.6,0.6,0.6,0.6,0.6,0.6,0.6,0.6,0.6,0.6,0.6
6,3,0.6,0.8528442733893764,0.8343594845966664,0.7513996722240555,0.7835257705272431,0.8016268948709927,0.7513996722240555,0.9271447426340533,0.7843738362144778,0.8826290218308879,0.7569682779669321,0.7457464895268,0.7894116514701691,0.9725072051789161,0.8496733743290137,0.7080305155211524,0.8821090584938029,0.9409844105182563,0.822255590252328,0.9483109814932275,0.80714224320402,0.7495246443672356,0.7476402418785575,0.8315722226928234,0.8846890425914415,0.7992271593633554,0.9851157643672674,0.8954647817849902,0.8632131864958328,0.7606334072785251,0.9294787693674188,0.8695900641889172,0.7141997590640583,0.7976153134983632,0.8063615301397679,0.8751663985387456,0.8945231290840515,0.7757849002650481,0.8729607925669637,0.7624517327257515,0.8371096940522412,0.8110099121046179,0.7801094356355742,0.8315722226928234,0.7532653018600426,0.8540970664939056,0.9323781543525489,0.9523308965908014,0.7292760804335465,0.7569682779669321,0.8695900641889172,0.9483109814932275,0.7212976917331752,0.9018506602570856,0.7968057818590881,0.7696297303354861,0.766955882665165,0.9669301999290129,0.86672336769225,0.8094700184529884,0.8614291242649291,0.7992271593633554,0.9278187731269494,0.9099604457549649,0.9366692893055316,0.8322725219985161,0.7959938436364415,0.764260542754205,0.7984224391242196,0.8695900641889172,0.8643918022233398,0.8384709639056047,0.8258858210114852,0.9587101390539103,0.7312481370232629,0.7578881144875257,0.8477439979348319,0.8673009375501923,0.776654613708977,0.9390060771104393,0.7984224391242196,0.6996847473853881,0.7910716513729852,0.7860627430225839,0.8451399800771044,0.9704241808054725,0.9719660922261661,0.7740382703311339,0.8916531886598371,0.8614291242649291,0.7361384302213958,0.7466945328412262,0.766955882665165,0.8831469969891516,0.8193089435469116,0.7918980378418202,0.7660598218090704,0.8464465033091665,0.7860627430225839,0.8411659586707112,0.8040050098306262
6,4,-0.6,-0.6275150453024995,-0.6401716898395265,-0.5783102614091946,-0.630861868041118,-0.6459055433946037,-0.621511919183782,-0.6298678275107954,-0.4196121404791434,-0.296214043219553,-0.558758640825757,-0.5586923969994745,-0.580873408315963,-0.5920109547835359,-0.3870362564381182,-0.511436104240654,-0.4293838445698812,-0.36936983477459395,-0.6458965065980323,-0.31229192421479357,-0.6561560097709529,-0.5648769030431252,-0.4627310627986983,-0.6493591923724295,-0.5893926262403196,-0.6378475170397839,-0.4183155711371748,-0.36953168961398014,-0.44287285728061926,-0.5139574563124326,-0.6346198671059945,-0.682741771966658,-0.5574379990970325,-0.6203843768118436,-0.5965025515559361,-0.36356946312302885,-0.5302381266333964,-0.6037160660099108,-0.4038479595618266,-0.5587008514487638,-0.48775850114893093,-0.5880835552735251,-0.39305979017737386,-0.6729077044365546,-0.46521581526019173,-0.6718260435585869,-0.20480400849146915,-0.5920423922932931,-0.5586800254228892,-0.5661133351421607,-0.6286273560947289,-0.5917435196441377,-0.5102011834743773,-0.636870990738006,-0.628560061391957,-0.5339719000405312,-0.5052333660607456,-0.44679773209457213,-0.4839321089234302,-0.6550202379668957,-0.6784559685848148,-0.6516244719146796,-0.43297954843195047,-0.5784341009156116,-0.43588693672806766,-0.6673826320801718,-0.5734795070145554,-0.4914532023961411,-0.5989424146640627,-0.5128419818815388,-0.31217503992041457,-0.6332441373932362,-0.5965766490271553,-0.49041098054362586,-0.5326744032810817,-0.5660702126732324,-0.643658495064495,-0.5662333344293506,-0.57831952881347,-0.2747891703517848,-0.6493730870975,-0.4851906719307304,-0.6401553871570205,-0.5648335686733429,-0.4689598727862474,-0.7135798015359326,-0.4002326109819308,-0.6096872632624691,-0.46155005289952017,-0.56370211274415,-0.5843966856125543,-0.5758846700048391,-0.5808352494947338,-0.6437359402302311,-0.6367567554739129,-0.5904762791259007,-0.48150707509206914,-0.4890033235254955,-0.5289510588740451,-0.6595211595624697,-0.6001678634889124
6,5,0.6,0.6,0.6,0.6,0.6,0.6,0.6,0.6,0.6023987928,0.6023987928,0.6,0.6,0.6,0.6023987928,0.6071816295822543,0.6,0.6012,0.6035963652361654,0.6,0.6,0.6,0.6023987928,0.6012,0.6,0.6012,0.6,0.6012,0.6012,0.6012,0.6012,0.6012,0.6,0.6,0.6,0.6,0.6,0.6,0.6023987928,0.6,0.6012,0.6012,0.6,0.6012,0.6012,0.6012,0.6,0.6047927042017147,0.6,0.6,0.6,0.6,0.6,0.6023987928,0.6,0.6,0.6,0.6012,0.6,0.6023987928,0.6,0.6,0.6,0.6,0.6,0.6012,0.6,0.6012,0.6,0.6,0.6035963652361654,0.6012,0.6012,0.6,0.6,0.6,0.6,0.6012,0.6023987928,0.6012,0.6,0.6,0.6023987928,0.6,0.6023987928,0.6,0.6,0.6012,0.6012,0.6035963652361654,0.6012,0.6,0.6,0.6,0.6,0.6,0.6023987928,0.6,0.6,0.6023987928,0.6,0.6
6,6,-0.6,-0.9508067644735407,-0.8638792338139017,-0.8965067688286462,-0.8111043926941065,-0.880639084731047,-0.7784725456917414,-0.9939051183874763,-0.9788354903572235,-0.9957632635371967,-0.8887993022313572,-0.8868127731933207,-0.9399413678088555,-0.9985279759071543,-0.9830419748778305,-0.9010651585254856,-0.9945614344933721,-0.9970307289874032,-0.8936865664608845,-0.9994806334251582,-0.8662560445469184,-0.8795826869811771,-0.9393680444407975,-0.8893185811242725,-0.9821795779781135,-0.8523281707435267,-0.9997453437531534,-0.9944504246517488,-0.9895079805411501,-0.8485043496994514,-0.9746378300076486,-0.9331179286909372,-0.8316820664180014,-0.8979040882337279,-0.8510836729630683,-0.9966169014447743,-0.9891985821447564,-0.8863087962782036,-0.996407378225744,-0.9205457536272601,-0.9632821796597585,-0.849752972039566,-0.9696089215584937,-0.8997167172159342,-0.9121004566795513,-0.9212975281395348,-0.9996214128118941,-0.998347841501554,-0.8668264562934876,-0.9019292321796321,-0.9776756433921104,-0.9591912582401237,-0.8950765054878785,-0.9802518109554037,-0.9245095966680515,-0.8680022314363662,-0.9410779461519704,-0.9996102468197348,-0.9898752832288366,-0.8827405696453019,-0.9413522524834287,-0.9248435184378935,-0.9975081340275205,-0.9808219390729652,-0.9983458746041252,-0.9466711287730796,-0.8893152227549266,-0.940502625593199,-0.9088248971377182,-0.95819940222087,-0.9889235837813912,-0.9561406878092765,-0.9448566213707139,-0.9978763661084518,-0.8897755722042195,-0.9023929864912452,-0.9451278917811055,-0.9756121835682258,-0.9015152438257457,-0.9995551793840857,-0.8941739012921553,-0.9186826708439515,-0.8679908003925978,-0.8691133609552767,-0.973501340658655,-0.9985276075533195,-0.9979815001994172,-0.8651033006899168,-0.9629258756857452,-0.9476701705644316,-0.8790447234260634,-0.8974360855504729,-0.9255324809357642,-0.9808315438542897,-0.9435329626900699,-0.8273916626719112,-0.9567518217389092,-0.9804377450321933,-0.9405217757509332,-0.8523072296418677,-0.9435309751881813
6,7,-0.6,-0.6,-0.6,-0.6,-0.6,-0.6,-0.6,-0.6,-0.6,-0.6,-0.6,-0.6,-0.6,-0.6,-0.6,-0.6,-0.6,-0.6,-0.6,-0.6,-0.6,-0.6,-0.6,-0.6,-0.6,-0.6,-0.6,-0.6,-0.6,-0.6,-0.6,-0.6,-0.6,-0.6,-0.6,-0.6,-0.6,-0.6,-0.6,-0.6,-0.6,-0.6,-0.6,-0.6,-0.6,-0.6,-0.6,-0.6,-0.6,-0.6,-0.6,-0.6,-0.6,-0.6,-0.6,-0.6,-0.6,-0.6,-0.6,-0.6,-0.6,-0.6,-0.6,-0.6,-0.6,-0.6,-0.6,-0.6,-0.6,-0.6,-0.6,-0.6,-0.6,-0.6,-0.6,-0.6,-0.6,-0.6,-0.6,-0.6,-0.6,-0.6,-0.6,-0.6,-0.6,-0.6,-0.6,-0.6,-0.6,-0.6,-0.6,-0.6,-0.6,-0.6,-0.6,-0.6,-0.6,-0.6,-0.6,-0.6,-0.6
6,10,-0.6,-0.27989749031646105,-0.4976418980811091,-0.4147153576986707,-0.4988918919415917,-0.36479279728867137,-0.5001418918409253,-0.13928166163560093,-0.43918522283211425,-0.40503625397487253,-0.47890333302618054,-0.48389683131852096,-0.3453181260939236,-0.06428443387881765,-0.3978243367706729,-0.4988918919415917,-0.32415064153408824,-0.27587975269405823,-0.3430591457774983,-0.18608013167846613,-0.3296562449718037,-0.44041747244416457,-0.5013918821542456,-0.35442301443716984,-0.168558433723858,-0.37528905537481705,-0.20825565723327732,-0.3942346409262124,-0.2819196875472933,-0.5363244387188473,-0.32634717361888516,-0.3047360839754738,-0.5325929142154833,-0.3706089718659742,-0.48389683131852096,-0.33187170360710594,-0.26795203846821014,-0.4062423014446806,-0.3143624455471887,-0.4098671367523529,-0.429355162765462,-0.5238722767374867,-0.47017514413441885,-0.2942366596019628,-0.4801513631842633,-0.2497112792586777,-0.23321078777950247,-0.13280644831122404,-0.4888934224354015,-0.47266732497984404,-0.2252498721054701,-0.39304057248211244,-0.525119121886065,-0.1742483184323652,-0.29841117763802577,-0.4627078259479202,-0.44165044909370976,-0.13108525876393423,-0.2728899367213446,-0.31220906497438,-0.3079265364934771,-0.29527710227770376,-0.31544213752418043,-0.20578960423193193,-0.23053560483239255,-0.22350714960483214,-0.4988918919415917,-0.4988918919415917,-0.4651952715686989,-0.2819196875472933,-0.4195800343439641,-0.22788195391037847,-0.3487196566810577,-0.2582474788690506,-0.5288576702570102,-0.40262758659163295,-0.23231667019828864,-0.31978072898826826,-0.37881445599631086,-0.27989749031646105,-0.3590156663845224,-0.5063914350935442,-0.34418775850449906,-0.40744947344485244,-0.43549298364172334,-0.04192659069322231,-0.31652381998100865,-0.4244602716755245,-0.5101402338094979,-0.44411852428860293,-0.4342637894175206,-0.38946603886656617,-0.3498569419917173,-0.18913305268510885,-0.25920757390673116,-0.4888934224354015,-0.46892959174455584,-0.40744947344485244,-0.3799924469323444,-0.46892959174455584,-0.3068609975703941
7,0,-0.6,-0.5855338924256042,-0.5598523802000224,-0.5879479238684318,-0.5843218061840696,-0.5855347785431276,-0.6048086014197162,-0.5903907080145241,-0.6048080767225766,-0.6084395871500956,-0.5879523464961669,-0.5830973599051791,-0.5951928961990797,-0.5879951070118726,-0.6060488478842337,-0.6000035351818902,-0.5891868955885692,-0.575864465282829,-0.5867481836903164,-0.6120224292523859,-0.5927835152307447,-0.6202478129337908,-0.6024192161251292,-0.579449760907021,-0.6036175402582233,-0.6119636208734675,-0.5214478840821966,-0.578264588053638,-0.5988286301545286,-0.6096043469220325,-0.6072598553753872,-0.5709077250335055,-0.5915824329818394,-0.5867376422860976,-0.5696772477924099,-0.591596705792599,-0.568448665642739,-0.600015651299439,-0.5757981561775556,-0.5927980372412388,-0.5964482718170256,-0.6072219294176031,-0.6024269761326712,-0.6083905970891459,-0.6107901530655757,-0.5976142874393818,-0.6481515549304565,-0.5598557305381342,-0.6012123757131124,-0.5867365980549956,-0.5940064985534308,-0.5450764413037779,-0.5964096241213707,-0.6107777201678718,-0.6036037012972896,-0.5843175621549436,-0.6012217807208704,-0.5855724991624879,-0.6048211616146457,-0.5964035261864569,-0.5770102207787748,-0.5964036997261617,-0.5647887335011825,-0.6048532938044247,-0.6072610127024749,-0.6143211887099308,-0.6036242605366721,-0.5745674379705191,-0.5770090663399023,-0.6572001141515216,-0.6492665529607003,-0.6012118155220713,-0.5843118027432412,-0.5338570937249616,-0.5806643751103099,-0.6048054839245388,-0.5964036274954141,-0.5806825687249634,-0.6083998431083535,-0.5770664567361332,-0.5855242142422064,-0.5988085454709108,-0.6095799404870791,-0.590386259495673,-0.5952248551936786,-0.5721361102046398,-0.6001496906310687,-0.5964152439913234,-0.5819562367615982,-0.583116912186954,-0.6012091871109388,-0.6095712367579297,-0.6119514602496586,-0.6083968451535595,-0.6190582609469066,-0.6012328368770004,-0.5915815512626417,-0.5635379853423625,-0.6131548297486208,-0.5635363168187207,-0.6024087610206628
7,2,-0.6,-0.5963964348358344,-0.5939882046365135,-0.6,-0.5867365980549956,-0.5963964348358344,-0.5770090663399023,-0.583096327741662,-0.5891581779649416,-0.5325929142154833,-0.5951928961990797,-0.6,-0.6,-0.5536769475536119,-0.5301031392620431,-0.5988,-0.5782284678739728,-0.5263656461495806,-0.5927823735495674,-0.5363244387188473,-0.6,-0.5684475496817656,-0.5843107861983151,-0.5988,-0.5794469088173696,-0.5745674379705191,-0.5350810360430884,-0.5635363168187207,-0.5818808527400827,-0.5524413536271052,-0.5338371894385378,-0.5927823735495674,-0.5903673466782133,-0.5988,-0.5963964348358344,-0.5879479238684318,-0.6,-0.5867365980549956,-0.5891581779649416,-0.5867365980549956,-0.5425342589085199,-0.543774677796439,-0.5635363168187207,-0.5806643751103099,-0.5561461090579244,-0.5867365980549956,-0.4963919258843324,-0.5855242142422064,-0.5794469088173696,-0.6,-0.5867365980549956,-0.5425342589085199,-0.5843107861983151,-0.5733452394845465,-0.5879479238684318,-0.5879479238684318,-0.5806643751103099,-0.5425342589085199,-0.5757887183213951,-0.5939882046365135,-0.6,-0.5939882046365135,-0.5782284678739728,-0.543774677796439,-0.5301031392620431,-0.5939882046365135,-0.5818808527400827,-0.6,-0.6,-0.5101402338094979,-0.505141639345757,-0.5879479238684318,-0.6,-0.5806643751103099,-0.6,-0.5757887183213951,-0.5915754163937749,-0.5855242142422064,-0.570898145118625,-0.5499682139183885,-0.6,-0.5951928961990797,-0.5939882046365135,-0.5855242142422064,-0.5757887183213951,-0.5843107861983151,-0.4826481278787289,-0.5903673466782133,-0.520129970674358,-0.5794469088173696,-0.5939882046365135,-0.5927823735495674,-0.5891581779649416,-0.5903673466782133,-0.5855242142422064,-0.5610759116369145,-0.5951928961990797,-0.5988,-0.5745674379705191,-0.6,-0.5879479238684318
7,4,-0.6,-0.6,-0.6,-0.6,-0.6,-0.6,-0.6,-0.6,-0.6,-0.6,-0.6,-0.6,-0.6,-0.6,-0.6,-0.6,-0.6,-0.6,-0.6,-0.6,-0.6,-0.6,-0.6,-0.6,-0.6,-0.6,-0.6,-0.6,-0.6,-0.6,-0.6,-0.6,-0.6,-0.6,-0.6,-0.6,-0.6,-0.6,-0.6,-0.6,-0.6,-0.6,-0.6,-0.6,-0.6,-0.6,-0.6,-0.6,-0.6,-0.6,-0.6,-0.6,-0.6,-0.6,-0.6,-0.6,-0.6,-0.6,-0.6,-0.6,-0.6,-0.6,-0.6,-0.6,-0.6,-0.6,-0.6,-0.6,-0.6,-0.6,-0.6,-0.6,-0.6,-0.6,-0.6,-0.6,-0.6,-0.6,-0.6,-0.6,-0.6,-0.6,-0.6,-0.6,-0.6,-0.6,-0.6,-0.6,-0.6,-0.6,-0.6,-0.6,-0.6,-0.6,-0.6,-0.6,-0.6,-0.6,-0.6,-0.6,-0.6
7,7,-0.6,-0.6,-0.6,-0.6,-0.6,-0.6,-0.6,-0.6,-0.6,-0.6,-0.6,-0.6,-0.6,-0.6,-0.6,-0.6,-0.6,-0.6,-0.6,-0.6,-0.6,-0.6,-0.6,-0.6,-0.6,-0.6,-0.6,-0.6,-0.6,-0.6,-0.6,-0.6,-0.6,-0.6,-0.6,-0.6,-0.6,-0.6,-0.6,-0.6,-0.6,-0.6,-0.6,-0.6,-0.6,-0.6,-0.6,-0.6,-0.6,-0.6,-0.6,-0.6,-0.6,-0.6,-0.6,-0.6,-0.6,-0.6,-0.6,-0.6,-0.6,-0.6,-0.6,-0.6,-0.6,-0.6,-0.6,-0.6,-0.6,-0.6,-0.6,-0.6,-0.6,-0.6,-0.6,-0.6,-0.6,-0.6,-0.6,-0.6,-0.6,-0.6,-0.6,-0.6,-0.6,-0.6,-0.6,-0.6,-0.6,-0.6,-0.6,-0.6,-0.6,-0.6,-0.6,-0.6,-0.6,-0.6,-0.6,-0.6,-0.6
7,9,0.6,0.6,0.6,0.6,0.6,0.6,0.6,0.6,0.6,0.6,0.6,0.6,0.6,0.6,0.6,0.6,0.6,0.6,0.6,0.6,0.6,0.6,0.6,0.6,0.6,0.6,0.6,0.6,0.6,0.6,0.6,0.6,0.6,0.6,0.6,0.6,0.6,0.6,0.6,0.6,0.6,0.6,0.6,0.6,0.6,0.6,0.6,0.6,0.6,0.6,0.6,0.6,0.6,0.6,0.6,0.6,0.6,0.6,0.6,0.6,0.6,0.6,0.6,0.6,0.6,0.6,0.6,0.6,0.6,0.6,0.6,0.6,0.6,0.6,0.6,0.6,0.6,0.6,0.6,0.6,0.6,0.6,0.6,0.6,0.6,0.6,0.6,0.6,0.6,0.6,0.6,0.6,0.6,0.6,0.6,0.6,0.6,0.6,0.6,0.6,0.6
7,10,-0.6,-0.31544213752418043,-0.3613217430105876,-0.40262758659163295,-0.4379537150177242,-0.42079867009066707,-0.47516083764273065,-0.20253524331550568,-0.2544310477238198,-0.1429237869602734,-0.3882771276493854,-0.40022357868560443,-0.3706089718659742,-0.11337487415271819,-0.2829365895690253,-0.40262758659163295,-0.16926141131684738,-0.10651425670711168,-0.4098671367523529,-0.08569789763044712,-0.41836237119834474,-0.42690594263156656,-0.3453181260939236,-0.3942346409262124,-0.2553816237436114,-0.44906274584378264,-0.0403452154461016,-0.13868092572663565,-0.19144846309889849,-0.4086569546142026,-0.216632409761435,-0.3498569419917173,-0.4305810678247402,-0.39902335535685596,-0.37881445599631086,-0.1305157491954406,-0.18532286009710117,-0.4379538877816056,-0.1386822502337628,-0.38946603886656617,-0.30792639805590155,-0.3954299664666466,-0.29216290206002277,-0.4195800343439641,-0.37528905537481705,-0.3694426820567821,-0.11187057885797475,-0.11137737442355372,-0.4379537150177242,-0.38708953765041676,-0.3079265364934771,-0.1922241842117516,-0.40745015918467575,-0.256334241724376,-0.4232388029283012,-0.3694426820567821,-0.3385624428273506,-0.06458650933957215,-0.22612463285673753,-0.39902335535685596,-0.3385624428273506,-0.40744947344485244,-0.09957141877003767,-0.29112816975317235,-0.1271419010643512,-0.3942346409262124,-0.37763799757095085,-0.3296562449718037,-0.3567160610172054,-0.36132314263876475,-0.17209552310819382,-0.3671154362275433,-0.3430591457774983,-0.08375524012767867,-0.3882771276493854,-0.429355162765462,-0.38353546349575873,-0.2515915245494857,-0.4379537150177242,-0.07224373743638322,-0.40383134454016817,-0.38946603886656617,-0.4379537150177242,-0.4062431567857524,-0.22788195391037847,-0.11287355782435822,-0.11694949995540574,-0.42323991420484947,-0.2534827176345045,-0.2798974980535258,-0.4342637894175206,-0.4147153576986707,-0.3978243367706729,-0.30367672395997997,-0.4014249935260978,-0.4379544899104926,-0.31220906497438,-0.22091108405958157,-0.3464481559286898,-0.36247718038100785,-0.3882771276493854
8,0,-0.6,-0.9366692893055316,-0.8424997352384925,-0.8695900641889172,-0.7894116514701691,-0.8470963774108907,-0.7678495554487174,-0.9852620356367882,-0.9670900808709841,-0.9930659124840134,-0.8701570801111813,-0.8620259692055946,-0.9119920058941654,-0.9974185233252887,-0.9746958099550196,-0.8810631476887898,-0.9880262621075538,-0.9962448848846481,-0.8643918022233398,-0.9985978327316499,-0.8496733743290137,-0.8620259692055946,-0.9211774980529694,-0.8608301161284555,-0.9754269969879116,-0.8315722226928234,-0.9992539040771274,-0.9907939361482079,-0.9845162488931875,-0.8608301161284555,-0.9691017523786736,-0.9022932404913403,-0.8266048131698036,-0.867876387656566,-0.852214548831419,-0.9927842602346939,-0.9795010576076945,-0.8528442733893764,-0.9921864452065794,-0.8940495041426267,-0.9502411404544874,-0.8451399800771044,-0.9589080640955561,-0.8695900641889172,-0.9083048896734224,-0.9018506602570856,-0.9988693948019994,-0.9948061166094371,-0.8404956450923454,-0.8740677254294791,-0.9554167082682314,-0.9632172231753384,-0.8712848247894597,-0.9683425187707121,-0.8862133721982621,-0.8773391159028279,-0.9257792623909913,-0.998659599601024,-0.9787846340955132,-0.8735152938030027,-0.9107780897921773,-0.8877201200361884,-0.9944028235171516,-0.9711349858521481,-0.99587122722286,-0.9115890335568869,-0.8690209464836356,-0.9178403820612663,-0.8831469969891516,-0.9541182423996393,-0.9887731064986147,-0.9284870509652746,-0.9147666411707591,-0.9955944553145889,-0.8655618509754295,-0.8735152938030027,-0.9193391340694718,-0.9610261301733541,-0.8729607925669637,-0.9987627743024592,-0.8620259692055946,-0.8949948865871402,-0.8477439979348319,-0.8707219987913991,-0.9647823094061114,-0.9963191500473939,-0.9963919518089673,-0.8377914793231213,-0.9593011936619168,-0.9307813003604951,-0.8540970664939056,-0.8718455626838649,-0.8959328198168289,-0.9589080640955561,-0.9087213252587663,-0.8215224737579853,-0.936072184000617,-0.96895132912411,-0.9247397510062972,-0.8357392090732537,-0.9103701079195469
8,2,-0.6,-0.6,-0.6,-0.6,-0.6,-0.6,-0.6,-0.6,-0.6,-0.6,-0.6,-0.6,-0.6,-0.6,-0.6,-0.6,-0.6,-0.6,-0.6,-0.6,-0.6,-0.6,-0.6,-0.6,-0.6,-0.6,-0.6,-0.6,-0.6,-0.6,-0.6,-0.6,-0.6,-0.6,-0.6,-0.6,-0.6,-0.6,-0.6,-0.6,-0.6,-0.6,-0.6,-0.6,-0.6,-0.6,-0.6,-0.6,-0.6,-0.6,-0.6,-0.6,-0.6,-0.6,-0.6,-0.6,-0.6,-0.6,-0.6,-0.6,-0.6,-0.6,-0.6,-0.6,-0.6,-0.6,-0.6,-0.6,-0.6,-0.6,-0.6,-0.6,-0.6,-0.6,-0.6,-0.6,-0.6,-0.6,-0.6,-0.6,-0.6,-0.6,-0.6,-0.6,-0.6,-0.6,-0.6,-0.6,-0.6,-0.6,-0.6,-0.6,-0.6,-0.6,-0.6,-0.6,-0.6,-0.6,-0.6,-0.6,-0.6
8,3,0.6,0.6,0.6,0.6,0.6,0.6,0.6,0.6,0.6,0.6,0.6,0.6,0.6,0.6,0.6,0.6,0.6,0.6,0.6,0.6,0.6,0.6,0.6,0.6,0.6,0.6,0.6,0.6,0.6,0.6,0.6,0.6,0.6,0.6,0.6,0.6,0.6,0.6,0.6,0.6,0.6,0.6,0.6,0.6,0.6,0.6,0.6,0.6,0.6,0.6,0.6,0.6,0.6,0.6,0.6,0.6,0.6,0.6,0.6,0.6,0.6,0.6,0.6,0.6,0.6,0.6,0.6,0.6,0.6,0.6,0.6,0.6,0.6,0.6,0.6,0.6,0.6,0.6,0.6,0.6,0.6,0.6,0.6,0.6,0.6,0.6,0.6,0.6,0.6,0.6,0.6,0.6,0.6,0.6,0.6,0.6,0.6,0.6,0.6,0.6,0.6
8,4,0.6,0.6,0.6,0.6,0.6,0.6,0.6,0.6,0.6,0.6,0.6,0.6,0.6,0.6,0.6,0.6,0.6,0.6,0.6,0.6,0.6,0.6,0.6,0.6,0.6,0.6,0.6,0.6,0.6,0.6,0.6,0.6,0.6,0.6,0.6,0.6,0.6,0.6,0.6,0.6,0.6,0.6,0.6,0.6,0.6,0.6,0.6,0.6,0.6,0.6,0.6,0.6,0.6,0.6,0.6,0.6,0.6,0.6,0.6,0.6,0.6,0.6,0.6,0.6,0.6,0.6,0.6,0.6,0.6,0.6,0.6,0.6,0.6,0.6,0.6,0.6,0.6,0.6,0.6,0.6,0.6,0.6,0.6,0.6,0.6,0.6,0.6,0.6,0.6,0.6,0.6,0.6,0.6,0.6,0.6,0.6,0.6,0.6,0.6,0.6,0.6
8,5,-0.6,-0.5439188376706634,-0.5164454094919301,-0.5904513008259971,-0.5623594888053651,-0.6378562088584856,-0.5635803587943564,-0.6471142424743127,-0.4939447621770238,-0.3396422767082992,-0.5351459362673768,-0.5599071752627875,-0.6402472803291097,-0.4440790695628963,-0.5114925883823944,-0.5326487870800718,-0.511543783100799,-0.29405580041226104,-0.6378785108243464,-0.4344346314973161,-0.6132561836196919,-0.59048438827223,-0.5326721165222011,-0.6144398587688618,-0.5929777967047123,-0.6320463208562718,-0.2898839669973144,-0.3497510725839832,-0.44288624865890136,-0.48391987177551715,-0.38226307387479824,-0.628576158072492,-0.5064319468508599,-0.6156696059746514,-0.4901870512036807,-0.4466253259121417,-0.5587152034183801,-0.635535166870555,-0.46649555000577747,-0.589262649391488,-0.5264590768046921,-0.517667200327299,-0.4664615197707111,-0.6695701659643641,-0.4964603255028088,-0.628563976022107,-0.4282382222563942,-0.6393089630266078,-0.5831770307082775,-0.5710098935309702,-0.669617853467178,-0.3318338888958592,-0.5500330245587418,-0.6368220367886118,-0.6998099595035312,-0.47274397995079864,-0.5438981385541577,-0.507579153697428,-0.6037326861323005,-0.585626137678713,-0.6097714642205649,-0.6934699005327906,-0.3882305838785493,-0.6251553425170843,-0.4954397556970829,-0.7284477789862016,-0.5214228222038023,-0.5076986552016303,-0.5164483339065531,-0.5661406668918569,-0.30358156243693374,-0.709220235303679,-0.6073083738554977,-0.4024303272225504,-0.5189156068838737,-0.6401436185871926,-0.696695353098911,-0.5264337513672482,-0.6572443745014024,-0.36015070815051536,-0.6215826397835376,-0.5549835136839343,-0.5988941818024736,-0.5388515615283496,-0.4196278877477263,-0.6754467891561451,-0.3079272324335218,-0.581981994455629,-0.3894565788668435,-0.5026633570009833,-0.5952779235099153,-0.6144269825727562,-0.6573271548733204,-0.6882278370562128,-0.7061071457560507,-0.5438259213370692,-0.50895552934393,-0.481436675194716,-0.5537546909783418,-0.49391624788970445,-0.6773159249037198
8,6,0.6,0.5963964348358344,0.5939882046365135,0.6,0.5867365980549956,0.5963964348358344,0.5770090663399023,0.583096327741662,0.5891581779649416,0.5325929142154833,0.5951928961990797,0.6,0.6,0.5536769475536119,0.5301031392620431,0.5988,0.5782284678739728,0.5263656461495806,0.5927823735495674,0.5363244387188473,0.6,0.5684475496817656,0.5843107861983151,0.5988,0.5794469088173696,0.5745674379705191,0.5350810360430884,0.5635363168187207,0.5818808527400827,0.5524413536271052,0.5338371894385378,0.5927823735495674,0.5903673466782133,0.5988,0.5963964348358344,0.5879479238684318,0.6,0.5867365980549956,0.5891581779649416,0.5867365980549956,0.5425342589085199,0.543774677796439,0.5635363168187207,0.5806643751103099,0.5561461090579244,0.5867365980549956,0.4963919258843324,0.5855242142422064,0.5794469088173696,0.6,0.5867365980549956,0.5425342589085199,0.5843107861983151,0.5733452394845465,0.5879479238684318,0.5879479238684318,0.5806643751103099,0.5425342589085199,0.5757887183213951,0.5939882046365135,0.6,0.5939882046365135,0.5782284678739728,0.543774677796439,0.5301031392620431,0.5939882046365135,0.5818808527400827,0.6,0.6,0.5101402338094979,0.505141639345757,0.5879479238684318,0.6,0.5806643751103099,0.6,0.5757887183213951,0.5915754163937749,0.5855242142422064,0.570898145118625,0.5499682139183885,0.6,0.5951928961990797,0.5939882046365135,0.5855242142422064,0.5757887183213951,0.5843107861983151,0.4826481278787289,0.5903673466782133,0.520129970674358,0.5794469088173696,0.5939882046365135,0.5927823735495674,0.5891581779649416,0.5903673466782133,0.5855242142422064,0.5610759116369145,0.5951928961990797,0.5988,0.5745674379705191,0.6,0.5879479238684318
8,9,-0.6,-0.6,-0.6,-0.6,-0.6,-0.6,-0.6,-0.6,-0.6,-0.6,-0.6,-0.6,-0.6,-0.6,-0.6,-0.6,-0.6,-0.6,-0.6,-0.6,-0.6,-0.6,-0.6,-0.6,-0.6,-0.6,-0.6,-0.6,-0.6,-0.6,-0.6,-0.6,-0.6,-0.6,-0.6,-0.6,-0.6,-0.6,-0.6,-0.6,-0.6,-0.6,-0.6,-0.6,-0.6,-0.6,-0.6,-0.6,-0.6,-0.6,-0.6,-0.6,-0.6,-0.6,-0.6,-0.6,-0.6,-0.6,-0.6,-0.6,-0.6,-0.6,-0.6,-0.6,-0.6,-0.6,-0.6,-0.6,-0.6,-0.6,-0.6,-0.6,-0.6,-0.6,-0.6,-0.6,-0.6,-0.6,-0.6,-0.6,-0.6,-0.6,-0.6,-0.6,-0.6,-0.6,-0.6,-0.6,-0.6,-0.6,-0.6,-0.6,-0.6,-0.6,-0.6,-0.6,-0.6,-0.6,-0.6,-0.6,-0.6
9,0,-0.6,-0.6,-0.6,-0.6,-0.6,-0.6,-0.6,-0.6,-0.6,-0.6,-0.6,-0.6,-0.6,-0.6,-0.6,-0.6,-0.6,-0.6,-0.6,-0.6,-0.6,-0.6,-0.6,-0.6,-0.6,-0.6,-0.6,-0.6,-0.6,-0.6,-0.6,-0.6,-0.6,-0.6,-0.6,-0.6,-0.6,-0.6,-0.6,-0.6,-0.6,-0.6,-0.6,-0.6,-0.6,-0.6,-0.6,-0.6,-0.6,-0.6,-0.6,-0.6,-0.6,-0.6,-0.6,-0.6,-0.6,-0.6,-0.6,-0.6,-0.6,-0.6,-0.6,-0.6,-0.6,-0.6,-0.6,-0.6,-0.6,-0.6,-0.6,-0.6,-0.6,-0.6,-0.6,-0.6,-0.6,-0.6,-0.6,-0.6,-0.6,-0.6,-0.6,-0.6,-0.6,-0.6,-0.6,-0.6,-0.6,-0.6,-0.6,-0.6,-0.6,-0.6,-0.6,-0.6,-0.6,-0.6,-0.6,-0.6,-0.6
9,1,-0.6,-0.2269976190694515,-0.4171495422859126,-0.38946603886656617,-0.44905898741861916,-0.3352108325646218,-0.4651894683995874,-0.10092688604940568,-0.4318151849556217,-0.39187974759704647,-0.4453560735455767,-0.4577389411938893,-0.3274483667251097,-0.038627510999998955,-0.422081831725795,-0.486395014987519,-0.2859845296732621,-0.23410487415070216,-0.3132848814193596,-0.16363375104927355,-0.29631710285525764,-0.4515518748368108,-0.5114114865925868,-0.3111376049665204,-0.15368584273340213,-0.36365770322526814,-0.10936015112542619,-0.3340892261248002,-0.2572958561479244,-0.5537180199176063,-0.2260770708405468,-0.24228470517843712,-0.5038958503749574,-0.3352084287592698,-0.43303322665011684,-0.298400821269789,-0.22004879766017735,-0.39184592188496736,-0.26112268259937854,-0.3942397078068329,-0.42080804019838985,-0.48766180056080316,-0.4727005103321958,-0.2689327306591706,-0.5001934323702324,-0.21410015763011833,-0.2525504582562914,-0.08765885196857882,-0.47892027981405133,-0.4404182472953123,-0.1868449135836636,-0.3005338442938057,-0.5188937766672903,-0.1491455769765889,-0.2870240564175141,-0.44412764921238496,-0.43797486890908066,-0.09129323066629494,-0.2573038342785912,-0.27388789792488544,-0.23500968509164166,-0.2728982968277571,-0.22523428172702994,-0.20013425993594597,-0.18448577954908066,-0.21074387882364934,-0.46520662817412456,-0.4639509495547927,-0.3906555350769628,-0.3175594019719458,-0.429296851340379,-0.21579398184025708,-0.3036772342830199,-0.17210666556489493,-0.4938921089765849,-0.40625918293036944,-0.2174850660056815,-0.2601676253797479,-0.3990574236217022,-0.23142107207185128,-0.3122084333077348,-0.5101465816264605,-0.32525165519501226,-0.40385392883045446,-0.3859026804104681,-0.02470419223408767,-0.23140473887783217,-0.3942478637003892,-0.47397490721930513,-0.3823535669335196,-0.4195861611522533,-0.387089916936917,-0.3544262252892686,-0.16029531838065875,-0.25159434218474525,-0.4639821184039696,-0.43426861826100754,-0.34985615807699494,-0.3764624247717806,-0.3706064741555894,-0.2932107014321524
9,2,0.6,0.6,0.6,0.6,0.6,0.6,0.6,0.6,0.6,0.6,0.6,0.6,0.6,0.6,0.6,0.6,0.6,0.6,0.6,0.6,0.6,0.6,0.6,0.6,0.6,0.6,0.6,0.6,0.6,0.6,0.6,0.6,0.6,0.6,0.6,0.6,0.6,0.6,0.6,0.6,0.6,0.6,0.6,0.6,0.6,0.6,0.6,0.6,0.6,0.6,0.6,0.6,0.6,0.6,0.6,0.6,0.6,0.6,0.6,0.6,0.6,0.6,0.6,0.6,0.6,0.6,0.6,0.6,0.6,0.6,0.6,0.6,0.6,0.6,0.6,0.6,0.6,0.6,0.6,0.6,0.6,0.6,0.6,0.6,0.6,0.6,0.6,0.6,0.6,0.6,0.6,0.6,0.6,0.6,0.6,0.6,0.6,0.6,0.6,0.6,0.6
9,4,-0.6,-0.8810631476887898,-0.7660598218090704,-0.7678495554487174,-0.7361384302213958,-0.7722820435192068,-0.7419310402520509,-0.9243902865830274,-0.822255590252328,-0.9271447426340533,-0.7651613745819212,-0.7390451116576376,-0.7826752971453241,-0.9867804273173096,-0.86672336769225,-0.7495246443672356,-0.8805371904553881,-0.9664460446367953,-0.7910716513729852,-0.9615853667368436,-0.812540254045234,-0.7722820435192068,-0.758805583089556,-0.7951794983175766,-0.9257792623909913,-0.7843738362144778,-0.9762540405663187,-0.9182174291368608,-0.9211774980529694,-0.7910716513729852,-0.9366692893055316,-0.824440789839618,-0.7504633316265027,-0.7826752971453241,-0.7918980378418202,-0.8987023360343603,-0.8794792480111175,-0.7495246443672356,-0.8982453327596847,-0.7818224165175832,-0.8364256049907081,-0.7826752971453241,-0.8350505032719677,-0.812540254045234,-0.8163244040276929,-0.8638035674016105,-0.9577067593268461,-0.929806509300732,-0.733211102892868,-0.7390451116576376,-0.8584123675950137,-0.9301328411235457,-0.7272949694321156,-0.9107780897921773,-0.7818224165175832,-0.8215224737579853,-0.7951794983175766,-0.9649521964304271,-0.8673009375501923,-0.8438243999693303,-0.8294573503156301,-0.7852194938208611,-0.9268055575538476,-0.9078867476680385,-0.9387184464868785,-0.8178214184654429,-0.7705162293780822,-0.766955882665165,-0.7843738362144778,-0.9049115349459876,-0.940425389903433,-0.8315722226928234,-0.8032147056191447,-0.9398614140292366,-0.7361384302213958,-0.7569682779669321,-0.8343594845966664,-0.8729607925669637,-0.7651613745819212,-0.9500036569106521,-0.7860627430225839,-0.7292760804335465,-0.8155723335160969,-0.8170740983847755,-0.8701570801111813,-0.9754269969879116,-0.9635707004751919,-0.7740382703311339,-0.8757126494057829,-0.8200491525397664,-0.7541945852944113,-0.7740382703311339,-0.7740382703311339,-0.8724042170714266,-0.8102411599913819,-0.776654613708977,-0.7902428559501357,-0.8418339876139327,-0.8315722226928234,-0.7968057818590881,-0.7927220155193407
9,5,-0.6,-0.6,-0.6,-0.6,-0.6,-0.6,-0.6,-0.6,-0.6,-0.6,-0.6,-0.6,-0.6,-0.6,-0.6,-0.6,-0.6,-0.6,-0.6,-0.6,-0.6,-0.6,-0.6,-0.6,-0.6,-0.6,-0.6,-0.6,-0.6,-0.6,-0.6,-0.6,-0.6,-0.6,-0.6,-0.6,-0.6,-0.6,-0.6,-0.6,-0.6,-0.6,-0.6,-0.6,-0.6,-0.6,-0.6,-0.6,-0.6,-0.6,-0.6,-0.6,-0.6,-0.6,-0.6,-0.6,-0.6,-0.6,-0.6,-0.6,-0.6,-0.6,-0.6,-0.6,-0.6,-0.6,-0.6,-0.6,-0.6,-0.6,-0.6,-0.6,-0.6,-0.6,-0.6,-0.6,-0.6,-0.6,-0.6,-0.6,-0.6,-0.6,-0.6,-0.6,-0.6,-0.6,-0.6,-0.6,-0.6,-0.6,-0.6,-0.6,-0.6,-0.6,-0.6,-0.6,-0.6,-0.6,-0.6,-0.6,-0.6
9,6,-0.6,-0.6,-0.6,-0.6,-0.6,-0.6,-0.6,-0.6,-0.6,-0.6,-0.6,-0.6,-0.6,-0.6,-0.6,-0.6,-0.6,-0.6,-0.6,-0.6,-0.6,-0.6,-0.6,-0.6,-0.6,-0.6,-0.6,-0.6,-0.6,-0.6,-0.6,-0.6,-0.6,-0.6,-0.6,-0.6,-0.6,-0.6,-0.6,-0.6,-0.6,-0.6,-0.6,-0.6,-0.6,-0.6,-0.6,-0.6,-0.6,-0.6,-0.6,-0.6,-0.6,-0.6,-0.6,-0.6,-0.6,-0.6,-0.6,-0.6,-0.6,-0.6,-0.6,-0.6,-0.6,-0.6,-0.6,-0.6,-0.6,-0.6,-0.6,-0.6,-0.6,-0.6,-0.6,-0.6,-0.6,-0.6,-0.6,-0.6,-0.6,-0.6,-0.6,-0.6,-0.6,-0.6,-0.6,-0.6,-0.6,-0.6,-0.6,-0.6,-0.6,-0.6,-0.6,-0.6,-0.6,-0.6,-0.6,-0.6,-0.6
9,7,-0.6,-0.8528442733893764,-0.8343594845966664,-0.7513996722240555,-0.7835257705272431,-0.8016268948709927,-0.7513996722240555,-0.9271447426340533,-0.7843738362144778,-0.8826290218308879,-0.7569682779669321,-0.7457464895268,-0.7894116514701691,-0.9725072051789161,-0.8496733743290137,-0.7080305155211524,-0.8821090584938029,-0.9409844105182563,-0.822255590252328,-0.9483109814932275,-0.80714224320402,-0.7495246443672356,-0.7476402418785575,-0.8315722226928234,-0.8846890425914415,-0.7992271593633554,-0.9851157643672674,-0.8954647817849902,-0.8632131864958328,-0.7606334072785251,-0.9294787693674188,-0.8695900641889172,-0.7141997590640583,-0.7976153134983632,-0.8063615301397679,-0.8751663985387456,-0.8945231290840515,-0.7757849002650481,-0.8729607925669637,-0.7624517327257515,-0.8371096940522412,-0.8110099121046179,-0.7801094356355742,-0.8315722226928234,-0.7532653018600426,-0.8540970664939056,-0.9323781543525489,-0.9523308965908014,-0.7292760804335465,-0.7569682779669321,-0.8695900641889172,-0.9483109814932275,-0.7212976917331752,-0.9018506602570856,-0.7968057818590881,-0.7696297303354861,-0.766955882665165,-0.9669301999290129,-0.86672336769225,-0.8094700184529884,-0.8614291242649291,-0.7992271593633554,-0.9278187731269494,-0.9099604457549649,-0.9366692893055316,-0.8322725219985161,-0.7959938436364415,-0.764260542754205,-0.7984224391242196,-0.8695900641889172,-0.8643918022233398,-0.8384709639056047,-0.8258858210114852,-0.9587101390539103,-0.7312481370232629,-0.7578881144875257,-0.8477439979348319,-0.8673009375501923,-0.776654613708977,-0.9390060771104393,-0.7984224391242196,-0.6996847473853881,-0.7910716513729852,-0.7860627430225839,-0.8451399800771044,-0.9704241808054725,-0.9719660922261661,-0.7740382703311339,-0.8916531886598371,-0.8614291242649291,-0.7361384302213958,-0.7466945328412262,-0.766955882665165,-0.8831469969891516,-0.8193089435469116,-0.7918980378418202,-0.7660598218090704,-0.8464465033091665,-0.7860627430225839,-0.8411659586707112,-0.8040050098306262
9,9,-0.6,-0.6,-0.6,-0.6,-0.6,-0.6,-0.6,-0.6,-0.6,-0.6,-0.6,-0.6,-0.6,-0.6,-0.6,-0.6,-0.6,-0.6,-0.6,-0.6,-0.6,-0.6,-0.6,-0.6,-0.6,-0.6,-0.6,-0.6,-0.6,-0.6,-0.6,-0.6,-0.6,-0.6,-0.6,-0.6,-0.6,-0.6,-0.6,-0.6,-0.6,-0.6,-0.6,-0.6,-0.6,-0.6,-0.6,-0.6,-0.6,-0.6,-0.6,-0.6,-0.6,-0.6,-0.6,-0.6,-0.6,-0.6,-0.6,-0.6,-0.6,-0.6,-0.6,-0.6,-0.6,-0.6,-0.6,-0.6,-0.6,-0.6,-0.6,-0.6,-0.6,-0.6,-0.6,-0.6,-0.6,-0.6,-0.6,-0.6,-0.6,-0.6,-0.6,-0.6,-0.6,-0.6,-0.6,-0.6,-0.6,-0.6,-0.6,-0.6,-0.6,-0.6,-0.6,-0.6,-0.6,-0.6,-0.6,-0.6,-0.6
10,3,-0.6,-0.8670342957430389,-0.7295004222813073,-0.7837811708706847,-0.69873524199039,-0.7334174361294453,-0.7050532048411402,-0.9099607385402795,-0.9022114936282215,-0.9720172012429924,-0.7913410154197945,-0.7707587541592932,-0.7963040092702623,-0.9847172682781994,-0.921102762268152,-0.8104929724342267,-0.9311350247776095,-0.9821891152195841,-0.7516196051104315,-0.9847357989720465,-0.7734061753667797,-0.7751282546104459,-0.8374058283627405,-0.7581294157805468,-0.9232899987402875,-0.7363538010754564,-0.9851900528093192,-0.9614522788692992,-0.9536952977077392,-0.8157366256279698,-0.9073535434106654,-0.7608898392203137,-0.7750960922402991,-0.7672128383557831,-0.7921234081459597,-0.9571784151173287,-0.907011272301477,-0.7363523596221304,-0.9496033113582256,-0.8010926154383547,-0.8646734894275697,-0.7506198911647193,-0.9102764030650202,-0.7450469389551607,-0.8652426720741545,-0.8151020646146329,-0.9887105331295646,-0.9285438604627406,-0.7497172730848637,-0.7654120958393354,-0.8361341199525818,-0.9161480537501315,-0.7829082357370594,-0.8871080195794131,-0.7516622699188071,-0.8518391750703401,-0.8407986446164492,-0.976108871018237,-0.9048713663398,-0.8065905640777546,-0.7760999548428974,-0.7412561701593022,-0.9581771122850286,-0.8958122853227022,-0.9575673142322839,-0.7663710780111052,-0.7768737711838116,-0.8367193061870005,-0.7855180462451921,-0.9043078265782288,-0.9728046148917443,-0.8035543736418989,-0.8059055024281623,-0.9577926574648529,-0.7863016028916845,-0.7645096786146576,-0.8019423015729309,-0.881934861751263,-0.7599452068428413,-0.9841271114841361,-0.7488181871795712,-0.8081984146179179,-0.7845950443032386,-0.8296761647794849,-0.9118943052466375,-0.9575793511846746,-0.9738573769063935,-0.7599331017188262,-0.8994132359422842,-0.8297799632438008,-0.7617709479939586,-0.7863652605174218,-0.780403205643436,-0.8455069833472884,-0.7752242505265589,-0.75534264243477,-0.8569130161471638,-0.8929819371017899,-0.8562194505770706,-0.7525799792224046,-0.7846907766350834
10,4,0.6,0.6,0.6,0.6,0.6,0.6,0.6,0.6,0.6,0.6,0.6,0.6,0.6,0.6,0.6,0.6,0.6,0.6,0.6,0.6,0.6,0.6,0.6,0.6,0.6,0.6,0.6,0.6,0.6,0.6,0.6,0.6,0.6,0.6,0.6,0.6,0.6,0.6,0.6,0.6,0.6,0.6,0.6,0.6,0.6,0.6,0.6,0.6,0.6,0.6,0.6,0.6,0.6,0.6,0.6,0.6,0.6,0.6,0.6,0.6,0.6,0.6,0.6,0.6,0.6,0.6,0.6,0.6,0.6,0.6,0.6,0.6,0.6,0.6,0.6,0.6,0.6,0.6,0.6,0.6,0.6,0.6,0.6,0.6,0.6,0.6,0.6,0.6,0.6,0.6,0.6,0.6,0.6,0.6,0.6,0.6,0.6,0.6,0.6,0.6,0.6
10,5,0.6,0.6,0.6,0.6,0.6,0.6,0.6,0.6,0.6,0.6,0.6,0.6,0.6,0.6,0.6,0.6,0.6,0.6,0.6,0.6,0.6,0.6,0.6,0.6,0.6,0.6,0.6,0.6,0.6,0.6,0.6,0.6,0.6,0.6,0.6,0.6,0.6,0.6,0.6,0.6,0.6,0.6,0.6,0.6,0.6,0.6,0.6,0.6,0.6,0.6,0.6,0.6,0.6,0.6,0.6,0.6,0.6,0.6,0.6,0.6,0.6,0.6,0.6,0.6,0.6,0.6,0.6,0.6,0.6,0.6,0.6,0.6,0.6,0.6,0.6,0.6,0.6,0.6,0.6,0.6,0.6,0.6,0.6,0.6,0.6,0.6,0.6,0.6,0.6,0.6,0.6,0.6,0.6,0.6,0.6,0.6,0.6,0.6,0.6,0.6,0.6
10,9,0.6,0.5963964348358344,0.5939882046365135,0.6,0.5867365980549956,0.5963964348358344,0.5770090663399023,0.583096327741662,0.5891581779649416,0.5325929142154833,0.5951928961990797,0.6,0.6,0.5536769475536119,0.5301031392620431,0.5988,0.5782284678739728,0.5263656461495806,0.5927823735495674,0.5363244387188473,0.6,0.5684475496817656,0.5843107861983151,0.5988,0.5794469088173696,0.5745674379705191,0.5350810360430884,0.5635363168187207,0.5818808527400827,0.5524413536271052,0.5338371894385378,0.5927823735495674,0.5903673466782133,0.5988,0.5963964348358344,0.5879479238684318,0.6,0.5867365980549956,0.5891581779649416,0.5867365980549956,0.5425342589085199,0.543774677796439,0.5635363168187207,0.5806643751103099,0.5561461090579244,0.5867365980549956,0.4963919258843324,0.5855242142422064,0.5794469088173696,0.6,0.5867365980549956,0.5425342589085199,0.5843107861983151,0.5733452394845465,0.5879479238684318,0.5879479238684318,0.5806643751103099,0.5425342589085199,0.5757887183213951,0.5939882046365135,0.6,0.5939882046365135,0.5782284678739728,0.543774677796439,0.5301031392620431,0.5939882046365135,0.5818808527400827,0.6,0.6,0.5101402338094979,0.505141639345757,0.5879479238684318,0.6,0.5806643751103099,0.6,0.5757887183213951,0.5915754163937749,0.5855242142422064,0.570898145118625,0.5499682139183885,0.6,0.5951928961990797,0.5939882046365135,0.5855242142422064,0.5757887183213951,0.5843107861983151,0.4826481278787289,0.5903673466782133,0.520129970674358,0.5794469088173696,0.5939882046365135,0.5927823735495674,0.5891581779649416,0.5903673466782133,0.5855242142422064,0.5610759116369145,0.5951928961990797,0.5988,0.5745674379705191,0.6,0.5879479238684318
