tick,food_sensed_N,food_sensed_E,food_sensed_S,food_sensed_W,movement,food_consumed,energy,manhattan_dist,decision_made,conn_0_1,conn_0_2,conn_0_4,conn_0_5,conn_0_6,conn_1_0,conn_1_1,conn_1_2,conn_1_3,conn_1_5,conn_1_7,conn_1_8,conn_1_10,conn_2_0,conn_2_1,conn_2_5,conn_2_6,conn_2_10,conn_3_0,conn_3_6,conn_3_7,conn_3_8,conn_3_9,conn_4_0,conn_4_1,conn_4_2,conn_4_3,conn_4_4,conn_4_7,conn_4_10,conn_5_0,conn_5_1,conn_5_4,conn_5_6,conn_5_7,conn_5_9,conn_6_2,conn_6_3,conn_6_5,conn_6_6,conn_6_8,conn_6_9,conn_6_10,conn_7_0,conn_7_1,conn_7_2,conn_7_3,conn_7_4,conn_7_6,conn_7_7,conn_8_1,conn_8_2,conn_8_4,conn_8_5,conn_8_6,conn_8_7,conn_8_8,conn_9_1,conn_9_3,conn_9_4,conn_9_5,conn_9_6,conn_9_8,conn_9_9,conn_9_10,conn_10_2,conn_10_3,conn_10_5,conn_10_7,conn_10_8,conn_10_9,conn_10_10
0,0,0,0,0,stay,0,30,0,0,-0.600000,-0.600000,-0.600000,1.000000,-0.600000,-0.600000,-0.600000,0.600000,0.600000,-0.600000,-0.600000,-0.600000,-0.600000,-0.600000,-0.600000,-0.600000,0.600000,-0.600000,0.600000,0.600000,0.600000,-0.600000,-0.600000,-0.600000,-0.600000,0.600000,0.600000,-0.600000,-0.600000,-0.600000,0.600000,-0.600000,-0.600000,-0.600000,-0.600000,-0.600000,-0.600000,-0.600000,-0.600000,0.600000,-0.600000,0.600000,-0.600000,0.600000,-0.600000,-0.600000,-0.600000,-0.600000,0.600000,-0.600000,-0.600000,0.600000,0.600000,0.600000,0.600000,0.600000,-0.600000,-0.600000,-0.600000,0.600000,-0.600000,0.600000,-0.600000,0.600000,-0.600000,-0.600000,-0.600000,0.600000,-0.600000,-0.600000,0.600000,-0.600000
1,0,0,0,0,stay,0,29,0,1,-0.586737,-0.600000,-0.600000,1.000000,-0.620235,-0.600000,-0.600000,0.600000,0.600000,-0.607182,-0.600000,-0.600000,-0.600000,-0.600000,-0.589158,-0.589158,0.600000,-0.600000,0.607182,0.600000,0.600000,-0.600000,-0.600000,-0.607182,-0.617874,0.610755,0.600000,-0.600000,-0.600000,-0.613131,0.600000,-0.598800,-0.600000,-0.600000,-0.600000,-0.600000,-0.613131,-0.600000,-0.600000,0.600000,-0.600000,0.610755,-0.600000,0.600000,-0.586737,-0.600000,-0.586737,-0.592782,0.600000,-0.600000,-0.600000,0.600000,0.600000,0.600000,0.602399,0.613131,-0.600000,-0.600000,-0.600000,0.592782,-0.600000,0.600000,-0.589158,0.609565,-0.589158,-0.600000,-0.600000,0.598800,-0.598800,-0.590367,0.600000,-0.600000
2,0,0,0,0,stay,1,29,0,1,-0.575789,-0.600000,-0.600000,1.000000,-0.638910,-0.600000,-0.600000,0.600000,0.600000,-0.615502,-0.600000,-0.600000,-0.600000,-0.600000,-0.575789,-0.575789,0.600000,-0.600000,0.615502,0.600000,0.600000,-0.600000,-0.600000,-0.615502,-0.638908,0.623756,0.600000,-0.600000,-0.600000,-0.623756,0.600000,-0.597599,-0.600000,-0.600000,-0.600000,-0.600000,-0.623756,-0.600000,-0.600000,0.600000,-0.600000,0.623756,-0.600000,0.600000,-0.575789,-0.600000,-0.575789,-0.584311,0.600000,-0.600000,-0.600000,0.600000,0.600000,0.600000,0.600002,0.623756,-0.600000,-0.600000,-0.600000,0.584311,-0.600000,0.600000,-0.575789,0.621405,-0.575789,-0.600000,-0.600000,0.597599,-0.597599,-0.578228,0.600000,-0.600000
3,0,0,0,0,stay,0,28,0,1,-0.564765,-0.600000,-0.600000,1.000000,-0.656045,-0.600000,-0.600000,0.600000,0.600000,-0.622581,-0.600000,-0.600000,-0.600000,-0.600000,-0.562307,-0.562307,0.600000,-0.600000,0.622581,0.600000,0.600000,-0.600000,-0.600000,-0.622581,-0.658300,0.636581,0.600000,-0.600000,-0.600000,-0.634263,0.600000,-0.596396,-0.600000,-0.600000,-0.600000,-0.600000,-0.634263,-0.600000,-0.600000,0.600000,-0.600000,0.636581,-0.600000,0.600000,-0.564765,-0.600000,-0.564765,-0.577009,0.600000,-0.600000,-0.600000,0.600000,0.600000,0.600000,0.597604,0.634263,-0.600000,-0.600000,-0.600000,0.577009,-0.600000,0.600000,-0.562307,0.633102,-0.562307,-0.600000,-0.600000,0.596396,-0.596396,-0.565994,0.600000,-0.600000
4,0,0,0,0,stay,0,27,0,1,-0.556146,-0.600000,-0.600000,1.000000,-0.671682,-0.600000,-0.600000,0.600000,0.600000,-0.630774,-0.600000,-0.600000,-0.600000,-0.600000,-0.551205,-0.551205,0.600000,-0.600000,0.630774,0.600000,0.600000,-0.600000,-0.600000,-0.630774,-0.676083,0.646934,0.600000,-0.600000,-0.600000,-0.642349,0.600000,-0.592782,-0.600000,-0.600000,-0.600000,-0.600000,-0.642349,-0.600000,-0.600000,0.600000,-0.600000,0.646934,-0.600000,0.600000,-0.556146,-0.600000,-0.556146,-0.568448,0.600000,-0.600000,-0.600000,0.600000,0.600000,0.600000,0.595204,0.642349,-0.600000,-0.600000,-0.600000,0.568448,-0.600000,0.600000,-0.551205,0.640047,-0.551205,-0.600000,-0.600000,0.592782,-0.592782,-0.558612,0.600000,-0.600000
5,0,0,0,0,stay,0,26,0,1,-0.549968,-0.596396,-0.600000,1.000000,-0.683711,-0.600000,-0.600000,0.600000,0.600000,-0.637738,-0.600000,-0.600000,-0.600000,-0.600000,-0.542534,-0.542534,0.600000,-0.600000,0.637738,0.600000,0.597599,-0.603596,-0.600000,-0.637738,-0.690172,0.654892,0.600000,-0.600000,-0.600000,-0.648076,0.600000,-0.586737,-0.600000,-0.600000,-0.600000,-0.602399,-0.648076,-0.600000,-0.600000,0.600000,-0.600000,0.654892,-0.600000,0.600000,-0.549968,-0.600000,-0.549968,-0.561076,0.600000,-0.600000,-0.600000,0.600000,0.600000,0.600000,0.592794,0.648076,-0.600000,-0.603596,-0.600000,0.561076,-0.600000,0.600000,-0.542534,0.642356,-0.546255,-0.600000,-0.603596,0.586737,-0.586737,-0.556149,0.600000,-0.600000
6,0,0,1,0,W,0,24,1,1,-0.546254,-0.583096,-0.600000,1.000000,-0.686949,-0.600000,-0.600000,0.600000,0.600000,-0.637738,-0.600000,-0.600000,-0.596396,-0.600000,-0.542534,-0.542534,0.600000,-0.596396,0.637738,0.600000,0.593988,-0.616685,-0.600000,-0.640047,-0.690172,0.654892,0.600000,-0.600000,-0.600000,-0.651492,0.600000,-0.573345,-0.600000,-0.600000,-0.600000,-0.604796,-0.651492,-0.600000,-0.600000,0.596396,-0.600000,0.654892,-0.600000,0.600000,-0.546254,-0.600000,-0.546254,-0.561076,0.600000,-0.600000,-0.600000,0.600000,0.600000,0.600000,0.596412,0.652627,-0.600000,-0.616685,-0.600000,0.561076,-0.600000,0.603596,-0.542534,0.629633,-0.563549,-0.600000,-0.616685,0.573345,-0.573345,-0.569684,0.600000,-0.600000
7,0,0,0,1,N,0,22,2,1,-0.546254,-0.568448,-0.600000,1.000000,-0.686949,-0.600000,-0.600000,0.600000,0.600000,-0.637738,-0.600000,-0.600000,-0.596396,-0.600000,-0.542534,-0.542534,0.600000,-0.596396,0.637738,0.600000,0.579447,-0.630774,-0.600000,-0.640047,-0.690172,0.654892,0.600000,-0.600000,-0.600000,-0.651492,0.600000,-0.558612,-0.600000,-0.600000,-0.600000,-0.619052,-0.651492,-0.600000,-0.600000,0.596396,-0.600000,0.654892,-0.600000,0.600000,-0.546254,-0.600000,-0.546254,-0.561076,0.600000,-0.600000,-0.600000,0.600000,0.600000,0.600000,0.596412,0.652627,-0.600000,-0.630774,-0.600000,0.561076,-0.600000,0.603596,-0.542534,0.615544,-0.578251,-0.600000,-0.630774,0.558612,-0.558612,-0.584333,0.600000,-0.600000
8,0,1,0,0,N,0,20,3,1,-0.546254,-0.553677,-0.600000,1.000000,-0.686949,-0.600000,-0.600000,0.600000,0.600000,-0.637738,-0.600000,-0.600000,-0.596396,-0.600000,-0.542534,-0.542534,0.600000,-0.589158,0.637738,0.600000,0.572122,-0.644645,-0.600000,-0.640047,-0.690172,0.654892,0.600000,-0.600000,-0.600000,-0.651492,0.600000,-0.543775,-0.600000,-0.600000,-0.607182,-0.626105,-0.651492,-0.600000,-0.600000,0.596396,-0.600000,0.654892,-0.607182,0.600000,-0.546254,-0.600000,-0.546254,-0.561076,0.600000,-0.600000,-0.600000,0.600000,0.600000,0.600000,0.596412,0.652627,-0.600000,-0.644645,-0.600000,0.561076,-0.600000,0.596400,-0.542534,0.601258,-0.585553,-0.607182,-0.644645,0.543775,-0.543775,-0.598835,0.600000,-0.600000
9,0,0,0,0,N,0,18,4,1,-0.546254,-0.538810,-0.600000,1.000000,-0.686949,-0.600000,-0.600000,0.600000,0.600000,-0.637738,-0.600000,-0.600000,-0.596396,-0.600000,-0.542534,-0.542534,0.600000,-0.587948,0.637738,0.600000,0.564765,-0.658277,-0.600000,-0.640047,-0.690172,0.654892,0.600000,-0.600000,-0.600000,-0.651492,0.600000,-0.528858,-0.600000,-0.600000,-0.608374,-0.633105,-0.651492,-0.600000,-0.600000,0.596396,-0.600000,0.654892,-0.608374,0.600000,-0.546254,-0.600000,-0.546254,-0.561076,0.600000,-0.600000,-0.600000,0.600000,0.600000,0.600000,0.596412,0.652627,-0.600000,-0.658277,-0.600000,0.561076,-0.600000,0.595197,-0.542534,0.586797,-0.598840,-0.608374,-0.658277,0.528858,-0.528858,-0.613167,0.600000,-0.600000
10,0,0,0,1,N,0,16,5,1,-0.546254,-0.523872,-0.600000,1.000000,-0.686949,-0.600000,-0.600000,0.600000,0.600000,-0.637738,-0.600000,-0.600000,-0.596396,-0.600000,-0.542534,-0.542534,0.600000,-0.587948,0.637738,0.600000,0.551205,-0.671654,-0.600000,-0.640047,-0.690172,0.654892,0.600000,-0.600000,-0.600000,-0.651492,0.600000,-0.513888,-0.600000,-0.600000,-0.608374,-0.645794,-0.651492,-0.600000,-0.600000,0.596396,-0.600000,0.654892,-0.608374,0.600000,-0.546254,-0.600000,-0.546254,-0.561076,0.600000,-0.600000,-0.600000,0.600000,0.600000,0.600000,0.596412,0.652627,-0.600000,-0.671654,-0.600000,0.561076,-0.600000,0.595197,-0.542534,0.572183,-0.613173,-0.608374,-0.671654,0.513888,-0.513888,-0.627307,0.600000,-0.600000
11,0,0,0,0,W,0,14,6,1,-0.530103,-0.518882,-0.600000,1.000000,-0.703913,-0.600000,-0.600000,0.600000,0.600000,-0.641199,-0.600000,-0.600000,-0.596396,-0.600000,-0.537567,-0.537567,0.600000,-0.587948,0.641199,0.600000,0.549968,-0.676053,-0.600000,-0.643498,-0.697618,0.659402,0.600000,-0.600000,-0.600000,-0.666113,0.600000,-0.500142,-0.600000,-0.600000,-0.608374,-0.646937,-0.666113,-0.600000,-0.600000,0.596396,-0.600000,0.659402,-0.608374,0.600000,-0.530103,-0.600000,-0.530103,-0.557380,0.600000,-0.600000,-0.600000,0.600000,0.600000,0.600000,0.607200,0.667225,-0.600000,-0.676053,-0.600000,0.557380,-0.600000,0.595197,-0.537567,0.563599,-0.613178,-0.608374,-0.676053,0.500142,-0.500142,-0.635463,0.600000,-0.600000
12,0,0,0,0,stay,1,29,6,1,-0.515137,-0.518882,-0.600000,1.000000,-0.727351,-0.600000,-0.600000,0.600000,0.600000,-0.653761,-0.600000,-0.600000,-0.596396,-0.600000,-0.521378,-0.521378,0.600000,-0.587948,0.653761,0.600000,0.549968,-0.676053,-0.600000,-0.656023,-0.722350,0.673858,0.600000,-0.600000,-0.600000,-0.679333,0.600000,-0.495142,-0.600000,-0.600000,-0.608374,-0.646937,-0.679333,-0.600000,-0.600000,0.596396,-0.600000,0.673858,-0.608374,0.600000,-0.515137,-0.600000,-0.515137,-0.543775,0.600000,-0.600000,-0.600000,0.600000,0.600000,0.600000,0.606019,0.680422,-0.600000,-0.676053,-0.600000,0.543775,-0.600000,0.595197,-0.521378,0.574638,-0.597660,-0.608374,-0.676053,0.495142,-0.495142,-0.624983,0.600000,-0.600000
13,0,0,0,0,E,0,27,5,1,-0.513888,-0.510140,-0.600000,1.000000,-0.732286,-0.600000,-0.600000,0.600000,0.600000,-0.658277,-0.600000,-0.600000,-0.596396,-0.600000,-0.518882,-0.518882,0.600000,-0.587948,0.658277,0.600000,0.546254,-0.683678,-0.600000,-0.660525,-0.728337,0.676053,0.600000,-0.600000,-0.600000,-0.680422,0.600000,-0.483897,-0.600000,-0.600000,-0.608374,-0.650358,-0.680422,-0.600000,-0.600000,0.596396,-0.600000,0.676053,-0.608374,0.600000,-0.513888,-0.600000,-0.513888,-0.538810,0.600000,-0.600000,-0.600000,0.600000,0.600000,0.600000,0.604826,0.681509,-0.600000,-0.683678,-0.600000,0.538810,-0.600000,0.595197,-0.518882,0.566065,-0.603662,-0.608374,-0.683678,0.483897,-0.483897,-0.633157,0.600000,-0.600000
14,0,0,0,0,N,0,25,6,1,-0.513888,-0.495142,-0.600000,1.000000,-0.732286,-0.600000,-0.600000,0.600000,0.600000,-0.658277,-0.600000,-0.600000,-0.596396,-0.600000,-0.518882,-0.518882,0.600000,-0.587948,0.658277,0.600000,0.541293,-0.696520,-0.600000,-0.660525,-0.728337,0.676053,0.600000,-0.600000,-0.600000,-0.680422,0.600000,-0.468930,-0.600000,-0.600000,-0.608374,-0.654896,-0.680422,-0.600000,-0.600000,0.596396,-0.600000,0.676053,-0.608374,0.600000,-0.513888,-0.600000,-0.513888,-0.538810,0.600000,-0.600000,-0.600000,0.600000,0.600000,0.600000,0.604826,0.681509,-0.600000,-0.696520,-0.600000,0.538810,-0.600000,0.595197,-0.518882,0.551277,-0.617932,-0.608374,-0.696520,0.468930,-0.468930,-0.646988,0.600000,-0.600000
15,0,0,0,1,W,0,23,7,1,-0.513888,-0.480151,-0.600000,1.000000,-0.732286,-0.600000,-0.600000,0.600000,0.600000,-0.658277,-0.600000,-0.600000,-0.596396,-0.600000,-0.518882,-0.518882,0.600000,-0.587948,0.658277,0.600000,0.526366,-0.709064,-0.600000,-0.660525,-0.728337,0.676053,0.600000,-0.600000,-0.600000,-0.680422,0.600000,-0.454017,-0.600000,-0.600000,-0.608374,-0.668338,-0.680422,-0.600000,-0.600000,0.596396,-0.600000,0.676053,-0.608374,0.600000,-0.513888,-0.600000,-0.513888,-0.538810,0.600000,-0.600000,-0.600000,0.600000,0.600000,0.600000,0.604826,0.681509,-0.600000,-0.709064,-0.600000,0.538810,-0.600000,0.595197,-0.518882,0.536397,-0.632003,-0.608374,-0.709064,0.454017,-0.454017,-0.660578,0.600000,-0.600000
16,0,0,0,0,W,0,21,8,1,-0.501392,-0.475161,-0.600000,1.000000,-0.744856,-0.600000,-0.600000,0.600000,0.600000,-0.661646,-0.600000,-0.600000,-0.596396,-0.600000,-0.511390,-0.511390,0.600000,-0.587948,0.661646,0.600000,0.525119,-0.713177,-0.600000,-0.663883,-0.737166,0.682594,0.600000,-0.600000,-0.600000,-0.691205,0.600000,-0.447826,-0.600000,-0.600000,-0.608374,-0.669447,-0.691205,-0.600000,-0.600000,0.596396,-0.600000,0.682594,-0.608374,0.600000,-0.501392,-0.600000,-0.501392,-0.535081,0.600000,-0.600000,-0.600000,0.600000,0.600000,0.600000,0.609599,0.692272,-0.600000,-0.713177,-0.600000,0.535081,-0.600000,0.595197,-0.511390,0.537642,-0.629682,-0.608374,-0.713177,0.447826,-0.447826,-0.659466,0.600000,-0.600000
17,0,0,0,0,stay,1,29,8,1,-0.486395,-0.475161,-0.600000,1.000000,-0.763428,-0.600000,-0.600000,0.600000,0.600000,-0.670550,-0.600000,-0.600000,-0.596396,-0.600000,-0.495142,-0.495142,0.600000,-0.587948,0.670550,0.600000,0.525119,-0.713177,-0.600000,-0.672757,-0.757035,0.696520,0.600000,-0.600000,-0.600000,-0.703875,0.600000,-0.445354,-0.600000,-0.600000,-0.608374,-0.669447,-0.703875,-0.600000,-0.600000,0.596396,-0.600000,0.696520,-0.608374,0.600000,-0.486395,-0.600000,-0.486395,-0.525119,0.600000,-0.600000,-0.600000,0.600000,0.600000,0.600000,0.608414,0.704917,-0.600000,-0.713177,-0.600000,0.525119,-0.600000,0.595197,-0.495142,0.551286,-0.614411,-0.608374,-0.713177,0.445354,-0.445354,-0.647018,0.600000,-0.600000
18,0,0,0,0,stay,0,28,8,1,-0.472667,-0.475161,-0.600000,1.000000,-0.781901,-0.600000,-0.600000,0.600000,0.600000,-0.681509,-0.600000,-0.600000,-0.596396,-0.600000,-0.480151,-0.480151,0.600000,-0.587948,0.681509,0.600000,0.525119,-0.713177,-0.600000,-0.683678,-0.776736,0.709064,0.600000,-0.600000,-0.600000,-0.715220,0.600000,-0.442884,-0.600000,-0.600000,-0.608374,-0.669447,-0.715220,-0.600000,-0.600000,0.596396,-0.600000,0.709064,-0.608374,0.600000,-0.472667,-0.600000,-0.472667,-0.512639,0.600000,-0.600000,-0.600000,0.600000,0.600000,0.600000,0.607231,0.716239,-0.600000,-0.713177,-0.600000,0.512639,-0.600000,0.595197,-0.480151,0.563624,-0.600110,-0.608374,-0.713177,0.442884,-0.442884,-0.635525,0.600000,-0.600000
19,0,0,0,0,stay,0,27,8,1,-0.471421,-0.465195,-0.600000,1.000000,-0.784454,-0.600000,-0.600000,0.600000,0.600000,-0.683678,-0.600000,-0.600000,-0.596396,-0.600000,-0.477656,-0.477656,0.600000,-0.587948,0.683678,0.600000,0.521378,-0.721298,-0.600000,-0.685838,-0.780193,0.711125,0.600000,-0.600000,-0.600000,-0.716239,0.600000,-0.431808,-0.600000,-0.600000,-0.608374,-0.672760,-0.716239,-0.600000,-0.600000,0.596396,-0.600000,0.711125,-0.608374,0.600000,-0.471421,-0.600000,-0.471421,-0.510140,0.600000,-0.600000,-0.600000,0.600000,0.600000,0.600000,0.606040,0.717255,-0.600000,-0.721298,-0.600000,0.510140,-0.600000,0.595197,-0.477656,0.555000,-0.607293,-0.608374,-0.721298,0.431808,-0.431808,-0.643600,0.600000,-0.600000
20,0,0,0,1,W,0,25,9,1,-0.471421,-0.450300,-0.600000,1.000000,-0.784454,-0.600000,-0.600000,0.600000,0.600000,-0.683678,-0.600000,-0.600000,-0.596396,-0.600000,-0.477656,-0.477656,0.600000,-0.587948,0.683678,0.600000,0.506391,-0.733211,-0.600000,-0.685838,-0.780193,0.711125,0.600000,-0.600000,-0.600000,-0.716239,0.600000,-0.417146,-0.600000,-0.600000,-0.608374,-0.685842,-0.716239,-0.600000,-0.600000,0.596396,-0.600000,0.711125,-0.608374,0.600000,-0.471421,-0.600000,-0.471421,-0.510140,0.600000,-0.600000,-0.600000,0.600000,0.600000,0.600000,0.606040,0.717255,-0.600000,-0.733211,-0.600000,0.510140,-0.600000,0.595197,-0.477656,0.540141,-0.621515,-0.608374,-0.733211,0.417146,-0.417146,-0.657252,0.600000,-0.600000
21,0,0,1,0,W,0,23,10,1,-0.458980,-0.445354,-0.600000,1.000000,-0.796894,-0.600000,-0.600000,0.600000,0.600000,-0.689064,-0.600000,-0.600000,-0.592782,-0.600000,-0.470175,-0.470175,0.600000,-0.584311,0.689064,0.600000,0.506392,-0.737110,-0.600000,-0.692272,-0.789504,0.717255,0.600000,-0.600000,-0.600000,-0.726301,0.600000,-0.411078,-0.600000,-0.600000,-0.608374,-0.683687,-0.726301,-0.600000,-0.600000,0.592782,-0.600000,0.717255,-0.608374,0.600000,-0.458980,-0.600000,-0.458980,-0.503892,0.600000,-0.600000,-0.600000,0.600000,0.600000,0.600000,0.610807,0.729281,-0.600000,-0.737110,-0.600000,0.503892,-0.600000,0.598807,-0.470175,0.541385,-0.622698,-0.608374,-0.737110,0.411078,-0.411078,-0.656134,0.600000,-0.600000
22,0,0,1,0,stay,1,29,10,1,-0.446589,-0.445354,-0.600000,1.000000,-0.810335,-0.600000,-0.600000,0.600000,0.600000,-0.696520,-0.600000,-0.600000,-0.585524,-0.600000,-0.456497,-0.456497,0.600000,-0.577009,0.696520,0.600000,0.506392,-0.737110,-0.600000,-0.699685,-0.804109,0.728287,0.600000,-0.600000,-0.600000,-0.736138,0.600000,-0.411078,-0.600000,-0.600000,-0.608374,-0.677170,-0.736138,-0.600000,-0.600000,0.585524,-0.600000,0.728287,-0.608374,0.600000,-0.446589,-0.600000,-0.446589,-0.495142,0.600000,-0.600000,-0.600000,0.600000,0.600000,0.600000,0.609621,0.744807,-0.600000,-0.737110,-0.600000,0.495142,-0.600000,0.605996,-0.456497,0.555010,-0.616810,-0.608374,-0.737110,0.411078,-0.411078,-0.643630,0.600000,-0.600000
23,0,0,1,0,stay,0,28,10,1,-0.433035,-0.445354,-0.600000,1.000000,-0.823089,-0.600000,-0.600000,0.600000,0.600000,-0.702830,-0.600000,-0.600000,-0.579447,-0.600000,-0.444119,-0.444119,0.600000,-0.570898,0.702830,0.600000,0.506392,-0.737110,-0.600000,-0.705957,-0.816433,0.738079,0.600000,-0.600000,-0.600000,-0.746695,0.600000,-0.411078,-0.600000,-0.600000,-0.608374,-0.671685,-0.746695,-0.600000,-0.600000,0.579447,-0.600000,0.738079,-0.608374,0.600000,-0.433035,-0.600000,-0.433035,-0.487644,0.600000,-0.600000,-0.600000,0.600000,0.600000,0.600000,0.610812,0.759743,-0.600000,-0.737110,-0.600000,0.487644,-0.600000,0.611952,-0.444119,0.567326,-0.610889,-0.608374,-0.737110,0.411078,-0.411078,-0.632089,0.600000,-0.600000
24,0,0,1,0,stay,0,27,10,1,-0.424460,-0.445354,-0.600000,1.000000,-0.833075,-0.600000,-0.600000,0.600000,0.600000,-0.710096,-0.600000,-0.600000,-0.573345,-0.600000,-0.433035,-0.433035,0.600000,-0.564765,0.710096,0.600000,0.506392,-0.737110,-0.600000,-0.713177,-0.828153,0.746695,0.600000,-0.600000,-0.600000,-0.753265,0.600000,-0.409867,-0.600000,-0.600000,-0.608374,-0.666153,-0.753265,-0.600000,-0.600000,0.573345,-0.600000,0.746695,-0.608374,0.600000,-0.424460,-0.600000,-0.424460,-0.478903,0.600000,-0.600000,-0.600000,0.600000,0.600000,0.600000,0.608438,0.770540,-0.600000,-0.737110,-0.600000,0.478903,-0.600000,0.617876,-0.433035,0.577120,-0.606127,-0.608374,-0.737110,0.409867,-0.409867,-0.622745,0.600000,-0.600000
25,0,0,1,0,stay,0,26,10,1,-0.417146,-0.445354,-0.600000,1.000000,-0.841267,-0.600000,-0.600000,0.600000,0.600000,-0.716239,-0.600000,-0.600000,-0.565994,-0.600000,-0.425683,-0.425683,0.600000,-0.557380,0.716239,0.600000,0.506392,-0.737110,-0.600000,-0.719281,-0.836552,0.752334,0.600000,-0.600000,-0.600000,-0.758806,0.600000,-0.409867,-0.600000,-0.600000,-0.608374,-0.659454,-0.758806,-0.600000,-0.600000,0.565994,-0.600000,0.752334,-0.608374,0.600000,-0.417146,-0.600000,-0.417146,-0.471421,0.600000,-0.600000,-0.600000,0.600000,0.600000,0.600000,0.608445,0.780990,-0.600000,-0.737110,-0.600000,0.471421,-0.600000,0.624937,-0.425683,0.584427,-0.606127,-0.608374,-0.737110,0.409867,-0.409867,-0.615676,0.600000,-0.600000
26,0,0,1,0,stay,0,25,10,1,-0.406242,-0.445354,-0.600000,1.000000,-0.851051,-0.600000,-0.600000,0.600000,0.600000,-0.722303,-0.600000,-0.600000,-0.558612,-0.600000,-0.413502,-0.413502,0.600000,-0.549968,0.722303,0.600000,0.506392,-0.737110,-0.600000,-0.725305,-0.847229,0.761544,0.600000,-0.600000,-0.600000,-0.766956,0.600000,-0.409867,-0.600000,-0.600000,-0.608374,-0.652690,-0.766956,-0.600000,-0.600000,0.558612,-0.600000,0.761544,-0.608374,0.600000,-0.406242,-0.600000,-0.406242,-0.463951,0.600000,-0.600000,-0.600000,0.600000,0.600000,0.600000,0.607257,0.793573,-0.600000,-0.737110,-0.600000,0.463951,-0.600000,0.631947,-0.413502,0.596523,-0.601345,-0.608374,-0.737110,0.409867,-0.409867,-0.603785,0.600000,-0.600000
27,0,0,1,0,stay,0,24,10,1,-0.394235,-0.445354,-0.600000,1.000000,-0.861538,-0.600000,-0.600000,0.600000,0.600000,-0.729276,-0.600000,-0.600000,-0.552441,-0.600000,-0.401425,-0.401425,0.600000,-0.543775,0.729276,0.600000,0.506392,-0.737110,-0.600000,-0.732231,-0.857941,0.770516,0.600000,-0.600000,-0.600000,-0.775785,0.600000,-0.409867,-0.600000,-0.600000,-0.608374,-0.647006,-0.775785,-0.600000,-0.600000,0.552441,-0.600000,0.770516,-0.608374,0.600000,-0.394235,-0.600000,-0.394235,-0.455257,0.600000,-0.600000,-0.600000,0.600000,0.600000,0.600000,0.607259,0.805616,-0.600000,-0.737110,-0.600000,0.455257,-0.600000,0.637746,-0.401425,0.608503,-0.595341,-0.608374,-0.737110,0.409867,-0.409867,-0.591770,0.600000,-0.600000
28,0,0,1,0,stay,0,23,10,1,-0.379992,-0.445354,-0.600000,1.000000,-0.871960,-0.600000,-0.600000,0.600000,0.600000,-0.735165,-0.600000,-0.600000,-0.545015,-0.600000,-0.387090,-0.387090,0.600000,-0.536324,0.735165,0.600000,0.506392,-0.737110,-0.600000,-0.738079,-0.868592,0.780967,0.600000,-0.600000,-0.600000,-0.786063,0.600000,-0.409867,-0.600000,-0.600000,-0.608374,-0.640130,-0.786063,-0.600000,-0.600000,0.545015,-0.600000,0.780967,-0.608374,0.600000,-0.379992,-0.600000,-0.379992,-0.447826,0.600000,-0.600000,-0.600000,0.600000,0.600000,0.600000,0.607259,0.819358,-0.600000,-0.737110,-0.600000,0.447826,-0.600000,0.644653,-0.387090,0.622708,-0.588097,-0.608374,-0.737110,0.409867,-0.409867,-0.577205,0.600000,-0.600000
29,0,0,1,0,stay,0,22,10,1,-0.372946,-0.445354,-0.600000,1.000000,-0.878525,-0.600000,-0.600000,0.600000,0.600000,-0.740971,-0.600000,-0.600000,-0.538810,-0.600000,-0.378814,-0.378814,0.600000,-0.530103,0.740971,0.600000,0.506392,-0.737110,-0.600000,-0.743843,-0.875858,0.786904,0.600000,-0.600000,-0.600000,-0.791072,0.600000,-0.408658,-0.600000,-0.600000,-0.608374,-0.634355,-0.791072,-0.600000,-0.600000,0.538810,-0.600000,0.786904,-0.608374,0.600000,-0.372946,-0.600000,-0.372946,-0.440417,0.600000,-0.600000,-0.600000,0.600000,0.600000,0.600000,0.606073,0.827369,-0.600000,-0.737110,-0.600000,0.440417,-0.600000,0.650363,-0.378814,0.629734,-0.585674,-0.608374,-0.737110,0.408658,-0.408658,-0.569870,0.600000,-0.600000
30,0,0,1,0,stay,0,21,10,1,-0.364793,-0.445354,-0.600000,1.000000,-0.885815,-0.600000,-0.600000,0.600000,0.600000,-0.747640,-0.600000,-0.600000,-0.531348,-0.600000,-0.370609,-0.370609,0.600000,-0.522625,0.747640,0.600000,0.506392,-0.737110,-0.600000,-0.750463,-0.883297,0.792722,0.600000,-0.600000,-0.600000,-0.796806,0.600000,-0.407449,-0.600000,-0.600000,-0.608374,-0.627373,-0.796806,-0.600000,-0.600000,0.531348,-0.600000,0.792722,-0.608374,0.600000,-0.364793,-0.600000,-0.364793,-0.431808,0.600000,-0.600000,-0.600000,0.600000,0.600000,0.600000,0.606082,0.836471,-0.600000,-0.737110,-0.600000,0.431808,-0.600000,0.657159,-0.370609,0.636706,-0.584460,-0.608374,-0.737110,0.407449,-0.407449,-0.562504,0.600000,-0.600000
31,0,0,1,0,stay,0,20,10,1,-0.353279,-0.445354,-0.600000,1.000000,-0.893684,-0.600000,-0.600000,0.600000,0.600000,-0.753265,-0.600000,-0.600000,-0.525119,-0.600000,-0.360168,-0.360168,0.600000,-0.516385,0.753265,0.600000,0.506392,-0.737110,-0.600000,-0.756046,-0.890830,0.800029,0.600000,-0.600000,-0.600000,-0.804793,0.600000,-0.407449,-0.600000,-0.600000,-0.608374,-0.621514,-0.804793,-0.600000,-0.600000,0.525119,-0.600000,0.800029,-0.608374,0.600000,-0.353279,-0.600000,-0.353279,-0.424460,0.600000,-0.600000,-0.600000,0.600000,0.600000,0.600000,0.607278,0.846499,-0.600000,-0.737110,-0.600000,0.424460,-0.600000,0.662773,-0.360168,0.647057,-0.579598,-0.608374,-0.737110,0.407449,-0.407449,-0.551404,0.600000,-0.600000
32,0,0,1,0,stay,0,19,10,1,-0.339684,-0.445354,-0.600000,1.000000,-0.901964,-0.600000,-0.600000,0.600000,0.600000,-0.758806,-0.600000,-0.600000,-0.517634,-0.600000,-0.346450,-0.346450,0.600000,-0.508891,0.758806,0.600000,0.506392,-0.737110,-0.600000,-0.761544,-0.899307,0.809470,0.600000,-0.600000,-0.600000,-0.814061,0.600000,-0.407449,-0.600000,-0.600000,-0.608374,-0.614436,-0.814061,-0.600000,-0.600000,0.517634,-0.600000,0.809470,-0.608374,0.600000,-0.339684,-0.600000,-0.339684,-0.417146,0.600000,-0.600000,-0.600000,0.600000,0.600000,0.600000,0.607278,0.857864,-0.600000,-0.737110,-0.600000,0.417146,-0.600000,0.669451,-0.346450,0.660646,-0.572274,-0.608374,-0.737110,0.407449,-0.407449,-0.536524,0.600000,-0.600000
33,0,0,1,0,stay,0,18,10,1,-0.331872,-0.445354,-0.600000,1.000000,-0.907999,-0.600000,-0.600000,0.600000,0.600000,-0.765161,-0.600000,-0.600000,-0.510140,-0.600000,-0.337443,-0.337443,0.600000,-0.501392,0.765161,0.600000,0.506392,-0.737110,-0.600000,-0.767850,-0.905920,0.815572,0.600000,-0.600000,-0.600000,-0.819309,0.600000,-0.407449,-0.600000,-0.600000,-0.608374,-0.607309,-0.819309,-0.600000,-0.600000,0.510140,-0.600000,0.815572,-0.608374,0.600000,-0.331872,-0.600000,-0.331872,-0.408658,0.600000,-0.600000,-0.600000,0.600000,0.600000,0.600000,0.606091,0.865625,-0.600000,-0.737110,-0.600000,0.408658,-0.600000,0.676061,-0.337443,0.669563,-0.569826,-0.608374,-0.737110,0.407449,-0.407449,-0.526566,0.600000,-0.600000
34,0,0,1,0,stay,0,17,10,1,-0.324151,-0.445354,-0.600000,1.000000,-0.913302,-0.600000,-0.600000,0.600000,0.600000,-0.770516,-0.600000,-0.600000,-0.505142,-0.600000,-0.329656,-0.329656,0.600000,-0.496392,0.770516,0.600000,0.506392,-0.737110,-0.600000,-0.773161,-0.911333,0.820787,0.600000,-0.600000,-0.600000,-0.824441,0.600000,-0.405036,-0.600000,-0.600000,-0.608374,-0.602531,-0.824441,-0.600000,-0.600000,0.505142,-0.600000,0.820787,-0.608374,0.600000,-0.324151,-0.600000,-0.324151,-0.401425,0.600000,-0.600000,-0.600000,0.600000,0.600000,0.600000,0.606097,0.871908,-0.600000,-0.737110,-0.600000,0.401425,-0.600000,0.680430,-0.329656,0.675075,-0.566147,-0.608374,-0.737110,0.405036,-0.405036,-0.520331,0.600000,-0.600000
35,0,0,1,0,stay,0,16,10,1,-0.311135,-0.445354,-0.600000,1.000000,-0.920560,-0.600000,-0.600000,0.600000,0.600000,-0.776655,-0.600000,-0.600000,-0.500142,-0.600000,-0.316524,-0.316524,0.600000,-0.491393,0.776655,0.600000,0.506392,-0.737110,-0.600000,-0.779249,-0.918741,0.829457,0.600000,-0.600000,-0.600000,-0.832970,0.600000,-0.405036,-0.600000,-0.600000,-0.608374,-0.597734,-0.832970,-0.600000,-0.600000,0.500142,-0.600000,0.829457,-0.608374,0.600000,-0.311135,-0.600000,-0.311135,-0.393041,0.600000,-0.600000,-0.600000,0.600000,0.600000,0.600000,0.606097,0.880604,-0.600000,-0.737110,-0.600000,0.393041,-0.600000,0.684767,-0.316524,0.688107,-0.556300,-0.608374,-0.737110,0.405036,-0.405036,-0.505343,0.600000,-0.600000
36,0,0,1,0,stay,0,15,10,1,-0.304736,-0.445354,-0.600000,1.000000,-0.925198,-0.600000,-0.600000,0.600000,0.600000,-0.782675,-0.600000,-0.600000,-0.493892,-0.600000,-0.308994,-0.308994,0.600000,-0.485146,0.782675,0.600000,0.506392,-0.737110,-0.600000,-0.785219,-0.923834,0.834359,0.600000,-0.600000,-0.600000,-0.837110,0.600000,-0.402628,-0.600000,-0.600000,-0.608374,-0.591712,-0.837110,-0.600000,-0.600000,0.493892,-0.600000,0.834359,-0.608374,0.600000,-0.304736,-0.600000,-0.304736,-0.384718,0.600000,-0.600000,-0.600000,0.600000,0.600000,0.600000,0.604911,0.886278,-0.600000,-0.737110,-0.600000,0.384718,-0.600000,0.690143,-0.308994,0.693452,-0.553831,-0.608374,-0.737110,0.402628,-0.402628,-0.499093,0.600000,-0.600000
37,0,0,1,0,stay,0,14,10,1,-0.296320,-0.445354,-0.600000,1.000000,-0.929913,-0.600000,-0.600000,0.600000,0.600000,-0.787742,-0.600000,-0.600000,-0.486395,-0.600000,-0.300511,-0.300511,0.600000,-0.477656,0.787742,0.600000,0.506392,-0.737110,-0.600000,-0.790243,-0.928634,0.839823,0.600000,-0.600000,-0.600000,-0.842500,0.600000,-0.402628,-0.600000,-0.600000,-0.608374,-0.584448,-0.842500,-0.600000,-0.600000,0.486395,-0.600000,0.839823,-0.608374,0.600000,-0.296320,-0.600000,-0.296320,-0.377638,0.600000,-0.600000,-0.600000,0.600000,0.600000,0.600000,0.604916,0.893161,-0.600000,-0.737110,-0.600000,0.377638,-0.600000,0.696528,-0.300511,0.701897,-0.551359,-0.608374,-0.737110,0.402628,-0.402628,-0.489094,0.600000,-0.600000
38,0,0,1,0,stay,0,13,10,1,-0.291128,-0.441650,-0.600000,1.000000,-0.933426,-0.600000,-0.600000,0.600000,0.600000,-0.792722,-0.600000,-0.600000,-0.483897,-0.600000,-0.294237,-0.294237,0.600000,-0.475161,0.792722,0.600000,0.505142,-0.740009,-0.600000,-0.795179,-0.932523,0.843824,0.600000,-0.600000,-0.600000,-0.845794,0.600000,-0.395430,-0.600000,-0.600000,-0.608374,-0.583234,-0.845794,-0.600000,-0.600000,0.483897,-0.600000,0.843824,-0.608374,0.600000,-0.291128,-0.600000,-0.291128,-0.370609,0.600000,-0.600000,-0.600000,0.600000,0.600000,0.600000,0.603725,0.896462,-0.600000,-0.740009,-0.600000,0.370609,-0.600000,0.698639,-0.294237,0.701905,-0.550124,-0.608374,-0.740009,0.395430,-0.395430,-0.489094,0.600000,-0.600000
39,0,0,0,1,N,0,11,11,1,-0.291128,-0.426906,-0.600000,1.000000,-0.933426,-0.600000,-0.600000,0.600000,0.600000,-0.792722,-0.600000,-0.600000,-0.483897,-0.600000,-0.294237,-0.294237,0.600000,-0.475161,0.792722,0.600000,0.491393,-0.751400,-0.600000,-0.795179,-0.932523,0.843824,0.600000,-0.600000,-0.600000,-0.845794,0.600000,-0.381172,-0.600000,-0.600000,-0.608374,-0.596545,-0.845794,-0.600000,-0.600000,0.483897,-0.600000,0.843824,-0.608374,0.600000,-0.291128,-0.600000,-0.291128,-0.370609,0.600000,-0.600000,-0.600000,0.600000,0.600000,0.600000,0.603725,0.896462,-0.600000,-0.751400,-0.600000,0.370609,-0.600000,0.698639,-0.294237,0.689214,-0.564929,-0.608374,-0.751400,0.381172,-0.381172,-0.504092,0.600000,-0.600000
40,0,1,0,0,N,0,9,12,1,-0.291128,-0.412289,-0.600000,1.000000,-0.933426,-0.600000,-0.600000,0.600000,0.600000,-0.792722,-0.600000,-0.600000,-0.483897,-0.600000,-0.294237,-0.294237,0.600000,-0.471421,0.792722,0.600000,0.487644,-0.762452,-0.600000,-0.795179,-0.932523,0.843824,0.600000,-0.600000,-0.600000,-0.845794,0.600000,-0.367115,-0.600000,-0.600000,-0.611944,-0.600152,-0.845794,-0.600000,-0.600000,0.483897,-0.600000,0.843824,-0.611944,0.600000,-0.291128,-0.600000,-0.291128,-0.370609,0.600000,-0.600000,-0.600000,0.600000,0.600000,0.600000,0.603725,0.896462,-0.600000,-0.762452,-0.600000,0.370609,-0.600000,0.695475,-0.294237,0.676230,-0.575959,-0.611944,-0.762452,0.367115,-0.367115,-0.519083,0.600000,-0.600000
41,0,0,1,1,W,0,7,13,1,-0.291128,-0.397824,-0.600000,1.000000,-0.933426,-0.600000,-0.600000,0.600000,0.600000,-0.792722,-0.600000,-0.600000,-0.481400,-0.600000,-0.294237,-0.294237,0.600000,-0.468930,0.792722,0.600000,0.473914,-0.773161,-0.600000,-0.795179,-0.932523,0.843824,0.600000,-0.600000,-0.600000,-0.845794,0.600000,-0.353279,-0.600000,-0.600000,-0.611944,-0.610906,-0.845794,-0.600000,-0.600000,0.481400,-0.600000,0.843824,-0.611944,0.600000,-0.291128,-0.600000,-0.291128,-0.370609,0.600000,-0.600000,-0.600000,0.600000,0.600000,0.600000,0.603725,0.897388,-0.600000,-0.773161,-0.600000,0.370609,-0.600000,0.697591,-0.294237,0.662969,-0.592967,-0.611944,-0.773161,0.353279,-0.353279,-0.534042,0.600000,-0.600000
42,0,0,0,0,W,0,5,14,1,-0.280907,-0.394235,-0.600000,1.000000,-0.937069,-0.600000,-0.600000,0.600000,0.600000,-0.794363,-0.600000,-0.600000,-0.481400,-0.600000,-0.289067,-0.289067,0.600000,-0.468930,0.794363,0.600000,0.472667,-0.775785,-0.600000,-0.796806,-0.934700,0.847096,0.600000,-0.600000,-0.600000,-0.852215,0.600000,-0.345318,-0.600000,-0.600000,-0.611944,-0.612094,-0.852215,-0.600000,-0.600000,0.481400,-0.600000,0.847096,-0.611944,0.600000,-0.280907,-0.600000,-0.280907,-0.368278,0.600000,-0.600000,-0.600000,0.600000,0.600000,0.600000,0.609694,0.901911,-0.600000,-0.775785,-0.600000,0.368278,-0.600000,0.697591,-0.289067,0.660740,-0.590556,-0.611944,-0.775785,0.345318,-0.345318,-0.536532,0.600000,-0.600000
43,0,0,0,0,stay,1,29,14,1,-0.268935,-0.394235,-0.600000,1.000000,-0.942464,-0.600000,-0.600000,0.600000,0.600000,-0.800029,-0.600000,-0.600000,-0.481400,-0.600000,-0.276881,-0.276881,0.600000,-0.468930,0.800029,0.600000,0.472667,-0.775785,-0.600000,-0.802422,-0.940285,0.854720,0.600000,-0.600000,-0.600000,-0.859626,0.600000,-0.345318,-0.600000,-0.600000,-0.611944,-0.612094,-0.859626,-0.600000,-0.600000,0.481400,-0.600000,0.854720,-0.611944,0.600000,-0.268935,-0.600000,-0.268935,-0.360168,0.600000,-0.600000,-0.600000,0.600000,0.600000,0.600000,0.609694,0.907102,-0.600000,-0.775785,-0.600000,0.360168,-0.600000,0.697591,-0.276881,0.674068,-0.575979,-0.611944,-0.775785,0.345318,-0.345318,-0.521586,0.600000,-0.600000
44,0,0,0,0,stay,0,28,14,1,-0.257290,-0.394235,-0.600000,1.000000,-0.947422,-0.600000,-0.600000,0.600000,0.600000,-0.805578,-0.600000,-0.600000,-0.481400,-0.600000,-0.265017,-0.265017,0.600000,-0.468930,0.805578,0.600000,0.472667,-0.775785,-0.600000,-0.807921,-0.945420,0.862026,0.600000,-0.600000,-0.600000,-0.866723,0.600000,-0.345318,-0.600000,-0.600000,-0.611944,-0.612094,-0.866723,-0.600000,-0.600000,0.481400,-0.600000,0.862026,-0.611944,0.600000,-0.257290,-0.600000,-0.257290,-0.352137,0.600000,-0.600000,-0.600000,0.600000,0.600000,0.600000,0.609694,0.912046,-0.600000,-0.775785,-0.600000,0.352137,-0.600000,0.697591,-0.265017,0.687122,-0.561268,-0.611944,-0.775785,0.345318,-0.345318,-0.506600,0.600000,-0.600000
45,0,0,0,0,stay,0,27,14,1,-0.245978,-0.394235,-0.600000,1.000000,-0.951975,-0.600000,-0.600000,0.600000,0.600000,-0.811010,-0.600000,-0.600000,-0.481400,-0.600000,-0.253482,-0.253482,0.600000,-0.468930,0.811010,0.600000,0.472667,-0.775785,-0.600000,-0.813302,-0.950137,0.869021,0.600000,-0.600000,-0.600000,-0.873515,0.600000,-0.345318,-0.600000,-0.600000,-0.611944,-0.612094,-0.873515,-0.600000,-0.600000,0.481400,-0.600000,0.869021,-0.611944,0.600000,-0.245978,-0.600000,-0.245978,-0.344188,0.600000,-0.600000,-0.600000,0.600000,0.600000,0.600000,0.609694,0.916751,-0.600000,-0.775785,-0.600000,0.344188,-0.600000,0.697591,-0.253482,0.699886,-0.546447,-0.611944,-0.775785,0.345318,-0.345318,-0.491601,0.600000,-0.600000
46,0,0,0,0,stay,0,26,14,1,-0.242283,-0.390656,-0.600000,1.000000,-0.953998,-0.600000,-0.600000,0.600000,0.600000,-0.814818,-0.600000,-0.600000,-0.481400,-0.600000,-0.248775,-0.248775,0.600000,-0.468930,0.814818,0.600000,0.472667,-0.778387,-0.600000,-0.817074,-0.952461,0.871846,0.600000,-0.600000,-0.600000,-0.875713,0.600000,-0.338562,-0.600000,-0.600000,-0.611944,-0.612094,-0.875713,-0.600000,-0.600000,0.481400,-0.600000,0.871846,-0.611944,0.600000,-0.242283,-0.600000,-0.242283,-0.338562,0.600000,-0.600000,-0.600000,0.600000,0.600000,0.600000,0.608508,0.918268,-0.600000,-0.778387,-0.600000,0.338562,-0.600000,0.697591,-0.248775,0.698842,-0.543970,-0.611944,-0.778387,0.338562,-0.338562,-0.492850,0.600000,-0.600000
47,1,0,0,0,N,0,24,15,1,-0.242283,-0.376463,-0.600000,1.000000,-0.953998,-0.600000,-0.600000,0.600000,0.600000,-0.814818,-0.600000,-0.600000,-0.481400,-0.600000,-0.248775,-0.248775,0.600000,-0.468930,0.814818,0.600000,0.471421,-0.788578,-0.600000,-0.817074,-0.952461,0.871846,0.600000,-0.600000,-0.600000,-0.875713,0.600000,-0.325248,-0.600000,-0.600000,-0.611944,-0.613281,-0.875713,-0.600000,-0.600000,0.481400,-0.600000,0.871846,-0.611944,0.600000,-0.242283,-0.600000,-0.242283,-0.338562,0.600000,-0.600000,-0.600000,0.600000,0.600000,0.600000,0.608508,0.918268,-0.600000,-0.788578,-0.600000,0.338562,-0.600000,0.697591,-0.248775,0.686078,-0.558814,-0.611944,-0.788578,0.325248,-0.325248,-0.507849,0.600000,-0.600000
48,0,1,0,0,N,0,22,16,1,-0.235907,-0.367115,-0.600000,1.000000,-0.955727,-0.600000,-0.600000,0.600000,0.600000,-0.815572,-0.600000,-0.600000,-0.481400,-0.600000,-0.248775,-0.248775,0.600000,-0.463951,0.815572,0.600000,0.470175,-0.795179,-0.600000,-0.817821,-0.952687,0.871846,0.600000,-0.600000,-0.600000,-0.879479,0.600000,-0.312209,-0.600000,-0.600000,-0.616685,-0.614467,-0.879479,-0.600000,-0.600000,0.481400,-0.600000,0.871846,-0.616685,0.600000,-0.235907,-0.600000,-0.235907,-0.337443,0.600000,-0.600000,-0.600000,0.600000,0.600000,0.600000,0.616818,0.920862,-0.600000,-0.795179,-0.600000,0.337443,-0.600000,0.693359,-0.248775,0.673026,-0.563742,-0.616685,-0.795179,0.312209,-0.312209,-0.522835,0.600000,-0.600000
49,0,0,1,0,N,0,20,17,1,-0.234107,-0.357865,-0.600000,1.000000,-0.956775,-0.600000,-0.600000,0.600000,0.600000,-0.817821,-0.600000,-0.600000,-0.480151,-0.600000,-0.248775,-0.248775,0.600000,-0.462708,0.817821,0.600000,0.470175,-0.801627,-0.600000,-0.820049,-0.953360,0.871846,0.600000,-0.600000,-0.600000,-0.880537,0.600000,-0.299460,-0.600000,-0.600000,-0.616685,-0.613283,-0.880537,-0.600000,-0.600000,0.480151,-0.600000,0.871846,-0.616685,0.600000,-0.234107,-0.600000,-0.234107,-0.334095,0.600000,-0.600000,-0.600000,0.600000,0.600000,0.600000,0.619180,0.921951,-0.600000,-0.801627,-0.600000,0.334095,-0.600000,0.694422,-0.248775,0.659699,-0.574780,-0.616685,-0.801627,0.299460,-0.299460,-0.537781,0.600000,-0.600000
50,0,0,0,0,N,0,18,18,1,-0.234107,-0.344188,-0.600000,1.000000,-0.956775,-0.600000,-0.600000,0.600000,0.600000,-0.817821,-0.600000,-0.600000,-0.480151,-0.600000,-0.248775,-0.248775,0.600000,-0.462708,0.817821,0.600000,0.468930,-0.811010,-0.600000,-0.820049,-0.953360,0.871846,0.600000,-0.600000,-0.600000,-0.880537,0.600000,-0.287014,-0.600000,-0.600000,-0.616685,-0.614469,-0.880537,-0.600000,-0.600000,0.480151,-0.600000,0.871846,-0.616685,0.600000,-0.234107,-0.600000,-0.234107,-0.334095,0.600000,-0.600000,-0.600000,0.600000,0.600000,0.600000,0.619180,0.921951,-0.600000,-0.811010,-0.600000,0.334095,-0.600000,0.694422,-0.248775,0.646113,-0.589381,-0.616685,-0.811010,0.287014,-0.287014,-0.552660,0.600000,-0.600000
51,0,0,0,1,W,0,16,19,1,-0.234107,-0.330763,-0.600000,1.000000,-0.956775,-0.600000,-0.600000,0.600000,0.600000,-0.817821,-0.600000,-0.600000,-0.480151,-0.600000,-0.248775,-0.248775,0.600000,-0.462708,0.817821,0.600000,0.455257,-0.820049,-0.600000,-0.820049,-0.953360,0.871846,0.600000,-0.600000,-0.600000,-0.880537,0.600000,-0.274881,-0.600000,-0.600000,-0.616685,-0.627421,-0.880537,-0.600000,-0.600000,0.480151,-0.600000,0.871846,-0.616685,0.600000,-0.234107,-0.600000,-0.234107,-0.334095,0.600000,-0.600000,-0.600000,0.600000,0.600000,0.600000,0.619180,0.921951,-0.600000,-0.820049,-0.600000,0.334095,-0.600000,0.694422,-0.248775,0.632287,-0.603826,-0.616685,-0.820049,0.274881,-0.274881,-0.567447,0.600000,-0.600000
52,1,0,0,0,N,0,14,20,1,-0.234107,-0.317607,-0.600000,1.000000,-0.956775,-0.600000,-0.600000,0.600000,0.600000,-0.817821,-0.600000,-0.600000,-0.480151,-0.600000,-0.248775,-0.248775,0.600000,-0.462708,0.817821,0.600000,0.454017,-0.828748,-0.600000,-0.820049,-0.953360,0.871846,0.600000,-0.600000,-0.600000,-0.880537,0.600000,-0.263071,-0.600000,-0.600000,-0.616685,-0.628590,-0.880537,-0.600000,-0.600000,0.480151,-0.600000,0.871846,-0.616685,0.600000,-0.234107,-0.600000,-0.234107,-0.334095,0.600000,-0.600000,-0.600000,0.600000,0.600000,0.600000,0.619180,0.921951,-0.600000,-0.828748,-0.600000,0.334095,-0.600000,0.694422,-0.248775,0.618238,-0.618094,-0.616685,-0.828748,0.263071,-0.263071,-0.582116,0.600000,-0.600000
53,0,0,0,0,N,0,12,21,1,-0.224377,-0.315442,-0.600000,1.000000,-0.959588,-0.600000,-0.600000,0.600000,0.600000,-0.820049,-0.600000,-0.600000,-0.480151,-0.600000,-0.244126,-0.244126,0.600000,-0.462708,0.820049,0.600000,0.454017,-0.830165,-0.600000,-0.822256,-0.955114,0.874618,0.600000,-0.600000,-0.600000,-0.886213,0.600000,-0.257290,-0.600000,-0.600000,-0.616685,-0.628590,-0.886213,-0.600000,-0.600000,0.480151,-0.600000,0.874618,-0.616685,0.600000,-0.224377,-0.600000,-0.224377,-0.330763,0.600000,-0.600000,-0.600000,0.600000,0.600000,0.600000,0.626232,0.925826,-0.600000,-0.830165,-0.600000,0.330763,-0.600000,0.694422,-0.244126,0.617065,-0.614552,-0.616685,-0.830165,0.257290,-0.257290,-0.583338,0.600000,-0.600000
54,0,0,0,0,stay,1,29,21,1,-0.218337,-0.315442,-0.600000,1.000000,-0.962041,-0.600000,-0.600000,0.600000,0.600000,-0.824441,-0.600000,-0.600000,-0.480151,-0.600000,-0.236811,-0.236811,0.600000,-0.462708,0.824441,0.600000,0.454017,-0.830165,-0.600000,-0.826605,-0.958033,0.878947,0.600000,-0.600000,-0.600000,-0.889702,0.600000,-0.257290,-0.600000,-0.600000,-0.616685,-0.628590,-0.889702,-0.600000,-0.600000,0.480151,-0.600000,0.878947,-0.616685,0.600000,-0.218337,-0.600000,-0.218337,-0.324151,0.600000,-0.600000,-0.600000,0.600000,0.600000,0.600000,0.625068,0.928199,-0.600000,-0.830165,-0.600000,0.324151,-0.600000,0.694422,-0.236811,0.626477,-0.605040,-0.616685,-0.830165,0.257290,-0.257290,-0.573588,0.600000,-0.600000
55,0,0,0,0,stay,0,28,21,1,-0.217483,-0.307927,-0.600000,1.000000,-0.962586,-0.600000,-0.600000,0.600000,0.600000,-0.825886,-0.600000,-0.600000,-0.480151,-0.600000,-0.235907,-0.235907,0.600000,-0.462708,0.825886,0.600000,0.454017,-0.835051,-0.600000,-0.828036,-0.958634,0.879479,0.600000,-0.600000,-0.600000,-0.890193,0.600000,-0.249711,-0.600000,-0.600000,-0.616685,-0.628590,-0.890193,-0.600000,-0.600000,0.480151,-0.600000,0.879479,-0.616685,0.600000,-0.217483,-0.600000,-0.217483,-0.321962,0.600000,-0.600000,-0.600000,0.600000,0.600000,0.600000,0.625069,0.928532,-0.600000,-0.835051,-0.600000,0.321962,-0.600000,0.694422,-0.235907,0.618258,-0.612191,-0.616685,-0.835051,0.249711,-0.249711,-0.582130,0.600000,-0.600000
56,0,0,0,1,W,0,26,22,1,-0.217483,-0.295277,-0.600000,1.000000,-0.962586,-0.600000,-0.600000,0.600000,0.600000,-0.825886,-0.600000,-0.600000,-0.480151,-0.600000,-0.235907,-0.235907,0.600000,-0.462708,0.825886,0.600000,0.440418,-0.843163,-0.600000,-0.828036,-0.958634,0.879479,0.600000,-0.600000,-0.600000,-0.890193,0.600000,-0.238626,-0.600000,-0.600000,-0.616685,-0.641345,-0.890193,-0.600000,-0.600000,0.480151,-0.600000,0.879479,-0.616685,0.600000,-0.217483,-0.600000,-0.217483,-0.321962,0.600000,-0.600000,-0.600000,0.600000,0.600000,0.600000,0.625069,0.928532,-0.600000,-0.843163,-0.600000,0.321962,-0.600000,0.694422,-0.235907,0.604008,-0.626345,-0.616685,-0.843163,0.238626,-0.238626,-0.596656,0.600000,-0.600000
57,1,0,1,1,W,0,24,23,1,-0.214094,-0.285991,-0.600000,1.000000,-0.963301,-0.600000,-0.600000,0.600000,0.600000,-0.825886,-0.600000,-0.600000,-0.475161,-0.600000,-0.235907,-0.235907,0.600000,-0.456497,0.825886,0.600000,0.429355,-0.849032,-0.600000,-0.828036,-0.958634,0.879479,0.600000,-0.600000,-0.600000,-0.892136,0.600000,-0.228764,-0.600000,-0.600000,-0.617867,-0.647083,-0.892136,-0.600000,-0.600000,0.475161,-0.600000,0.879479,-0.617867,0.600000,-0.214094,-0.600000,-0.214094,-0.321962,0.600000,-0.600000,-0.600000,0.600000,0.600000,0.600000,0.629748,0.931148,-0.600000,-0.849032,-0.600000,0.321962,-0.600000,0.697599,-0.235907,0.590787,-0.640289,-0.617867,-0.849032,0.228764,-0.228764,-0.609825,0.600000,-0.600000
58,0,1,0,0,W,0,22,24,1,-0.209082,-0.278890,-0.600000,1.000000,-0.964350,-0.600000,-0.600000,0.600000,0.600000,-0.825886,-0.600000,-0.600000,-0.475161,-0.600000,-0.235907,-0.235907,0.600000,-0.450300,0.825886,0.600000,0.428130,-0.853472,-0.600000,-0.828036,-0.958634,0.879479,0.600000,-0.600000,-0.600000,-0.894995,0.600000,-0.219192,-0.600000,-0.600000,-0.623756,-0.648225,-0.894995,-0.600000,-0.600000,0.475161,-0.600000,0.879479,-0.623756,0.600000,-0.209082,-0.600000,-0.209082,-0.321962,0.600000,-0.600000,-0.600000,0.600000,0.600000,0.600000,0.636720,0.933051,-0.600000,-0.853472,-0.600000,0.321962,-0.600000,0.692304,-0.235907,0.577433,-0.642596,-0.623756,-0.853472,0.219192,-0.219192,-0.622838,0.600000,-0.600000
59,0,1,0,0,W,0,20,25,1,-0.208256,-0.268935,-0.600000,1.000000,-0.964693,-0.600000,-0.600000,0.600000,0.600000,-0.826605,-0.600000,-0.600000,-0.475161,-0.600000,-0.235006,-0.235006,0.600000,-0.446589,0.826605,0.600000,0.428130,-0.859626,-0.600000,-0.828748,-0.959030,0.880009,0.600000,-0.600000,-0.600000,-0.895465,0.600000,-0.210743,-0.600000,-0.600000,-0.627272,-0.648225,-0.895465,-0.600000,-0.600000,0.475161,-0.600000,0.880009,-0.627272,0.600000,-0.208256,-0.600000,-0.208256,-0.320870,0.600000,-0.600000,-0.600000,0.600000,0.600000,0.600000,0.636720,0.933363,-0.600000,-0.859626,-0.600000,0.320870,-0.600000,0.689103,-0.235006,0.566420,-0.649467,-0.627272,-0.859626,0.210743,-0.210743,-0.633355,0.600000,-0.600000
60,0,0,0,1,N,0,18,26,1,-0.208256,-0.257290,-0.600000,1.000000,-0.964693,-0.600000,-0.600000,0.600000,0.600000,-0.826605,-0.600000,-0.600000,-0.475161,-0.600000,-0.235006,-0.235006,0.600000,-0.446589,0.826605,0.600000,0.413502,-0.866723,-0.600000,-0.828748,-0.959030,0.880009,0.600000,-0.600000,-0.600000,-0.895465,0.600000,-0.200923,-0.600000,-0.600000,-0.627272,-0.661792,-0.895465,-0.600000,-0.600000,0.475161,-0.600000,0.880009,-0.627272,0.600000,-0.208256,-0.600000,-0.208256,-0.320870,0.600000,-0.600000,-0.600000,0.600000,0.600000,0.600000,0.636720,0.933363,-0.600000,-0.866723,-0.600000,0.320870,-0.600000,0.689103,-0.235006,0.551635,-0.663012,-0.627272,-0.866723,0.200923,-0.200923,-0.647183,0.600000,-0.600000
61,0,0,0,0,W,0,16,27,1,-0.200120,-0.254430,-0.600000,1.000000,-0.967009,-0.600000,-0.600000,0.600000,0.600000,-0.829457,-0.600000,-0.600000,-0.475161,-0.600000,-0.228764,-0.228764,0.600000,-0.446589,0.829457,0.600000,0.412289,-0.868450,-0.600000,-0.831572,-0.961145,0.883663,0.600000,-0.600000,-0.600000,-0.900062,0.600000,-0.197726,-0.600000,-0.600000,-0.627272,-0.662911,-0.900062,-0.600000,-0.600000,0.475161,-0.600000,0.883663,-0.627272,0.600000,-0.200120,-0.600000,-0.200120,-0.316524,0.600000,-0.600000,-0.600000,0.600000,0.600000,0.600000,0.640185,0.936413,-0.600000,-0.868450,-0.600000,0.316524,-0.600000,0.689103,-0.228764,0.555345,-0.658538,-0.627272,-0.868450,0.197726,-0.197726,-0.643760,0.600000,-0.600000
62,0,0,0,0,stay,1,29,27,1,-0.198521,-0.247840,-0.600000,1.000000,-0.967644,-0.600000,-0.600000,0.600000,0.600000,-0.830870,-0.600000,-0.600000,-0.475161,-0.600000,-0.226125,-0.226125,0.600000,-0.446589,0.830870,0.600000,0.412289,-0.872404,-0.600000,-0.832970,-0.962071,0.885199,0.600000,-0.600000,-0.600000,-0.900960,0.600000,-0.191448,-0.600000,-0.600000,-0.627272,-0.662911,-0.900960,-0.600000,-0.600000,0.475161,-0.600000,0.885199,-0.627272,0.600000,-0.198521,-0.600000,-0.198521,-0.314362,0.600000,-0.600000,-0.600000,0.600000,0.600000,0.600000,0.639033,0.937007,-0.600000,-0.872404,-0.600000,0.314362,-0.600000,0.689103,-0.226125,0.549167,-0.663030,-0.627272,-0.872404,0.191448,-0.191448,-0.649482,0.600000,-0.600000
63,0,0,1,0,W,0,27,28,1,-0.198521,-0.236811,-0.600000,1.000000,-0.967644,-0.600000,-0.600000,0.600000,0.600000,-0.830870,-0.600000,-0.600000,-0.475161,-0.600000,-0.226125,-0.226125,0.600000,-0.446589,0.830870,0.600000,0.412289,-0.878947,-0.600000,-0.832970,-0.962071,0.885199,0.600000,-0.600000,-0.600000,-0.900960,0.600000,-0.182318,-0.600000,-0.600000,-0.627272,-0.662911,-0.900960,-0.600000,-0.600000,0.475161,-0.600000,0.885199,-0.627272,0.600000,-0.198521,-0.600000,-0.198521,-0.314362,0.600000,-0.600000,-0.600000,0.600000,0.600000,0.600000,0.639033,0.937007,-0.600000,-0.878947,-0.600000,0.314362,-0.600000,0.689103,-0.226125,0.534276,-0.676313,-0.627272,-0.878947,0.182318,-0.182318,-0.663026,0.600000,-0.600000
64,0,0,0,1,N,0,25,29,1,-0.198521,-0.226125,-0.600000,1.000000,-0.967644,-0.600000,-0.600000,0.600000,0.600000,-0.830870,-0.600000,-0.600000,-0.475161,-0.600000,-0.226125,-0.226125,0.600000,-0.446589,0.830870,0.600000,0.399023,-0.885199,-0.600000,-0.832970,-0.962071,0.885199,0.600000,-0.600000,-0.600000,-0.900960,0.600000,-0.173529,-0.600000,-0.600000,-0.627272,-0.675100,-0.900960,-0.600000,-0.600000,0.475161,-0.600000,0.885199,-0.627272,0.600000,-0.198521,-0.600000,-0.198521,-0.314362,0.600000,-0.600000,-0.600000,0.600000,0.600000,0.600000,0.639033,0.937007,-0.600000,-0.885199,-0.600000,0.314362,-0.600000,0.689103,-0.226125,0.519322,-0.689318,-0.627272,-0.885199,0.173529,-0.173529,-0.676309,0.600000,-0.600000
65,0,0,0,1,W,0,23,30,1,-0.198521,-0.215784,-0.600000,1.000000,-0.967644,-0.600000,-0.600000,0.600000,0.600000,-0.830870,-0.600000,-0.600000,-0.475161,-0.600000,-0.226125,-0.226125,0.600000,-0.446589,0.830870,0.600000,0.384718,-0.891168,-0.600000,-0.832970,-0.962071,0.885199,0.600000,-0.600000,-0.600000,-0.900960,0.600000,-0.165078,-0.600000,-0.600000,-0.627272,-0.688131,-0.900960,-0.600000,-0.600000,0.475161,-0.600000,0.885199,-0.627272,0.600000,-0.198521,-0.600000,-0.198521,-0.314362,0.600000,-0.600000,-0.600000,0.600000,0.600000,0.600000,0.639033,0.937007,-0.600000,-0.891168,-0.600000,0.314362,-0.600000,0.689103,-0.226125,0.504333,-0.702032,-0.627272,-0.891168,0.165078,-0.165078,-0.689314,0.600000,-0.600000
66,0,0,1,0,N,0,21,31,1,-0.198521,-0.205790,-0.600000,1.000000,-0.967644,-0.600000,-0.600000,0.600000,0.600000,-0.830870,-0.600000,-0.600000,-0.475161,-0.600000,-0.226125,-0.226125,0.600000,-0.446589,0.830870,0.600000,0.383535,-0.896863,-0.600000,-0.832970,-0.962071,0.885199,0.600000,-0.600000,-0.600000,-0.900960,0.600000,-0.156960,-0.600000,-0.600000,-0.627272,-0.689204,-0.900960,-0.600000,-0.600000,0.475161,-0.600000,0.885199,-0.627272,0.600000,-0.198521,-0.600000,-0.198521,-0.314362,0.600000,-0.600000,-0.600000,0.600000,0.600000,0.600000,0.639033,0.937007,-0.600000,-0.896863,-0.600000,0.314362,-0.600000,0.689103,-0.226125,0.489334,-0.714441,-0.627272,-0.896863,0.156960,-0.156960,-0.702028,0.600000,-0.600000
67,0,0,0,1,N,0,19,32,1,-0.198521,-0.196142,-0.600000,1.000000,-0.967644,-0.600000,-0.600000,0.600000,0.600000,-0.830870,-0.600000,-0.600000,-0.475161,-0.600000,-0.226125,-0.226125,0.600000,-0.446589,0.830870,0.600000,0.372946,-0.902293,-0.600000,-0.832970,-0.962071,0.885199,0.600000,-0.600000,-0.600000,-0.900960,0.600000,-0.149170,-0.600000,-0.600000,-0.627272,-0.698769,-0.900960,-0.600000,-0.600000,0.475161,-0.600000,0.885199,-0.627272,0.600000,-0.198521,-0.600000,-0.198521,-0.314362,0.600000,-0.600000,-0.600000,0.600000,0.600000,0.600000,0.639033,0.937007,-0.600000,-0.902293,-0.600000,0.314362,-0.600000,0.689103,-0.226125,0.474354,-0.726536,-0.627272,-0.902293,0.149170,-0.149170,-0.714438,0.600000,-0.600000
68,0,0,0,0,W,0,17,33,1,-0.190674,-0.193784,-0.600000,1.000000,-0.969920,-0.600000,-0.600000,0.600000,0.600000,-0.834359,-0.600000,-0.600000,-0.475161,-0.600000,-0.220051,-0.220051,0.600000,-0.446589,0.834359,0.600000,0.371777,-0.903610,-0.600000,-0.836426,-0.964210,0.888715,0.600000,-0.600000,-0.600000,-0.905342,0.600000,-0.146645,-0.600000,-0.600000,-0.627272,-0.699822,-0.905342,-0.600000,-0.600000,0.475161,-0.600000,0.888715,-0.627272,0.600000,-0.190674,-0.600000,-0.190674,-0.308994,0.600000,-0.600000,-0.600000,0.600000,0.600000,0.600000,0.642488,0.939901,-0.600000,-0.903610,-0.600000,0.308994,-0.600000,0.689103,-0.220051,0.478093,-0.722556,-0.627272,-0.903610,0.146645,-0.146645,-0.711380,0.600000,-0.600000
69,0,0,0,0,stay,1,29,33,1,-0.188366,-0.190674,-0.600000,1.000000,-0.970928,-0.600000,-0.600000,0.600000,0.600000,-0.837110,-0.600000,-0.600000,-0.475161,-0.600000,-0.216632,-0.216632,0.600000,-0.446589,0.837110,0.600000,0.370609,-0.905342,-0.600000,-0.839148,-0.965569,0.890681,0.600000,-0.600000,-0.600000,-0.906622,0.600000,-0.142924,-0.600000,-0.600000,-0.627272,-0.700872,-0.906622,-0.600000,-0.600000,0.475161,-0.600000,0.890681,-0.627272,0.600000,-0.188366,-0.600000,-0.188366,-0.304736,0.600000,-0.600000,-0.600000,0.600000,0.600000,0.600000,0.641341,0.940745,-0.600000,-0.905342,-0.600000,0.304736,-0.600000,0.689103,-0.216632,0.475598,-0.722565,-0.627272,-0.905342,0.142924,-0.142924,-0.713437,0.600000,-0.600000
70,1,0,0,0,N,0,27,34,1,-0.188366,-0.181572,-0.600000,1.000000,-0.970928,-0.600000,-0.600000,0.600000,0.600000,-0.837110,-0.600000,-0.600000,-0.475161,-0.600000,-0.216632,-0.216632,0.600000,-0.446589,0.837110,0.600000,0.369443,-0.910370,-0.600000,-0.839148,-0.965569,0.890681,0.600000,-0.600000,-0.600000,-0.906622,0.600000,-0.135718,-0.600000,-0.600000,-0.627272,-0.701921,-0.906622,-0.600000,-0.600000,0.475161,-0.600000,0.890681,-0.627272,0.600000,-0.188366,-0.600000,-0.188366,-0.304736,0.600000,-0.600000,-0.600000,0.600000,0.600000,0.600000,0.641341,0.940745,-0.600000,-0.910370,-0.600000,0.304736,-0.600000,0.689103,-0.216632,0.460657,-0.734444,-0.627272,-0.910370,0.135718,-0.135718,-0.725558,0.600000,-0.600000
71,0,1,0,0,N,0,25,35,1,-0.181572,-0.177881,-0.600000,1.000000,-0.972445,-0.600000,-0.600000,0.600000,0.600000,-0.838471,-0.600000,-0.600000,-0.475161,-0.600000,-0.214094,-0.214094,0.600000,-0.439185,0.838471,0.600000,0.369443,-0.912393,-0.600000,-0.840496,-0.966394,0.892136,0.600000,-0.600000,-0.600000,-0.910370,0.600000,-0.131085,-0.600000,-0.600000,-0.634263,-0.701921,-0.910370,-0.600000,-0.600000,0.475161,-0.600000,0.892136,-0.634263,0.600000,-0.181572,-0.600000,-0.181572,-0.302619,0.600000,-0.600000,-0.600000,0.600000,0.600000,0.600000,0.648219,0.943209,-0.600000,-0.912393,-0.600000,0.302619,-0.600000,0.682646,-0.214094,0.454449,-0.730544,-0.634263,-0.912393,0.131085,-0.131085,-0.730521,0.600000,-0.600000
72,0,1,0,0,stay,1,29,35,1,-0.179350,-0.174970,-0.600000,1.000000,-0.973371,-0.600000,-0.600000,0.600000,0.600000,-0.841166,-0.600000,-0.600000,-0.475161,-0.600000,-0.210743,-0.210743,0.600000,-0.431807,0.841166,0.600000,0.369443,-0.913982,-0.600000,-0.843163,-0.967673,0.894050,0.600000,-0.600000,-0.600000,-0.911589,0.600000,-0.128259,-0.600000,-0.600000,-0.641199,-0.701921,-0.911589,-0.600000,-0.600000,0.475161,-0.600000,0.894050,-0.641199,0.600000,-0.179350,-0.600000,-0.179350,-0.298411,0.600000,-0.600000,-0.600000,0.600000,0.600000,0.600000,0.647082,0.944009,-0.600000,-0.913982,-0.600000,0.298411,-0.600000,0.676117,-0.210743,0.453208,-0.724615,-0.641199,-0.913982,0.128259,-0.128259,-0.731512,0.600000,-0.600000
73,0,0,0,0,N,0,27,36,1,-0.179350,-0.166463,-0.600000,1.000000,-0.973371,-0.600000,-0.600000,0.600000,0.600000,-0.841166,-0.600000,-0.600000,-0.475161,-0.600000,-0.210743,-0.210743,0.600000,-0.431807,0.841166,0.600000,0.369443,-0.918593,-0.600000,-0.843163,-0.967673,0.894050,0.600000,-0.600000,-0.600000,-0.911589,0.600000,-0.121686,-0.600000,-0.600000,-0.641199,-0.701921,-0.911589,-0.600000,-0.600000,0.475161,-0.600000,0.894050,-0.641199,0.600000,-0.179350,-0.600000,-0.179350,-0.298411,0.600000,-0.600000,-0.600000,0.600000,0.600000,0.600000,0.647082,0.944009,-0.600000,-0.918593,-0.600000,0.298411,-0.600000,0.676117,-0.210743,0.438382,-0.736439,-0.641199,-0.918593,0.121686,-0.121686,-0.743145,0.600000,-0.600000
74,1,0,0,0,N,0,25,37,1,-0.179350,-0.158290,-0.600000,1.000000,-0.973371,-0.600000,-0.600000,0.600000,0.600000,-0.841166,-0.600000,-0.600000,-0.475161,-0.600000,-0.210743,-0.210743,0.600000,-0.431807,0.841166,0.600000,0.368278,-0.922977,-0.600000,-0.843163,-0.967673,0.894050,0.600000,-0.600000,-0.600000,-0.911589,0.600000,-0.115406,-0.600000,-0.600000,-0.641199,-0.702967,-0.911589,-0.600000,-0.600000,0.475161,-0.600000,0.894050,-0.641199,0.600000,-0.179350,-0.600000,-0.179350,-0.298411,0.600000,-0.600000,-0.600000,0.600000,0.600000,0.600000,0.647082,0.944009,-0.600000,-0.922977,-0.600000,0.298411,-0.600000,0.676117,-0.210743,0.423663,-0.747932,-0.641199,-0.922977,0.115406,-0.115406,-0.754443,0.600000,-0.600000
75,1,1,0,0,N,0,23,38,1,-0.169967,-0.153024,-0.600000,1.000000,-0.975373,-0.600000,-0.600000,0.600000,0.600000,-0.843163,-0.600000,-0.600000,-0.473914,-0.600000,-0.203340,-0.209907,0.600000,-0.415929,0.845799,0.600000,0.368278,-0.925779,-0.600000,-0.845140,-0.968905,0.896399,0.600000,-0.600000,-0.600000,-0.918222,0.600000,-0.111377,-0.600000,-0.600000,-0.650355,-0.701923,-0.916700,-0.600000,-0.600000,0.473914,-0.600000,0.896399,-0.650355,0.600000,-0.169967,-0.600000,-0.169967,-0.295277,0.600000,-0.600000,-0.600000,0.600000,0.600000,0.600000,0.656169,0.947604,-0.600000,-0.925779,-0.600000,0.295277,-0.600000,0.663969,-0.206609,0.419999,-0.740345,-0.654892,-0.925779,0.111377,-0.111377,-0.757227,0.600000,-0.600000
76,0,1,1,0,N,0,21,39,1,-0.163018,-0.151731,-0.600000,1.000000,-0.977119,-0.600000,-0.600000,0.600000,0.600000,-0.846447,-0.600000,-0.600000,-0.466440,-0.600000,-0.196137,-0.204151,0.600000,-0.402621,0.849678,0.600000,0.368278,-0.926465,-0.600000,-0.848389,-0.970812,0.900062,0.600000,-0.600000,-0.600000,-0.922267,0.600000,-0.110390,-0.600000,-0.600000,-0.654894,-0.695614,-0.920447,-0.600000,-0.600000,0.466440,-0.600000,0.900062,-0.654894,0.600000,-0.163018,-0.600000,-0.163018,-0.290096,0.600000,-0.600000,-0.600000,0.600000,0.600000,0.600000,0.658423,0.951450,-0.600000,-0.926465,-0.600000,0.290096,-0.600000,0.665084,-0.200120,0.427319,-0.735523,-0.660525,-0.926465,0.110390,-0.110390,-0.751681,0.600000,-0.600000
77,0,1,1,0,stay,1,29,39,1,-0.158290,-0.148535,-0.600000,1.000000,-0.978321,-0.600000,-0.600000,0.600000,0.600000,-0.849032,-0.600000,-0.600000,-0.461465,-0.600000,-0.190669,-0.198514,0.600000,-0.391836,0.852219,0.600000,0.368278,-0.928154,-0.600000,-0.850948,-0.972337,0.903173,0.600000,-0.600000,-0.600000,-0.924744,0.600000,-0.108437,-0.600000,-0.600000,-0.660527,-0.691367,-0.922977,-0.600000,-0.600000,0.461465,-0.600000,0.903173,-0.660527,0.600000,-0.158290,-0.600000,-0.158290,-0.285991,0.600000,-0.600000,-0.600000,0.600000,0.600000,0.600000,0.658427,0.953936,-0.600000,-0.928154,-0.600000,0.285991,-0.600000,0.663971,-0.194568,0.430989,-0.732607,-0.666113,-0.928154,0.108437,-0.108437,-0.748884,0.600000,-0.600000
78,0,0,0,0,N,0,27,40,1,-0.158290,-0.141093,-0.600000,1.000000,-0.978321,-0.600000,-0.600000,0.600000,0.600000,-0.849032,-0.600000,-0.600000,-0.461465,-0.600000,-0.190669,-0.198514,0.600000,-0.391836,0.852219,0.600000,0.368278,-0.932062,-0.600000,-0.850948,-0.972337,0.903173,0.600000,-0.600000,-0.600000,-0.924744,0.600000,-0.102760,-0.600000,-0.600000,-0.660527,-0.691367,-0.922977,-0.600000,-0.600000,0.461465,-0.600000,0.903173,-0.660527,0.600000,-0.158290,-0.600000,-0.158290,-0.285991,0.600000,-0.600000,-0.600000,0.600000,0.600000,0.600000,0.658427,0.953936,-0.600000,-0.932062,-0.600000,0.285991,-0.600000,0.663971,-0.194568,0.416334,-0.744209,-0.666113,-0.932062,0.102760,-0.102760,-0.760012,0.600000,-0.600000
79,0,0,0,0,W,0,25,41,1,-0.158290,-0.133965,-0.600000,1.000000,-0.978321,-0.600000,-0.600000,0.600000,0.600000,-0.849032,-0.600000,-0.600000,-0.461465,-0.600000,-0.190669,-0.198514,0.600000,-0.391836,0.852219,0.600000,0.368278,-0.935772,-0.600000,-0.850948,-0.972337,0.903173,0.600000,-0.600000,-0.600000,-0.924744,0.600000,-0.097348,-0.600000,-0.600000,-0.660527,-0.691367,-0.922977,-0.600000,-0.600000,0.461465,-0.600000,0.903173,-0.660527,0.600000,-0.158290,-0.600000,-0.158290,-0.285991,0.600000,-0.600000,-0.600000,0.600000,0.600000,0.600000,0.658427,0.953936,-0.600000,-0.935772,-0.600000,0.285991,-0.600000,0.663971,-0.194568,0.401825,-0.755477,-0.666113,-0.935772,0.097348,-0.097348,-0.770798,0.600000,-0.600000
80,0,0,0,0,N,0,23,42,1,-0.158290,-0.127143,-0.600000,1.000000,-0.978321,-0.600000,-0.600000,0.600000,0.600000,-0.849032,-0.600000,-0.600000,-0.461465,-0.600000,-0.190669,-0.198514,0.600000,-0.391836,0.852219,0.600000,0.368278,-0.939292,-0.600000,-0.850948,-0.972337,0.903173,0.600000,-0.600000,-0.600000,-0.924744,0.600000,-0.092191,-0.600000,-0.600000,-0.660527,-0.691367,-0.922977,-0.600000,-0.600000,0.461465,-0.600000,0.903173,-0.660527,0.600000,-0.158290,-0.600000,-0.158290,-0.285991,0.600000,-0.600000,-0.600000,0.600000,0.600000,0.600000,0.658427,0.953936,-0.600000,-0.939292,-0.600000,0.285991,-0.600000,0.663971,-0.194568,0.387484,-0.766404,-0.666113,-0.939292,0.092191,-0.092191,-0.781240,0.600000,-0.600000
81,1,0,0,0,W,0,21,43,1,-0.158290,-0.120620,-0.600000,1.000000,-0.978321,-0.600000,-0.600000,0.600000,0.600000,-0.849032,-0.600000,-0.600000,-0.461465,-0.600000,-0.190669,-0.198514,0.600000,-0.391836,0.852219,0.600000,0.367115,-0.942632,-0.600000,-0.850948,-0.972337,0.903173,0.600000,-0.600000,-0.600000,-0.924744,0.600000,-0.087281,-0.600000,-0.600000,-0.660527,-0.692434,-0.922977,-0.600000,-0.600000,0.461465,-0.600000,0.903173,-0.660527,0.600000,-0.158290,-0.600000,-0.158290,-0.285991,0.600000,-0.600000,-0.600000,0.600000,0.600000,0.600000,0.658427,0.953936,-0.600000,-0.942632,-0.600000,0.285991,-0.600000,0.663971,-0.194568,0.373335,-0.776988,-0.666113,-0.942632,0.087281,-0.087281,-0.791335,0.600000,-0.600000
82,0,0,0,0,N,0,19,44,1,-0.151087,-0.119561,-0.600000,1.000000,-0.979861,-0.600000,-0.600000,0.600000,0.600000,-0.851583,-0.600000,-0.600000,-0.461465,-0.600000,-0.183811,-0.191441,0.600000,-0.391836,0.854724,0.600000,0.367115,-0.943172,-0.600000,-0.853472,-0.974039,0.907045,0.600000,-0.600000,-0.600000,-0.928491,0.600000,-0.086091,-0.600000,-0.600000,-0.660527,-0.692434,-0.926806,-0.600000,-0.600000,0.461465,-0.600000,0.907045,-0.660527,0.600000,-0.151087,-0.600000,-0.151087,-0.281920,0.600000,-0.600000,-0.600000,0.600000,0.600000,0.600000,0.660674,0.956299,-0.600000,-0.943172,-0.600000,0.281920,-0.600000,0.663971,-0.187602,0.380371,-0.770878,-0.666113,-0.943172,0.086091,-0.086091,-0.786353,0.600000,-0.600000
83,0,0,0,0,stay,1,29,44,1,-0.143538,-0.119561,-0.600000,1.000000,-0.981660,-0.600000,-0.600000,0.600000,0.600000,-0.855960,-0.600000,-0.600000,-0.461465,-0.600000,-0.174966,-0.182311,0.600000,-0.391836,0.859024,0.600000,0.367115,-0.943172,-0.600000,-0.857802,-0.976345,0.911992,0.600000,-0.600000,-0.600000,-0.932382,0.600000,-0.086091,-0.600000,-0.600000,-0.660527,-0.692434,-0.930781,-0.600000,-0.600000,0.461465,-0.600000,0.911992,-0.660527,0.600000,-0.143538,-0.600000,-0.143538,-0.274881,0.600000,-0.600000,-0.600000,0.600000,0.600000,0.600000,0.660674,0.958744,-0.600000,-0.943172,-0.600000,0.274881,-0.600000,0.663971,-0.178614,0.394602,-0.760123,-0.666113,-0.943172,0.086091,-0.086091,-0.776114,0.600000,-0.600000
84,0,0,0,0,stay,0,28,44,1,-0.137490,-0.119561,-0.600000,1.000000,-0.983134,-0.600000,-0.600000,0.600000,0.600000,-0.860229,-0.600000,-0.600000,-0.461465,-0.600000,-0.167155,-0.174242,0.600000,-0.391836,0.863217,0.600000,0.367115,-0.943172,-0.600000,-0.862026,-0.978345,0.916316,0.600000,-0.600000,-0.600000,-0.935474,0.600000,-0.085698,-0.600000,-0.600000,-0.660527,-0.692434,-0.933941,-0.600000,-0.600000,0.461465,-0.600000,0.916316,-0.660527,0.600000,-0.137490,-0.600000,-0.137490,-0.267952,0.600000,-0.600000,-0.600000,0.600000,0.600000,0.600000,0.659560,0.960681,-0.600000,-0.943172,-0.600000,0.267952,-0.600000,0.663971,-0.170675,0.406602,-0.749965,-0.666113,-0.943172,0.085698,-0.085698,-0.767318,0.600000,-0.600000
85,0,0,0,0,stay,0,27,44,1,-0.133965,-0.119561,-0.600000,1.000000,-0.984103,-0.600000,-0.600000,0.600000,0.600000,-0.863804,-0.600000,-0.600000,-0.461465,-0.600000,-0.163013,-0.169961,0.600000,-0.391836,0.866727,0.600000,0.367115,-0.943172,-0.600000,-0.865562,-0.979586,0.918593,0.600000,-0.600000,-0.600000,-0.937265,0.600000,-0.085698,-0.600000,-0.600000,-0.660527,-0.692434,-0.935772,-0.600000,-0.600000,0.461465,-0.600000,0.918593,-0.660527,0.600000,-0.133965,-0.600000,-0.133965,-0.262102,0.600000,-0.600000,-0.600000,0.600000,0.600000,0.600000,0.659571,0.961802,-0.600000,-0.943172,-0.600000,0.262102,-0.600000,0.663971,-0.166463,0.413857,-0.744304,-0.666113,-0.943172,0.085698,-0.085698,-0.761927,0.600000,-0.600000
86,0,0,0,0,stay,0,26,44,1,-0.131085,-0.119561,-0.600000,1.000000,-0.985017,-0.600000,-0.600000,0.600000,0.600000,-0.867876,-0.600000,-0.600000,-0.461465,-0.600000,-0.159625,-0.166457,0.600000,-0.391836,0.870726,0.600000,0.367115,-0.943172,-0.600000,-0.869590,-0.980757,0.920447,0.600000,-0.600000,-0.600000,-0.938722,0.600000,-0.084916,-0.600000,-0.600000,-0.660527,-0.692434,-0.937261,-0.600000,-0.600000,0.461465,-0.600000,0.920447,-0.660527,0.600000,-0.131085,-0.600000,-0.131085,-0.255381,0.600000,-0.600000,-0.600000,0.600000,0.600000,0.600000,0.659580,0.962712,-0.600000,-0.943172,-0.600000,0.255381,-0.600000,0.663971,-0.163018,0.417496,-0.739523,-0.666113,-0.943172,0.084916,-0.084916,-0.759203,0.600000,-0.600000
87,0,0,0,0,W,0,24,45,1,-0.131085,-0.113376,-0.600000,1.000000,-0.985017,-0.600000,-0.600000,0.600000,0.600000,-0.867876,-0.600000,-0.600000,-0.461465,-0.600000,-0.159625,-0.166457,0.600000,-0.391836,0.870726,0.600000,0.367115,-0.946310,-0.600000,-0.869590,-0.980757,0.920447,0.600000,-0.600000,-0.600000,-0.938722,0.600000,-0.080359,-0.600000,-0.600000,-0.660527,-0.692434,-0.937261,-0.600000,-0.600000,0.461465,-0.600000,0.920447,-0.660527,0.600000,-0.131085,-0.600000,-0.131085,-0.255381,0.600000,-0.600000,-0.600000,0.600000,0.600000,0.600000,0.659580,0.962712,-0.600000,-0.946310,-0.600000,0.255381,-0.600000,0.663971,-0.163018,0.402975,-0.750927,-0.666113,-0.946310,0.080359,-0.080359,-0.770015,0.600000,-0.600000
88,0,0,0,0,S,0,22,43,1,-0.131085,-0.107472,-0.600000,1.000000,-0.985017,-0.600000,-0.600000,0.600000,0.600000,-0.867876,-0.600000,-0.600000,-0.461465,-0.600000,-0.159625,-0.166457,0.600000,-0.391836,0.870726,0.600000,0.367115,-0.949285,-0.600000,-0.869590,-0.980757,0.920447,0.600000,-0.600000,-0.600000,-0.938722,0.600000,-0.076026,-0.600000,-0.600000,-0.660527,-0.692434,-0.937261,-0.600000,-0.600000,0.461465,-0.600000,0.920447,-0.660527,0.600000,-0.131085,-0.600000,-0.131085,-0.255381,0.600000,-0.600000,-0.600000,0.600000,0.600000,0.600000,0.659580,0.962712,-0.600000,-0.949285,-0.600000,0.255381,-0.600000,0.663971,-0.163018,0.388620,-0.761994,-0.666113,-0.949285,0.076026,-0.076026,-0.780482,0.600000,-0.600000
89,1,0,0,0,N,0,20,42,1,-0.131085,-0.101840,-0.600000,1.000000,-0.985017,-0.600000,-0.600000,0.600000,0.600000,-0.867876,-0.600000,-0.600000,-0.461465,-0.600000,-0.159625,-0.166457,0.600000,-0.391836,0.870726,0.600000,0.367115,-0.952103,-0.600000,-0.869590,-0.980757,0.920447,0.600000,-0.600000,-0.600000,-0.938722,0.600000,-0.071909,-0.600000,-0.600000,-0.660527,-0.692434,-0.937261,-0.600000,-0.600000,0.461465,-0.600000,0.920447,-0.660527,0.600000,-0.131085,-0.600000,-0.131085,-0.255381,0.600000,-0.600000,-0.600000,0.600000,0.600000,0.600000,0.659580,0.962712,-0.600000,-0.952103,-0.600000,0.255381,-0.600000,0.663971,-0.163018,0.374455,-0.772718,-0.666113,-0.952103,0.071909,-0.071909,-0.790603,0.600000,-0.600000
90,0,0,0,1,W,0,18,43,1,-0.131085,-0.096471,-0.600000,1.000000,-0.985017,-0.600000,-0.600000,0.600000,0.600000,-0.867876,-0.600000,-0.600000,-0.461465,-0.600000,-0.159625,-0.166457,0.600000,-0.391836,0.870726,0.600000,0.354423,-0.954772,-0.600000,-0.869590,-0.980757,0.920447,0.600000,-0.600000,-0.600000,-0.938722,0.600000,-0.067998,-0.600000,-0.600000,-0.660527,-0.704033,-0.937261,-0.600000,-0.600000,0.461465,-0.600000,0.920447,-0.660527,0.600000,-0.131085,-0.600000,-0.131085,-0.255381,0.600000,-0.600000,-0.600000,0.600000,0.600000,0.600000,0.659580,0.962712,-0.600000,-0.954772,-0.600000,0.255381,-0.600000,0.663971,-0.163018,0.360500,-0.783097,-0.666113,-0.954772,0.067998,-0.067998,-0.800377,0.600000,-0.600000
91,0,1,0,0,N,0,16,42,1,-0.131085,-0.091356,-0.600000,1.000000,-0.985017,-0.600000,-0.600000,0.600000,0.600000,-0.867876,-0.600000,-0.600000,-0.461465,-0.600000,-0.159625,-0.166457,0.600000,-0.390645,0.870726,0.600000,0.353279,-0.957299,-0.600000,-0.869590,-0.980757,0.920447,0.600000,-0.600000,-0.600000,-0.938722,0.600000,-0.064284,-0.600000,-0.600000,-0.661648,-0.705075,-0.937261,-0.600000,-0.600000,0.461465,-0.600000,0.920447,-0.661648,0.600000,-0.131085,-0.600000,-0.131085,-0.255381,0.600000,-0.600000,-0.600000,0.600000,0.600000,0.600000,0.659580,0.962712,-0.600000,-0.957299,-0.600000,0.255381,-0.600000,0.662855,-0.163018,0.346777,-0.792306,-0.667225,-0.957299,0.064284,-0.064284,-0.809805,0.600000,-0.600000
92,0,0,0,0,N,0,14,41,1,-0.131085,-0.086486,-0.600000,1.000000,-0.985017,-0.600000,-0.600000,0.600000,0.600000,-0.867876,-0.600000,-0.600000,-0.461465,-0.600000,-0.159625,-0.166457,0.600000,-0.390645,0.870726,0.600000,0.353279,-0.959691,-0.600000,-0.869590,-0.980757,0.920447,0.600000,-0.600000,-0.600000,-0.938722,0.600000,-0.060761,-0.600000,-0.600000,-0.661648,-0.705075,-0.937261,-0.600000,-0.600000,0.461465,-0.600000,0.920447,-0.661648,0.600000,-0.131085,-0.600000,-0.131085,-0.255381,0.600000,-0.600000,-0.600000,0.600000,0.600000,0.600000,0.659580,0.962712,-0.600000,-0.959691,-0.600000,0.255381,-0.600000,0.662855,-0.163018,0.333303,-0.802021,-0.667225,-0.959691,0.060761,-0.060761,-0.818889,0.600000,-0.600000
93,1,0,0,1,W,0,12,42,1,-0.131085,-0.081853,-0.600000,1.000000,-0.985017,-0.600000,-0.600000,0.600000,0.600000,-0.867876,-0.600000,-0.600000,-0.461465,-0.600000,-0.159625,-0.166457,0.600000,-0.390645,0.870726,0.600000,0.341932,-0.961954,-0.600000,-0.869590,-0.980757,0.920447,0.600000,-0.600000,-0.600000,-0.938722,0.600000,-0.057418,-0.600000,-0.600000,-0.661648,-0.715375,-0.937261,-0.600000,-0.600000,0.461465,-0.600000,0.920447,-0.661648,0.600000,-0.131085,-0.600000,-0.131085,-0.255381,0.600000,-0.600000,-0.600000,0.600000,0.600000,0.600000,0.659580,0.962712,-0.600000,-0.961954,-0.600000,0.255381,-0.600000,0.662855,-0.163018,0.320095,-0.811390,-0.667225,-0.961954,0.057418,-0.057418,-0.827632,0.600000,-0.600000
94,0,0,0,0,N,0,10,41,1,-0.125484,-0.080730,-0.600000,1.000000,-0.986020,-0.600000,-0.600000,0.600000,0.600000,-0.870157,-0.600000,-0.600000,-0.461465,-0.600000,-0.154978,-0.161649,0.600000,-0.390645,0.872965,0.600000,0.340807,-0.962500,-0.600000,-0.871846,-0.981772,0.922977,0.600000,-0.600000,-0.600000,-0.941542,0.600000,-0.056343,-0.600000,-0.600000,-0.661648,-0.716393,-0.940144,-0.600000,-0.600000,0.461465,-0.600000,0.922977,-0.661648,0.600000,-0.125484,-0.600000,-0.125484,-0.251592,0.600000,-0.600000,-0.600000,0.600000,0.600000,0.600000,0.662943,0.964470,-0.600000,-0.962500,-0.600000,0.251592,-0.600000,0.662855,-0.158290,0.323357,-0.808322,-0.667225,-0.962500,0.056343,-0.056343,-0.825495,0.600000,-0.600000
95,0,0,0,0,stay,1,29,41,1,-0.120620,-0.079622,-0.600000,1.000000,-0.987084,-0.600000,-0.600000,0.600000,0.600000,-0.874068,-0.600000,-0.600000,-0.461465,-0.600000,-0.148532,-0.154976,0.600000,-0.390645,0.876803,0.600000,0.339684,-0.963039,-0.600000,-0.875713,-0.983238,0.926465,0.600000,-0.600000,-0.600000,-0.943975,0.600000,-0.055287,-0.600000,-0.600000,-0.661648,-0.717409,-0.942632,-0.600000,-0.600000,0.461465,-0.600000,0.926465,-0.661648,0.600000,-0.120620,-0.600000,-0.120620,-0.245051,0.600000,-0.600000,-0.600000,0.600000,0.600000,0.600000,0.661825,0.965983,-0.600000,-0.963039,-0.600000,0.245051,-0.600000,0.662855,-0.151731,0.329942,-0.802856,-0.667225,-0.963039,0.055287,-0.055287,-0.821147,0.600000,-0.600000
96,0,0,0,0,N,0,27,40,1,-0.120620,-0.075325,-0.600000,1.000000,-0.987084,-0.600000,-0.600000,0.600000,0.600000,-0.874068,-0.600000,-0.600000,-0.461465,-0.600000,-0.148532,-0.154976,0.600000,-0.390645,0.876803,0.600000,0.339684,-0.965121,-0.600000,-0.875713,-0.983238,0.926465,0.600000,-0.600000,-0.600000,-0.943975,0.600000,-0.052229,-0.600000,-0.600000,-0.661648,-0.717409,-0.942632,-0.600000,-0.600000,0.461465,-0.600000,0.926465,-0.661648,0.600000,-0.120620,-0.600000,-0.120620,-0.245051,0.600000,-0.600000,-0.600000,0.600000,0.600000,0.600000,0.661825,0.965983,-0.600000,-0.965121,-0.600000,0.245051,-0.600000,0.662855,-0.151731,0.316804,-0.812195,-0.667225,-0.965121,0.052229,-0.052229,-0.829804,0.600000,-0.600000
97,0,0,0,0,N,0,25,39,1,-0.120620,-0.071243,-0.600000,1.000000,-0.987084,-0.600000,-0.600000,0.600000,0.600000,-0.874068,-0.600000,-0.600000,-0.461465,-0.600000,-0.148532,-0.154976,0.600000,-0.390645,0.876803,0.600000,0.339684,-0.967090,-0.600000,-0.875713,-0.983238,0.926465,0.600000,-0.600000,-0.600000,-0.943975,0.600000,-0.049331,-0.600000,-0.600000,-0.661648,-0.717409,-0.942632,-0.600000,-0.600000,0.461465,-0.600000,0.926465,-0.661648,0.600000,-0.120620,-0.600000,-0.120620,-0.245051,0.600000,-0.600000,-0.600000,0.600000,0.600000,0.600000,0.661825,0.965983,-0.600000,-0.967090,-0.600000,0.245051,-0.600000,0.662855,-0.151731,0.303951,-0.821190,-0.667225,-0.967090,0.049331,-0.049331,-0.838124,0.600000,-0.600000
98,0,0,0,1,W,0,23,40,1,-0.120620,-0.067365,-0.600000,1.000000,-0.987084,-0.600000,-0.600000,0.600000,0.600000,-0.874068,-0.600000,-0.600000,-0.461465,-0.600000,-0.148532,-0.154976,0.600000,-0.390645,0.876803,0.600000,0.327448,-0.968951,-0.600000,-0.875713,-0.983238,0.926465,0.600000,-0.600000,-0.600000,-0.943975,0.600000,-0.046586,-0.600000,-0.600000,-0.661648,-0.728437,-0.942632,-0.600000,-0.600000,0.461465,-0.600000,0.926465,-0.661648,0.600000,-0.120620,-0.600000,-0.120620,-0.245051,0.600000,-0.600000,-0.600000,0.600000,0.600000,0.600000,0.661825,0.965983,-0.600000,-0.968951,-0.600000,0.245051,-0.600000,0.662855,-0.151731,0.291395,-0.829845,-0.667225,-0.968951,0.046586,-0.046586,-0.846114,0.600000,-0.600000
99,0,0,0,1,W,0,21,41,1,-0.117468,-0.065195,-0.600000,1.000000,-0.987462,-0.600000,-0.600000,0.600000,0.600000,-0.874068,-0.600000,-0.600000,-0.461465,-0.600000,-0.148532,-0.154976,0.600000,-0.390645,0.876803,0.600000,0.320870,-0.969990,-0.600000,-0.875713,-0.983238,0.926465,0.600000,-0.600000,-0.600000,-0.945544,0.600000,-0.045052,-0.600000,-0.600000,-0.661648,-0.734338,-0.944237,-0.600000,-0.600000,0.461465,-0.600000,0.926465,-0.661648,0.600000,-0.117468,-0.600000,-0.117468,-0.245051,0.600000,-0.600000,-0.600000,0.600000,0.600000,0.600000,0.668512,0.966958,-0.600000,-0.969990,-0.600000,0.245051,-0.600000,0.662855,-0.151731,0.284214,-0.834738,-0.667225,-0.969990,0.045052,-0.045052,-0.850624,0.600000,-0.600000
100,1,0,1,0,N,0,19,40,1,-0.115919,-0.063089,-0.600000,1.000000,-0.987708,-0.600000,-0.600000,0.600000,0.600000,-0.874618,-0.600000,-0.600000,-0.454017,-0.600000,-0.145392,-0.158273,0.600000,-0.382340,0.880015,0.600000,0.320870,-0.970994,-0.600000,-0.876257,-0.983320,0.926465,0.600000,-0.600000,-0.600000,-0.947574,0.600000,-0.044198,-0.600000,-0.600000,-0.657161,-0.728451,-0.945023,-0.600000,-0.600000,0.454017,-0.600000,0.926465,-0.657161,0.600000,-0.115919,-0.600000,-0.115919,-0.244126,0.600000,-0.600000,-0.600000,0.600000,0.600000,0.600000,0.671831,0.968370,-0.600000,-0.970994,-0.600000,0.244126,-0.600000,0.668424,-0.151731,0.280159,-0.842870,-0.668335,-0.970994,0.044198,-0.044198,-0.853152,0.600000,-0.600000
101,0,0,0,1,N,0,17,39,1,-0.111377,-0.062499,-0.600000,1.000000,-0.988418,-0.600000,-0.600000,0.600000,0.600000,-0.876257,-0.600000,-0.600000,-0.454017,-0.600000,-0.141697,-0.154310,0.600000,-0.381159,0.881593,0.600000,0.317608,-0.971275,-0.600000,-0.877877,-0.984045,0.928487,0.600000,-0.600000,-0.600000,-0.949770,0.600000,-0.043359,-0.600000,-0.600000,-0.658288,-0.731411,-0.947320,-0.600000,-0.600000,0.454017,-0.600000,0.928487,-0.658288,0.600000,-0.111377,-0.600000,-0.111377,-0.241365,0.600000,-0.600000,-0.600000,0.600000,0.600000,0.600000,0.675136,0.969723,-0.600000,-0.971275,-0.600000,0.241365,-0.600000,0.667315,-0.147903,0.282173,-0.839543,-0.669443,-0.971275,0.043359,-0.043359,-0.851901,0.600000,-0.600000
102,0,0,0,1,stay,1,29,39,1,-0.105093,-0.061624,-0.600000,1.000000,-0.989668,-0.600000,-0.600000,0.600000,0.600000,-0.881587,-0.600000,-0.600000,-0.451539,-0.600000,-0.133961,-0.146003,0.600000,-0.376447,0.886723,0.600000,0.314363,-0.971692,-0.600000,-0.883147,-0.985760,0.932693,0.600000,-0.600000,-0.600000,-0.952789,0.600000,-0.042739,-0.600000,-0.600000,-0.660536,-0.732398,-0.950478,-0.600000,-0.600000,0.451539,-0.600000,0.932693,-0.660536,0.600000,-0.105093,-0.600000,-0.105093,-0.232317,0.600000,-0.600000,-0.600000,0.600000,0.600000,0.600000,0.675149,0.971854,-0.600000,-0.971692,-0.600000,0.232317,-0.600000,0.667315,-0.139883,0.292397,-0.832711,-0.671654,-0.971692,0.042739,-0.042739,-0.845495,0.600000,-0.600000
103,0,0,0,0,N,0,27,38,1,-0.105093,-0.059909,-0.600000,1.000000,-0.989668,-0.600000,-0.600000,0.600000,0.600000,-0.881587,-0.600000,-0.600000,-0.451539,-0.600000,-0.133961,-0.146003,0.600000,-0.376447,0.886723,0.600000,0.314363,-0.972507,-0.600000,-0.883147,-0.985760,0.932693,0.600000,-0.600000,-0.600000,-0.952789,0.600000,-0.041526,-0.600000,-0.600000,-0.660536,-0.732398,-0.950478,-0.600000,-0.600000,0.451539,-0.600000,0.932693,-0.660536,0.600000,-0.105093,-0.600000,-0.105093,-0.232317,0.600000,-0.600000,-0.600000,0.600000,0.600000,0.600000,0.675149,0.971854,-0.600000,-0.972507,-0.600000,0.232317,-0.600000,0.667315,-0.139883,0.286222,-0.836856,-0.671654,-0.972507,0.041526,-0.041526,-0.849380,0.600000,-0.600000
104,0,0,0,0,N,0,25,37,1,-0.105093,-0.057418,-0.600000,1.000000,-0.989668,-0.600000,-0.600000,0.600000,0.600000,-0.881587,-0.600000,-0.600000,-0.451539,-0.600000,-0.133961,-0.146003,0.600000,-0.376447,0.886723,0.600000,0.314363,-0.973688,-0.600000,-0.883147,-0.985760,0.932693,0.600000,-0.600000,-0.600000,-0.952789,0.600000,-0.039767,-0.600000,-0.600000,-0.660536,-0.732398,-0.950478,-0.600000,-0.600000,0.451539,-0.600000,0.932693,-0.660536,0.600000,-0.105093,-0.600000,-0.105093,-0.232317,0.600000,-0.600000,-0.600000,0.600000,0.600000,0.600000,0.675149,0.971854,-0.600000,-0.973688,-0.600000,0.232317,-0.600000,0.667315,-0.139883,0.277108,-0.842917,-0.671654,-0.973688,0.039767,-0.039767,-0.855057,0.600000,-0.600000
105,1,0,0,0,W,0,23,38,1,-0.105093,-0.054249,-0.600000,1.000000,-0.989668,-0.600000,-0.600000,0.600000,0.600000,-0.881587,-0.600000,-0.600000,-0.451539,-0.600000,-0.133961,-0.146003,0.600000,-0.376447,0.886723,0.600000,0.314363,-0.975186,-0.600000,-0.883147,-0.985760,0.932693,0.600000,-0.600000,-0.600000,-0.952789,0.600000,-0.037533,-0.600000,-0.600000,-0.660536,-0.732398,-0.950478,-0.600000,-0.600000,0.451539,-0.600000,0.932693,-0.660536,0.600000,-0.105093,-0.600000,-0.105093,-0.232317,0.600000,-0.600000,-0.600000,0.600000,0.600000,0.600000,0.675149,0.971854,-0.600000,-0.975186,-0.600000,0.232317,-0.600000,0.667315,-0.139883,0.265238,-0.850712,-0.671654,-0.975186,0.037533,-0.037533,-0.862348,0.600000,-0.600000
106,0,0,0,0,N,0,21,37,1,-0.100022,-0.053737,-0.600000,1.000000,-0.990410,-0.600000,-0.600000,0.600000,0.600000,-0.883663,-0.600000,-0.600000,-0.451539,-0.600000,-0.129380,-0.141077,0.600000,-0.376447,0.888720,0.600000,0.314363,-0.975427,-0.600000,-0.885199,-0.986581,0.935167,0.600000,-0.600000,-0.600000,-0.955207,0.600000,-0.036994,-0.600000,-0.600000,-0.660536,-0.732398,-0.953009,-0.600000,-0.600000,0.451539,-0.600000,0.935167,-0.660536,0.600000,-0.100022,-0.600000,-0.100022,-0.228764,0.600000,-0.600000,-0.600000,0.600000,0.600000,0.600000,0.678433,0.973323,-0.600000,-0.975427,-0.600000,0.228764,-0.600000,0.667315,-0.135131,0.270125,-0.846873,-0.671654,-0.975427,0.036994,-0.036994,-0.859366,0.600000,-0.600000
107,0,0,0,0,stay,1,29,37,1,-0.098677,-0.052727,-0.600000,1.000000,-0.990784,-0.600000,-0.600000,0.600000,0.600000,-0.886213,-0.600000,-0.600000,-0.451539,-0.600000,-0.127139,-0.138667,0.600000,-0.376447,0.891173,0.600000,0.314363,-0.975903,-0.600000,-0.887720,-0.987166,0.936371,0.600000,-0.600000,-0.600000,-0.955846,0.600000,-0.036112,-0.600000,-0.600000,-0.660536,-0.732398,-0.953677,-0.600000,-0.600000,0.451539,-0.600000,0.936371,-0.660536,0.600000,-0.098677,-0.600000,-0.098677,-0.224377,0.600000,-0.600000,-0.600000,0.600000,0.600000,0.600000,0.677345,0.973711,-0.600000,-0.975903,-0.600000,0.224377,-0.600000,0.667315,-0.132806,0.269131,-0.846882,-0.671654,-0.975903,0.036112,-0.036112,-0.859979,0.600000,-0.600000
108,1,0,0,1,N,0,27,36,1,-0.098677,-0.049803,-0.600000,1.000000,-0.990784,-0.600000,-0.600000,0.600000,0.600000,-0.886213,-0.600000,-0.600000,-0.451539,-0.600000,-0.127139,-0.138667,0.600000,-0.376447,0.891173,0.600000,0.303677,-0.977278,-0.600000,-0.887720,-0.987166,0.936371,0.600000,-0.600000,-0.600000,-0.955846,0.600000,-0.034076,-0.600000,-0.600000,-0.660536,-0.742095,-0.953677,-0.600000,-0.600000,0.451539,-0.600000,0.936371,-0.660536,0.600000,-0.098677,-0.600000,-0.098677,-0.224377,0.600000,-0.600000,-0.600000,0.600000,0.600000,0.600000,0.677345,0.973711,-0.600000,-0.977278,-0.600000,0.224377,-0.600000,0.667315,-0.132806,0.257480,-0.854515,-0.671654,-0.977278,0.034076,-0.034076,-0.867061,0.600000,-0.600000
109,0,1,0,0,N,0,25,35,1,-0.095169,-0.048863,-0.600000,1.000000,-0.991274,-0.600000,-0.600000,0.600000,0.600000,-0.887720,-0.600000,-0.600000,-0.451539,-0.600000,-0.124386,-0.135702,0.600000,-0.370593,0.892623,0.600000,0.302619,-0.977719,-0.600000,-0.889209,-0.987666,0.937848,0.600000,-0.600000,-0.600000,-0.957508,0.600000,-0.033260,-0.600000,-0.600000,-0.666123,-0.743051,-0.955417,-0.600000,-0.600000,0.451539,-0.600000,0.937848,-0.666123,0.600000,-0.095169,-0.600000,-0.095169,-0.221774,0.600000,-0.600000,-0.600000,0.600000,0.600000,0.600000,0.680619,0.974718,-0.600000,-0.977719,-0.600000,0.221774,-0.600000,0.661747,-0.129948,0.257468,-0.850766,-0.677148,-0.977719,0.033260,-0.033260,-0.867072,0.600000,-0.600000
110,0,1,0,0,stay,1,29,35,1,-0.094309,-0.047258,-0.600000,1.000000,-0.991489,-0.600000,-0.600000,0.600000,0.600000,-0.889209,-0.600000,-0.600000,-0.451539,-0.600000,-0.122758,-0.133949,0.600000,-0.365938,0.894055,0.600000,0.302619,-0.978470,-0.600000,-0.890681,-0.988027,0.938718,0.600000,-0.600000,-0.600000,-0.957914,0.600000,-0.032151,-0.600000,-0.600000,-0.670560,-0.743051,-0.955842,-0.600000,-0.600000,0.451539,-0.600000,0.938718,-0.670560,0.600000,-0.094309,-0.600000,-0.094309,-0.219192,0.600000,-0.600000,-0.600000,0.600000,0.600000,0.600000,0.679534,0.974964,-0.600000,-0.978470,-0.600000,0.219192,-0.600000,0.657259,-0.128259,0.253654,-0.850781,-0.681509,-0.978470,0.032151,-0.032151,-0.869369,0.600000,-0.600000
111,0,0,0,0,N,0,27,34,1,-0.094309,-0.044623,-0.600000,1.000000,-0.991489,-0.600000,-0.600000,0.600000,0.600000,-0.889209,-0.600000,-0.600000,-0.451539,-0.600000,-0.122758,-0.133949,0.600000,-0.365938,0.894055,0.600000,0.302619,-0.979701,-0.600000,-0.890681,-0.988027,0.938718,0.600000,-0.600000,-0.600000,-0.957914,0.600000,-0.030331,-0.600000,-0.600000,-0.670560,-0.743051,-0.955842,-0.600000,-0.600000,0.451539,-0.600000,0.938718,-0.670560,0.600000,-0.094309,-0.600000,-0.094309,-0.219192,0.600000,-0.600000,-0.600000,0.600000,0.600000,0.600000,0.679534,0.974964,-0.600000,-0.979701,-0.600000,0.219192,-0.600000,0.657259,-0.128259,0.242450,-0.858252,-0.681509,-0.979701,0.030331,-0.030331,-0.876045,0.600000,-0.600000
112,0,0,0,1,W,0,25,35,1,-0.094309,-0.042128,-0.600000,1.000000,-0.991489,-0.600000,-0.600000,0.600000,0.600000,-0.889209,-0.600000,-0.600000,-0.451539,-0.600000,-0.122758,-0.133949,0.600000,-0.365938,0.894055,0.600000,0.291128,-0.980864,-0.600000,-0.890681,-0.988027,0.938718,0.600000,-0.600000,-0.600000,-0.957914,0.600000,-0.028611,-0.600000,-0.600000,-0.670560,-0.753424,-0.955842,-0.600000,-0.600000,0.451539,-0.600000,0.938718,-0.670560,0.600000,-0.094309,-0.600000,-0.094309,-0.219192,0.600000,-0.600000,-0.600000,0.600000,0.600000,0.600000,0.679534,0.974964,-0.600000,-0.980864,-0.600000,0.219192,-0.600000,0.657259,-0.128259,0.231587,-0.865408,-0.681509,-0.980864,0.028611,-0.028611,-0.882427,0.600000,-0.600000
113,1,0,0,1,W,0,23,36,1,-0.092611,-0.040540,-0.600000,1.000000,-0.991656,-0.600000,-0.600000,0.600000,0.600000,-0.889209,-0.600000,-0.600000,-0.451539,-0.600000,-0.122758,-0.133949,0.600000,-0.365938,0.894055,0.600000,0.283951,-0.981602,-0.600000,-0.890681,-0.988027,0.938718,0.600000,-0.600000,-0.600000,-0.958714,0.600000,-0.027384,-0.600000,-0.600000,-0.670560,-0.759877,-0.956680,-0.600000,-0.600000,0.451539,-0.600000,0.938718,-0.670560,0.600000,-0.092611,-0.600000,-0.092611,-0.219192,0.600000,-0.600000,-0.600000,0.600000,0.600000,0.600000,0.683878,0.975449,-0.600000,-0.981602,-0.600000,0.219192,-0.600000,0.657259,-0.128259,0.223665,-0.870008,-0.681509,-0.981602,0.027384,-0.027384,-0.887024,0.600000,-0.600000
114,0,1,0,1,E,0,21,34,1,-0.091356,-0.038821,-0.600000,1.000000,-0.991780,-0.600000,-0.600000,0.600000,0.600000,-0.889209,-0.600000,-0.600000,-0.451539,-0.600000,-0.122758,-0.133949,0.600000,-0.355553,0.894055,0.600000,0.276881,-0.982399,-0.600000,-0.890681,-0.988027,0.938718,0.600000,-0.600000,-0.600000,-0.959305,0.600000,-0.026336,-0.600000,-0.600000,-0.680432,-0.766213,-0.957299,-0.600000,-0.600000,0.451539,-0.600000,0.938718,-0.680432,0.600000,-0.091356,-0.600000,-0.091356,-0.219192,0.600000,-0.600000,-0.600000,0.600000,0.600000,0.600000,0.687114,0.975806,-0.600000,-0.982399,-0.600000,0.219192,-0.600000,0.647060,-0.128259,0.216787,-0.870014,-0.691205,-0.982399,0.026336,-0.026336,-0.890979,0.600000,-0.600000
115,1,1,1,1,N,0,19,33,1,-0.091356,-0.036639,-0.600000,1.000000,-0.991780,-0.600000,-0.600000,0.600000,0.600000,-0.889209,-0.600000,-0.600000,-0.450300,-0.600000,-0.122758,-0.133949,0.600000,-0.340791,0.894055,0.600000,0.265017,-0.983409,-0.600000,-0.890681,-0.988027,0.938718,0.600000,-0.600000,-0.600000,-0.959305,0.600000,-0.024837,-0.600000,-0.600000,-0.693347,-0.775933,-0.957299,-0.600000,-0.600000,0.450300,-0.600000,0.938718,-0.693347,0.600000,-0.091356,-0.600000,-0.091356,-0.219192,0.600000,-0.600000,-0.600000,0.600000,0.600000,0.600000,0.687114,0.975924,-0.600000,-0.983409,-0.600000,0.219192,-0.600000,0.634409,-0.128259,0.206758,-0.870580,-0.703875,-0.983409,0.024837,-0.024837,-0.896683,0.600000,-0.600000
116,1,0,1,0,W,0,17,32,1,-0.086883,-0.036112,-0.600000,1.000000,-0.992371,-0.600000,-0.600000,0.600000,0.600000,-0.891168,-0.600000,-0.600000,-0.440417,-0.600000,-0.117977,-0.134530,0.600000,-0.330747,0.898258,0.600000,0.265014,-0.983653,-0.600000,-0.893099,-0.988493,0.939861,0.600000,-0.600000,-0.600000,-0.962327,0.600000,-0.024356,-0.600000,-0.600000,-0.689085,-0.769801,-0.959496,-0.600000,-0.600000,0.440417,-0.600000,0.939861,-0.689085,0.600000,-0.086883,-0.600000,-0.086883,-0.215784,0.600000,-0.600000,-0.600000,0.600000,0.600000,0.600000,0.694596,0.977959,-0.600000,-0.983653,-0.600000,0.215784,-0.600000,0.642495,-0.126035,0.206749,-0.873929,-0.704917,-0.983653,0.024356,-0.024356,-0.896690,0.600000,-0.600000
117,1,0,1,0,stay,1,29,32,1,-0.082609,-0.036112,-0.600000,1.000000,-0.992991,-0.600000,-0.600000,0.600000,0.600000,-0.894050,-0.600000,-0.600000,-0.426906,-0.600000,-0.111852,-0.134530,0.600000,-0.318677,0.903633,0.600000,0.265014,-0.983653,-0.600000,-0.895935,-0.989159,0.941539,0.600000,-0.600000,-0.600000,-0.965301,0.600000,-0.024356,-0.600000,-0.600000,-0.682627,-0.759923,-0.961585,-0.600000,-0.600000,0.426906,-0.600000,0.941539,-0.682627,0.600000,-0.082609,-0.600000,-0.082609,-0.210743,0.600000,-0.600000,-0.600000,0.600000,0.600000,0.600000,0.699881,0.980219,-0.600000,-0.983653,-0.600000,0.210743,-0.600000,0.655036,-0.122761,0.211705,-0.876662,-0.704917,-0.983653,0.024356,-0.024356,-0.893883,0.600000,-0.600000
118,1,0,1,0,stay,0,28,32,1,-0.079255,-0.036112,-0.600000,1.000000,-0.993496,-0.600000,-0.600000,0.600000,0.600000,-0.896863,-0.600000,-0.600000,-0.415930,-0.600000,-0.106007,-0.134530,0.600000,-0.308978,0.908753,0.600000,0.265014,-0.983653,-0.600000,-0.898704,-0.989787,0.943172,0.600000,-0.600000,-0.600000,-0.967735,0.600000,-0.024356,-0.600000,-0.600000,-0.676098,-0.751628,-0.963217,-0.600000,-0.600000,0.415930,-0.600000,0.943172,-0.676098,0.600000,-0.079255,-0.600000,-0.079255,-0.205790,0.600000,-0.600000,-0.600000,0.600000,0.600000,0.600000,0.703032,0.981897,-0.600000,-0.983653,-0.600000,0.205790,-0.600000,0.665140,-0.119561,0.216747,-0.878278,-0.704917,-0.983653,0.024356,-0.024356,-0.891010,0.600000,-0.600000
119,1,0,1,0,stay,0,27,32,1,-0.075325,-0.036112,-0.600000,1.000000,-0.994025,-0.600000,-0.600000,0.600000,0.600000,-0.899611,-0.600000,-0.600000,-0.402628,-0.600000,-0.100432,-0.134530,0.600000,-0.297349,0.913627,0.600000,0.265014,-0.983653,-0.600000,-0.901408,-0.990379,0.944762,0.600000,-0.600000,-0.600000,-0.970295,0.600000,-0.024356,-0.600000,-0.600000,-0.669500,-0.741232,-0.965121,-0.600000,-0.600000,0.402628,-0.600000,0.944762,-0.669500,0.600000,-0.075325,-0.600000,-0.075325,-0.200923,0.600000,-0.600000,-0.600000,0.600000,0.600000,0.600000,0.708232,0.983761,-0.600000,-0.983653,-0.600000,0.200923,-0.600000,0.677287,-0.116433,0.221877,-0.880931,-0.704917,-0.983653,0.024356,-0.024356,-0.888068,0.600000,-0.600000
120,1,0,1,0,stay,0,26,32,1,-0.071575,-0.036112,-0.600000,1.000000,-0.994511,-0.600000,-0.600000,0.600000,0.600000,-0.902293,-0.600000,-0.600000,-0.389466,-0.600000,-0.095119,-0.134530,0.600000,-0.285975,0.918265,0.600000,0.265014,-0.983653,-0.600000,-0.904048,-0.990937,0.946310,0.600000,-0.600000,-0.600000,-0.972658,0.600000,-0.024356,-0.600000,-0.600000,-0.662834,-0.730557,-0.966930,-0.600000,-0.600000,0.389466,-0.600000,0.946310,-0.662834,0.600000,-0.071575,-0.600000,-0.071575,-0.196142,0.600000,-0.600000,-0.600000,0.600000,0.600000,0.600000,0.713378,0.985435,-0.600000,-0.983653,-0.600000,0.196142,-0.600000,0.689200,-0.113376,0.227092,-0.883533,-0.704917,-0.983653,0.024356,-0.024356,-0.885057,0.600000,-0.600000
121,1,0,1,0,stay,0,25,32,1,-0.067681,-0.036112,-0.600000,1.000000,-0.994983,-0.600000,-0.600000,0.600000,0.600000,-0.904912,-0.600000,-0.600000,-0.375289,-0.600000,-0.090058,-0.134530,0.600000,-0.273870,0.922674,0.600000,0.265014,-0.983653,-0.600000,-0.906624,-0.991463,0.947817,0.600000,-0.600000,-0.600000,-0.974961,0.600000,-0.024356,-0.600000,-0.600000,-0.656103,-0.718597,-0.968800,-0.600000,-0.600000,0.375289,-0.600000,0.947817,-0.656103,0.600000,-0.067681,-0.600000,-0.067681,-0.191448,0.600000,-0.600000,-0.600000,0.600000,0.600000,0.600000,0.719480,0.987068,-0.600000,-0.983653,-0.600000,0.191448,-0.600000,0.701917,-0.110390,0.232393,-0.886591,-0.704917,-0.983653,0.024356,-0.024356,-0.881975,0.600000,-0.600000
122,1,0,1,0,stay,0,24,32,1,-0.065195,-0.035592,-0.600000,1.000000,-0.995275,-0.600000,-0.600000,0.600000,0.600000,-0.906622,-0.600000,-0.600000,-0.363634,-0.600000,-0.086426,-0.136282,0.600000,-0.263054,0.926180,0.600000,0.265014,-0.983893,-0.600000,-0.908307,-0.991755,0.948556,0.600000,-0.600000,-0.600000,-0.976621,0.600000,-0.024237,-0.600000,-0.600000,-0.650446,-0.708388,-0.969990,-0.600000,-0.600000,0.363634,-0.600000,0.948556,-0.650446,0.600000,-0.065195,-0.600000,-0.065195,-0.188366,0.600000,-0.600000,-0.600000,0.600000,0.600000,0.600000,0.724503,0.988173,-0.600000,-0.983893,-0.600000,0.188366,-0.600000,0.711255,-0.108922,0.234177,-0.891049,-0.705957,-0.983893,0.024237,-0.024237,-0.880934,0.600000,-0.600000
123,0,0,1,0,W,0,22,31,1,-0.065195,-0.033584,-0.600000,1.000000,-0.995275,-0.600000,-0.600000,0.600000,0.600000,-0.906622,-0.600000,-0.600000,-0.363634,-0.600000,-0.086426,-0.136282,0.600000,-0.263054,0.926180,0.600000,0.265014,-0.984819,-0.600000,-0.908307,-0.991755,0.948556,0.600000,-0.600000,-0.600000,-0.976621,0.600000,-0.022967,-0.600000,-0.600000,-0.650446,-0.708388,-0.969990,-0.600000,-0.600000,0.363634,-0.600000,0.948556,-0.650446,0.600000,-0.065195,-0.600000,-0.065195,-0.188366,0.600000,-0.600000,-0.600000,0.600000,0.600000,0.600000,0.724503,0.988173,-0.600000,-0.984819,-0.600000,0.188366,-0.600000,0.711255,-0.108922,0.224445,-0.896750,-0.705957,-0.984819,0.022967,-0.022967,-0.886594,0.600000,-0.600000
124,0,0,0,1,W,0,20,30,1,-0.065195,-0.031686,-0.600000,1.000000,-0.995275,-0.600000,-0.600000,0.600000,0.600000,-0.906622,-0.600000,-0.600000,-0.363634,-0.600000,-0.086426,-0.136282,0.600000,-0.263054,0.926180,0.600000,0.254428,-0.985692,-0.600000,-0.908307,-0.991755,0.948556,0.600000,-0.600000,-0.600000,-0.976621,0.600000,-0.021655,-0.600000,-0.600000,-0.650446,-0.719630,-0.969990,-0.600000,-0.600000,0.363634,-0.600000,0.948556,-0.650446,0.600000,-0.065195,-0.600000,-0.065195,-0.188366,0.600000,-0.600000,-0.600000,0.600000,0.600000,0.600000,0.724503,0.988173,-0.600000,-0.985692,-0.600000,0.188366,-0.600000,0.711255,-0.108922,0.214160,-0.902185,-0.705957,-0.985692,0.021655,-0.021655,-0.892499,0.600000,-0.600000
125,0,0,0,0,N,0,18,29,1,-0.065195,-0.029892,-0.600000,1.000000,-0.995275,-0.600000,-0.600000,0.600000,0.600000,-0.906622,-0.600000,-0.600000,-0.363634,-0.600000,-0.086426,-0.136282,0.600000,-0.263054,0.926180,0.600000,0.253480,-0.986516,-0.600000,-0.908307,-0.991755,0.948556,0.600000,-0.600000,-0.600000,-0.976621,0.600000,-0.020417,-0.600000,-0.600000,-0.650446,-0.720639,-0.969990,-0.600000,-0.600000,0.363634,-0.600000,0.948556,-0.650446,0.600000,-0.065195,-0.600000,-0.065195,-0.188366,0.600000,-0.600000,-0.600000,0.600000,0.600000,0.600000,0.724503,0.988173,-0.600000,-0.986516,-0.600000,0.188366,-0.600000,0.711255,-0.108922,0.204221,-0.907364,-0.705957,-0.986516,0.020417,-0.020417,-0.898133,0.600000,-0.600000
126,0,0,1,0,W,0,16,28,1,-0.065195,-0.028196,-0.600000,1.000000,-0.995275,-0.600000,-0.600000,0.600000,0.600000,-0.906622,-0.600000,-0.600000,-0.363634,-0.600000,-0.086426,-0.136282,0.600000,-0.263054,0.926180,0.600000,0.253480,-0.987293,-0.600000,-0.908307,-0.991755,0.948556,0.600000,-0.600000,-0.600000,-0.976621,0.600000,-0.019248,-0.600000,-0.600000,-0.650446,-0.720639,-0.969990,-0.600000,-0.600000,0.363634,-0.600000,0.948556,-0.650446,0.600000,-0.065195,-0.600000,-0.065195,-0.188366,0.600000,-0.600000,-0.600000,0.600000,0.600000,0.600000,0.724503,0.988173,-0.600000,-0.987293,-0.600000,0.188366,-0.600000,0.711255,-0.108922,0.194629,-0.912295,-0.705957,-0.987293,0.019248,-0.019248,-0.903503,0.600000,-0.600000
127,0,0,0,0,N,0,14,27,1,-0.065195,-0.026594,-0.600000,1.000000,-0.995275,-0.600000,-0.600000,0.600000,0.600000,-0.906622,-0.600000,-0.600000,-0.363634,-0.600000,-0.086426,-0.136282,0.600000,-0.263054,0.926180,0.600000,0.253480,-0.988026,-0.600000,-0.908307,-0.991755,0.948556,0.600000,-0.600000,-0.600000,-0.976621,0.600000,-0.018145,-0.600000,-0.600000,-0.650446,-0.720639,-0.969990,-0.600000,-0.600000,0.363634,-0.600000,0.948556,-0.650446,0.600000,-0.065195,-0.600000,-0.065195,-0.188366,0.600000,-0.600000,-0.600000,0.600000,0.600000,0.600000,0.724503,0.988173,-0.600000,-0.988026,-0.600000,0.188366,-0.600000,0.711255,-0.108922,0.185382,-0.916988,-0.705957,-0.988026,0.018145,-0.018145,-0.908619,0.600000,-0.600000
128,0,0,0,1,W,0,12,26,1,-0.065195,-0.025081,-0.600000,1.000000,-0.995275,-0.600000,-0.600000,0.600000,0.600000,-0.906622,-0.600000,-0.600000,-0.363634,-0.600000,-0.086426,-0.136282,0.600000,-0.263054,0.926180,0.600000,0.244124,-0.988717,-0.600000,-0.908307,-0.991755,0.948556,0.600000,-0.600000,-0.600000,-0.976621,0.600000,-0.017104,-0.600000,-0.600000,-0.650446,-0.730604,-0.969990,-0.600000,-0.600000,0.363634,-0.600000,0.948556,-0.650446,0.600000,-0.065195,-0.600000,-0.065195,-0.188366,0.600000,-0.600000,-0.600000,0.600000,0.600000,0.600000,0.724503,0.988173,-0.600000,-0.988717,-0.600000,0.188366,-0.600000,0.711255,-0.108922,0.176477,-0.921452,-0.705957,-0.988717,0.017104,-0.017104,-0.913490,0.600000,-0.600000
129,0,0,0,0,N,0,10,25,1,-0.065195,-0.023652,-0.600000,1.000000,-0.995275,-0.600000,-0.600000,0.600000,0.600000,-0.906622,-0.600000,-0.600000,-0.363634,-0.600000,-0.086426,-0.136282,0.600000,-0.263054,0.926180,0.600000,0.243201,-0.989369,-0.600000,-0.908307,-0.991755,0.948556,0.600000,-0.600000,-0.600000,-0.976621,0.600000,-0.016122,-0.600000,-0.600000,-0.650446,-0.731588,-0.969990,-0.600000,-0.600000,0.363634,-0.600000,0.948556,-0.650446,0.600000,-0.065195,-0.600000,-0.065195,-0.188366,0.600000,-0.600000,-0.600000,0.600000,0.600000,0.600000,0.724503,0.988173,-0.600000,-0.989369,-0.600000,0.188366,-0.600000,0.711255,-0.108922,0.167912,-0.925695,-0.705957,-0.989369,0.016122,-0.016122,-0.918125,0.600000,-0.600000
130,0,0,1,0,W,0,8,24,1,-0.065195,-0.022302,-0.600000,1.000000,-0.995275,-0.600000,-0.600000,0.600000,0.600000,-0.906622,-0.600000,-0.600000,-0.363634,-0.600000,-0.086426,-0.136282,0.600000,-0.263054,0.926180,0.600000,0.243201,-0.989983,-0.600000,-0.908307,-0.991755,0.948556,0.600000,-0.600000,-0.600000,-0.976621,0.600000,-0.015195,-0.600000,-0.600000,-0.650446,-0.731588,-0.969990,-0.600000,-0.600000,0.363634,-0.600000,0.948556,-0.650446,0.600000,-0.065195,-0.600000,-0.065195,-0.188366,0.600000,-0.600000,-0.600000,0.600000,0.600000,0.600000,0.724503,0.988173,-0.600000,-0.989983,-0.600000,0.188366,-0.600000,0.711255,-0.108922,0.159682,-0.929727,-0.705957,-0.989983,0.015195,-0.015195,-0.922533,0.600000,-0.600000
131,0,0,1,0,W,0,6,23,1,-0.065195,-0.021027,-0.600000,1.000000,-0.995275,-0.600000,-0.600000,0.600000,0.600000,-0.906622,-0.600000,-0.600000,-0.363634,-0.600000,-0.086426,-0.136282,0.600000,-0.263054,0.926180,0.600000,0.243201,-0.990563,-0.600000,-0.908307,-0.991755,0.948556,0.600000,-0.600000,-0.600000,-0.976621,0.600000,-0.014321,-0.600000,-0.600000,-0.650446,-0.731588,-0.969990,-0.600000,-0.600000,0.363634,-0.600000,0.948556,-0.650446,0.600000,-0.065195,-0.600000,-0.065195,-0.188366,0.600000,-0.600000,-0.600000,0.600000,0.600000,0.600000,0.724503,0.988173,-0.600000,-0.990563,-0.600000,0.188366,-0.600000,0.711255,-0.108922,0.151781,-0.933555,-0.705957,-0.990563,0.014321,-0.014321,-0.926722,0.600000,-0.600000
132,0,0,0,1,W,0,4,22,1,-0.065195,-0.019824,-0.600000,1.000000,-0.995275,-0.600000,-0.600000,0.600000,0.600000,-0.906622,-0.600000,-0.600000,-0.363634,-0.600000,-0.086426,-0.136282,0.600000,-0.263054,0.926180,0.600000,0.235004,-0.991109,-0.600000,-0.908307,-0.991755,0.948556,0.600000,-0.600000,-0.600000,-0.976621,0.600000,-0.013496,-0.600000,-0.600000,-0.650446,-0.740342,-0.969990,-0.600000,-0.600000,0.363634,-0.600000,0.948556,-0.650446,0.600000,-0.065195,-0.600000,-0.065195,-0.188366,0.600000,-0.600000,-0.600000,0.600000,0.600000,0.600000,0.724503,0.988173,-0.600000,-0.991109,-0.600000,0.188366,-0.600000,0.711255,-0.108922,0.144203,-0.937189,-0.705957,-0.991109,0.013496,-0.013496,-0.930702,0.600000,-0.600000
133,0,0,0,0,W,0,2,21,1,-0.062206,-0.019534,-0.600000,1.000000,-0.995594,-0.600000,-0.600000,0.600000,0.600000,-0.908305,-0.600000,-0.600000,-0.363634,-0.600000,-0.083696,-0.132207,0.600000,-0.263054,0.927539,0.600000,0.234105,-0.991240,-0.600000,-0.909962,-0.992195,0.950241,0.600000,-0.600000,-0.600000,-0.977738,0.600000,-0.013232,-0.600000,-0.600000,-0.650446,-0.741303,-0.971415,-0.600000,-0.600000,0.363634,-0.600000,0.950241,-0.650446,0.600000,-0.062206,-0.600000,-0.062206,-0.185323,0.600000,-0.600000,-0.600000,0.600000,0.600000,0.600000,0.727490,0.988744,-0.600000,-0.991240,-0.600000,0.185323,-0.600000,0.711255,-0.105565,0.146052,-0.936008,-0.705957,-0.991240,0.013232,-0.013232,-0.929736,0.600000,-0.600000
134,0,0,0,0,stay,1,29,21,1,-0.060191,-0.019534,-0.600000,1.000000,-0.995871,-0.600000,-0.600000,0.600000,0.600000,-0.910778,-0.600000,-0.600000,-0.363634,-0.600000,-0.080673,-0.127677,0.600000,-0.263054,0.929534,0.600000,0.234105,-0.991240,-0.600000,-0.912395,-0.992721,0.952103,0.600000,-0.600000,-0.600000,-0.978489,0.600000,-0.013166,-0.600000,-0.600000,-0.650446,-0.741303,-0.972373,-0.600000,-0.600000,0.363634,-0.600000,0.952103,-0.650446,0.600000,-0.060191,-0.600000,-0.060191,-0.180829,0.600000,-0.600000,-0.600000,0.600000,0.600000,0.600000,0.726508,0.989128,-0.600000,-0.991240,-0.600000,0.180829,-0.600000,0.711255,-0.101840,0.150464,-0.933575,-0.705957,-0.991240,0.013166,-0.013166,-0.927420,0.600000,-0.600000
135,0,0,0,0,stay,0,28,21,1,-0.058513,-0.019534,-0.600000,1.000000,-0.996111,-0.600000,-0.600000,0.600000,0.600000,-0.913191,-0.600000,-0.600000,-0.363634,-0.600000,-0.078471,-0.124367,0.600000,-0.263054,0.931478,0.600000,0.234105,-0.991240,-0.600000,-0.914768,-0.993144,0.953456,0.600000,-0.600000,-0.600000,-0.979113,0.600000,-0.013102,-0.600000,-0.600000,-0.650446,-0.741303,-0.973169,-0.600000,-0.600000,0.363634,-0.600000,0.953456,-0.650446,0.600000,-0.058513,-0.600000,-0.058513,-0.176421,0.600000,-0.600000,-0.600000,0.600000,0.600000,0.600000,0.726522,0.989447,-0.600000,-0.991240,-0.600000,0.176421,-0.600000,0.711255,-0.099123,0.153682,-0.931695,-0.705957,-0.991240,0.013102,-0.013102,-0.925723,0.600000,-0.600000
136,0,0,0,0,stay,0,27,21,1,-0.057963,-0.019343,-0.600000,1.000000,-0.996226,-0.600000,-0.600000,0.600000,0.600000,-0.914767,-0.600000,-0.600000,-0.363634,-0.600000,-0.077750,-0.123280,0.600000,-0.263054,0.932746,0.600000,0.234105,-0.991327,-0.600000,-0.916318,-0.993346,0.953898,0.600000,-0.600000,-0.600000,-0.979317,0.600000,-0.012908,-0.600000,-0.600000,-0.650446,-0.741303,-0.973430,-0.600000,-0.600000,0.363634,-0.600000,0.953898,-0.650446,0.600000,-0.057963,-0.600000,-0.057963,-0.173529,0.600000,-0.600000,-0.600000,0.600000,0.600000,0.600000,0.726526,0.989551,-0.600000,-0.991327,-0.600000,0.173529,-0.600000,0.711255,-0.098232,0.153027,-0.931697,-0.705957,-0.991327,0.012908,-0.012908,-0.926069,0.600000,-0.600000
137,1,0,0,1,W,0,25,20,1,-0.057963,-0.018689,-0.600000,1.000000,-0.996245,-0.600000,-0.600000,0.600000,0.600000,-0.915156,-0.600000,-0.600000,-0.363634,-0.600000,-0.077391,-0.123820,0.600000,-0.261118,0.933373,0.600000,0.227000,-0.991623,-0.600000,-0.916701,-0.993379,0.953898,0.600000,-0.600000,-0.600000,-0.979419,0.600000,-0.012469,-0.600000,-0.600000,-0.651585,-0.748909,-0.973430,-0.600000,-0.600000,0.363634,-0.600000,0.953898,-0.651585,0.600000,-0.057963,-0.600000,-0.057963,-0.172812,0.600000,-0.600000,-0.600000,0.600000,0.600000,0.600000,0.726526,0.989551,-0.600000,-0.991623,-0.600000,0.172812,-0.600000,0.709199,-0.098232,0.148538,-0.933276,-0.708031,-0.991623,0.012469,-0.012469,-0.928435,0.600000,-0.600000
138,1,0,0,1,W,0,23,19,1,-0.056610,-0.018056,-0.600000,1.000000,-0.996337,-0.600000,-0.600000,0.600000,0.600000,-0.915156,-0.600000,-0.600000,-0.363634,-0.600000,-0.077391,-0.123820,0.600000,-0.261118,0.933373,0.600000,0.221772,-0.991910,-0.600000,-0.916701,-0.993379,0.953898,0.600000,-0.600000,-0.600000,-0.979918,0.600000,-0.011985,-0.600000,-0.600000,-0.651585,-0.754515,-0.974070,-0.600000,-0.600000,0.363634,-0.600000,0.953898,-0.651585,0.600000,-0.056610,-0.600000,-0.056610,-0.172812,0.600000,-0.600000,-0.600000,0.600000,0.600000,0.600000,0.731471,0.989807,-0.600000,-0.991910,-0.600000,0.172812,-0.600000,0.709199,-0.098232,0.143541,-0.935427,-0.708031,-0.991910,0.011985,-0.011985,-0.931053,0.600000,-0.600000
139,0,1,0,0,W,0,21,18,1,-0.054507,-0.017704,-0.600000,1.000000,-0.996533,-0.600000,-0.600000,0.600000,0.600000,-0.916316,-0.600000,-0.600000,-0.363634,-0.600000,-0.075972,-0.121663,0.600000,-0.255365,0.934302,0.600000,0.220909,-0.992069,-0.600000,-0.917842,-0.993606,0.954772,0.600000,-0.600000,-0.600000,-0.980692,0.600000,-0.011750,-0.600000,-0.600000,-0.658369,-0.755441,-0.975064,-0.600000,-0.600000,0.363634,-0.600000,0.954772,-0.658369,0.600000,-0.054507,-0.600000,-0.054507,-0.170675,0.600000,-0.600000,-0.600000,0.600000,0.600000,0.600000,0.735388,0.990204,-0.600000,-0.992069,-0.600000,0.170675,-0.600000,0.702980,-0.096471,0.143532,-0.933604,-0.714200,-0.992069,0.011750,-0.011750,-0.931059,0.600000,-0.600000
140,0,1,0,0,stay,1,29,18,1,-0.053483,-0.017359,-0.600000,1.000000,-0.996669,-0.600000,-0.600000,0.600000,0.600000,-0.917840,-0.600000,-0.600000,-0.363634,-0.600000,-0.074232,-0.119011,0.600000,-0.249695,0.935522,0.600000,0.220909,-0.992225,-0.600000,-0.919341,-0.993887,0.955842,0.600000,-0.600000,-0.600000,-0.981068,0.600000,-0.011462,-0.600000,-0.600000,-0.665090,-0.755441,-0.975547,-0.600000,-0.600000,0.363634,-0.600000,0.955842,-0.665090,0.600000,-0.053483,-0.600000,-0.053483,-0.167858,0.600000,-0.600000,-0.600000,0.600000,0.600000,0.600000,0.734419,0.990396,-0.600000,-0.992225,-0.600000,0.167858,-0.600000,0.696685,-0.094309,0.143524,-0.931412,-0.720290,-0.992225,0.011462,-0.011462,-0.931064,0.600000,-0.600000
141,0,1,0,1,N,0,27,17,1,-0.053483,-0.016362,-0.600000,1.000000,-0.996669,-0.600000,-0.600000,0.600000,0.600000,-0.917840,-0.600000,-0.600000,-0.363634,-0.600000,-0.074232,-0.119011,0.600000,-0.242267,0.935522,0.600000,0.213251,-0.992676,-0.600000,-0.919341,-0.993887,0.955842,0.600000,-0.600000,-0.600000,-0.981068,0.600000,-0.010800,-0.600000,-0.600000,-0.673947,-0.763670,-0.975547,-0.600000,-0.600000,0.363634,-0.600000,0.955842,-0.673947,0.600000,-0.053483,-0.600000,-0.053483,-0.167858,0.600000,-0.600000,-0.600000,0.600000,0.600000,0.600000,0.734419,0.990396,-0.600000,-0.992676,-0.600000,0.167858,-0.600000,0.688174,-0.094309,0.136292,-0.932682,-0.728287,-0.992676,0.010800,-0.010800,-0.934825,0.600000,-0.600000
142,0,0,0,0,W,0,25,16,1,-0.051002,-0.016122,-0.600000,1.000000,-0.996895,-0.600000,-0.600000,0.600000,0.600000,-0.919339,-0.600000,-0.600000,-0.363634,-0.600000,-0.071857,-0.115384,0.600000,-0.241349,0.936720,0.600000,0.212412,-0.992784,-0.600000,-0.920814,-0.994213,0.957299,0.600000,-0.600000,-0.600000,-0.981977,0.600000,-0.010588,-0.600000,-0.600000,-0.675046,-0.764572,-0.976714,-0.600000,-0.600000,0.363634,-0.600000,0.957299,-0.675046,0.600000,-0.051002,-0.600000,-0.051002,-0.165078,0.600000,-0.600000,-0.600000,0.600000,0.600000,0.600000,0.737338,0.990861,-0.600000,-0.992784,-0.600000,0.165078,-0.600000,0.687101,-0.091356,0.138055,-0.931101,-0.729276,-0.992784,0.010588,-0.010588,-0.933913,0.600000,-0.600000
143,0,0,0,0,stay,1,29,16,1,-0.048631,-0.016122,-0.600000,1.000000,-0.997134,-0.600000,-0.600000,0.600000,0.600000,-0.921541,-0.600000,-0.600000,-0.363634,-0.600000,-0.068267,-0.109877,0.600000,-0.241349,0.938479,0.600000,0.212412,-0.992784,-0.600000,-0.922979,-0.994684,0.959496,0.600000,-0.600000,-0.600000,-0.982843,0.600000,-0.010536,-0.600000,-0.600000,-0.675046,-0.764572,-0.977827,-0.600000,-0.600000,0.363634,-0.600000,0.959496,-0.675046,0.600000,-0.048631,-0.600000,-0.048631,-0.160978,0.600000,-0.600000,-0.600000,0.600000,0.600000,0.600000,0.736372,0.991304,-0.600000,-0.992784,-0.600000,0.160978,-0.600000,0.687101,-0.086883,0.144102,-0.927496,-0.729276,-0.992784,0.010536,-0.010536,-0.930766,0.600000,-0.600000
144,0,0,0,0,stay,0,28,16,1,-0.048169,-0.015885,-0.600000,1.000000,-0.997204,-0.600000,-0.600000,0.600000,0.600000,-0.922621,-0.600000,-0.600000,-0.363634,-0.600000,-0.067632,-0.108901,0.600000,-0.241349,0.939342,0.600000,0.212412,-0.992891,-0.600000,-0.924041,-0.994815,0.959884,0.600000,-0.600000,-0.600000,-0.983011,0.600000,-0.010380,-0.600000,-0.600000,-0.675046,-0.764572,-0.978044,-0.600000,-0.600000,0.363634,-0.600000,0.959884,-0.675046,0.600000,-0.048169,-0.600000,-0.048169,-0.158959,0.600000,-0.600000,-0.600000,0.600000,0.600000,0.600000,0.736377,0.991390,-0.600000,-0.992891,-0.600000,0.158959,-0.600000,0.687101,-0.086091,0.143481,-0.927835,-0.729276,-0.992891,0.010380,-0.010380,-0.931091,0.600000,-0.600000
145,0,0,0,0,N,0,26,15,1,-0.048169,-0.015422,-0.600000,1.000000,-0.997204,-0.600000,-0.600000,0.600000,0.600000,-0.922621,-0.600000,-0.600000,-0.363634,-0.600000,-0.067632,-0.108901,0.600000,-0.241349,0.939342,0.600000,0.212412,-0.993100,-0.600000,-0.924041,-0.994815,0.959884,0.600000,-0.600000,-0.600000,-0.983011,0.600000,-0.010076,-0.600000,-0.600000,-0.675046,-0.764572,-0.978044,-0.600000,-0.600000,0.363634,-0.600000,0.959884,-0.675046,0.600000,-0.048169,-0.600000,-0.048169,-0.158959,0.600000,-0.600000,-0.600000,0.600000,0.600000,0.600000,0.736377,0.991390,-0.600000,-0.993100,-0.600000,0.158959,-0.600000,0.687101,-0.086091,0.139827,-0.929823,-0.729276,-0.993100,0.010076,-0.010076,-0.932995,0.600000,-0.600000
146,0,0,0,1,N,0,24,14,1,-0.048169,-0.015046,-0.600000,1.000000,-0.997218,-0.600000,-0.600000,0.600000,0.600000,-0.922977,-0.600000,-0.600000,-0.363634,-0.600000,-0.067632,-0.108901,0.600000,-0.240434,0.939626,0.600000,0.207429,-0.993270,-0.600000,-0.924392,-0.994841,0.959884,0.600000,-0.600000,-0.600000,-0.983011,0.600000,-0.009829,-0.600000,-0.600000,-0.676143,-0.769937,-0.978044,-0.600000,-0.600000,0.363634,-0.600000,0.959884,-0.676143,0.600000,-0.048169,-0.600000,-0.048169,-0.158290,0.600000,-0.600000,-0.600000,0.600000,0.600000,0.600000,0.736377,0.991390,-0.600000,-0.993270,-0.600000,0.158290,-0.600000,0.686026,-0.086091,0.136842,-0.931121,-0.730263,-0.993270,0.009829,-0.009829,-0.934544,0.600000,-0.600000
147,0,1,0,0,N,0,22,13,1,-0.048169,-0.014250,-0.600000,1.000000,-0.997218,-0.600000,-0.600000,0.600000,0.600000,-0.922977,-0.600000,-0.600000,-0.363634,-0.600000,-0.067632,-0.108901,0.600000,-0.239521,0.939626,0.600000,0.207429,-0.993629,-0.600000,-0.924392,-0.994841,0.959884,0.600000,-0.600000,-0.600000,-0.983011,0.600000,-0.009307,-0.600000,-0.600000,-0.677238,-0.769937,-0.978044,-0.600000,-0.600000,0.363634,-0.600000,0.959884,-0.677238,0.600000,-0.048169,-0.600000,-0.048169,-0.158290,0.600000,-0.600000,-0.600000,0.600000,0.600000,0.600000,0.736377,0.991390,-0.600000,-0.993629,-0.600000,0.158290,-0.600000,0.684949,-0.086091,0.130463,-0.934266,-0.731248,-0.993629,0.009307,-0.009307,-0.937836,0.600000,-0.600000
148,0,1,0,0,N,0,20,12,1,-0.048169,-0.013430,-0.600000,1.000000,-0.997218,-0.600000,-0.600000,0.600000,0.600000,-0.922977,-0.600000,-0.600000,-0.363634,-0.600000,-0.067632,-0.108901,0.600000,-0.239521,0.939626,0.600000,0.207429,-0.993998,-0.600000,-0.924392,-0.994841,0.959884,0.600000,-0.600000,-0.600000,-0.983011,0.600000,-0.008768,-0.600000,-0.600000,-0.677238,-0.769937,-0.978044,-0.600000,-0.600000,0.363634,-0.600000,0.959884,-0.677238,0.600000,-0.048169,-0.600000,-0.048169,-0.158290,0.600000,-0.600000,-0.600000,0.600000,0.600000,0.600000,0.736377,0.991390,-0.600000,-0.993998,-0.600000,0.158290,-0.600000,0.684949,-0.086091,0.123794,-0.937864,-0.731248,-0.993998,0.008768,-0.008768,-0.941251,0.600000,-0.600000
149,0,0,0,0,N,0,18,11,1,-0.048169,-0.012656,-0.600000,1.000000,-0.997218,-0.600000,-0.600000,0.600000,0.600000,-0.922977,-0.600000,-0.600000,-0.363634,-0.600000,-0.067632,-0.108901,0.600000,-0.239521,0.939626,0.600000,0.207429,-0.994347,-0.600000,-0.924392,-0.994841,0.959884,0.600000,-0.600000,-0.600000,-0.983011,0.600000,-0.008260,-0.600000,-0.600000,-0.677238,-0.769937,-0.978044,-0.600000,-0.600000,0.363634,-0.600000,0.959884,-0.677238,0.600000,-0.048169,-0.600000,-0.048169,-0.158290,0.600000,-0.600000,-0.600000,0.600000,0.600000,0.600000,0.736377,0.991390,-0.600000,-0.994347,-0.600000,0.158290,-0.600000,0.684949,-0.086091,0.117420,-0.941277,-0.731248,-0.994347,0.008260,-0.008260,-0.944490,0.600000,-0.600000
150,0,0,0,1,W,0,16,10,1,-0.048169,-0.011926,-0.600000,1.000000,-0.997218,-0.600000,-0.600000,0.600000,0.600000,-0.922977,-0.600000,-0.600000,-0.363634,-0.600000,-0.067632,-0.108901,0.600000,-0.239521,0.939626,0.600000,0.199318,-0.994675,-0.600000,-0.924392,-0.994841,0.959884,0.600000,-0.600000,-0.600000,-0.983011,0.600000,-0.007782,-0.600000,-0.600000,-0.677238,-0.778685,-0.978044,-0.600000,-0.600000,0.363634,-0.600000,0.959884,-0.677238,0.600000,-0.048169,-0.600000,-0.048169,-0.158290,0.600000,-0.600000,-0.600000,0.600000,0.600000,0.600000,0.736377,0.991390,-0.600000,-0.994675,-0.600000,0.158290,-0.600000,0.684949,-0.086091,0.111331,-0.944514,-0.731248,-0.994675,0.007782,-0.007782,-0.947559,0.600000,-0.600000
151,1,0,0,0,W,0,14,9,1,-0.045923,-0.011750,-0.600000,1.000000,-0.997407,-0.600000,-0.600000,0.600000,0.600000,-0.924390,-0.600000,-0.600000,-0.363634,-0.600000,-0.065143,-0.108901,0.600000,-0.239521,0.941866,0.600000,0.198520,-0.994754,-0.600000,-0.925781,-0.995043,0.960649,0.600000,-0.600000,-0.600000,-0.984145,0.600000,-0.007629,-0.600000,-0.600000,-0.672854,-0.779547,-0.979095,-0.600000,-0.600000,0.363634,-0.600000,0.960649,-0.672854,0.600000,-0.045923,-0.600000,-0.045923,-0.155639,0.600000,-0.600000,-0.600000,0.600000,0.600000,0.600000,0.742166,0.991808,-0.600000,-0.994754,-0.600000,0.155639,-0.600000,0.684949,-0.084527,0.111324,-0.944255,-0.731248,-0.994754,0.007629,-0.007629,-0.947564,0.600000,-0.600000
152,1,0,0,0,stay,1,29,9,1,-0.045704,-0.011406,-0.600000,1.000000,-0.997445,-0.600000,-0.600000,0.600000,0.600000,-0.925088,-0.600000,-0.600000,-0.363634,-0.600000,-0.063632,-0.110362,0.600000,-0.238610,0.943493,0.600000,0.198520,-0.994909,-0.600000,-0.926466,-0.995117,0.960838,0.600000,-0.600000,-0.600000,-0.984532,0.600000,-0.007404,-0.600000,-0.600000,-0.669549,-0.779547,-0.979197,-0.600000,-0.600000,0.363634,-0.600000,0.960838,-0.669549,0.600000,-0.045704,-0.600000,-0.045704,-0.154327,0.600000,-0.600000,-0.600000,0.600000,0.600000,0.600000,0.742168,0.991848,-0.600000,-0.994909,-0.600000,0.154327,-0.600000,0.683870,-0.084141,0.108868,-0.945302,-0.732231,-0.994909,0.007404,-0.007404,-0.948796,0.600000,-0.600000
153,0,0,0,0,N,0,27,10,1,-0.043359,-0.011293,-0.600000,1.000000,-0.997642,-0.600000,-0.600000,0.600000,0.600000,-0.926806,-0.600000,-0.600000,-0.363634,-0.600000,-0.061285,-0.106488,0.600000,-0.238610,0.944814,0.600000,0.198520,-0.994959,-0.600000,-0.928155,-0.995424,0.962319,0.600000,-0.600000,-0.600000,-0.985349,0.600000,-0.007295,-0.600000,-0.600000,-0.669549,-0.779547,-0.980291,-0.600000,-0.600000,0.363634,-0.600000,0.962319,-0.669549,0.600000,-0.043359,-0.600000,-0.043359,-0.151087,0.600000,-0.600000,-0.600000,0.600000,0.600000,0.600000,0.745032,0.992282,-0.600000,-0.994959,-0.600000,0.151087,-0.600000,0.683870,-0.081103,0.111306,-0.943736,-0.732231,-0.994959,0.007295,-0.007295,-0.947574,0.600000,-0.600000
154,0,0,0,0,stay,1,29,10,1,-0.040932,-0.011293,-0.600000,1.000000,-0.997856,-0.600000,-0.600000,0.600000,0.600000,-0.929150,-0.600000,-0.600000,-0.363634,-0.600000,-0.057915,-0.100902,0.600000,-0.238610,0.946615,0.600000,0.198520,-0.994959,-0.600000,-0.930459,-0.995839,0.964440,0.600000,-0.600000,-0.600000,-0.986193,0.600000,-0.007295,-0.600000,-0.600000,-0.669549,-0.779547,-0.981420,-0.600000,-0.600000,0.363634,-0.600000,0.964440,-0.669549,0.600000,-0.040932,-0.600000,-0.040932,-0.146645,0.600000,-0.600000,-0.600000,0.600000,0.600000,0.600000,0.745032,0.992730,-0.600000,-0.994959,-0.600000,0.146645,-0.600000,0.683870,-0.076733,0.117369,-0.940471,-0.732231,-0.994959,0.007295,-0.007295,-0.944519,0.600000,-0.600000
155,0,0,0,0,stay,0,28,10,1,-0.038635,-0.011293,-0.600000,1.000000,-0.998080,-0.600000,-0.600000,0.600000,0.600000,-0.932378,-0.600000,-0.600000,-0.363634,-0.600000,-0.054462,-0.095145,0.600000,-0.238610,0.949091,0.600000,0.198520,-0.994959,-0.600000,-0.933632,-0.996291,0.966608,0.600000,-0.600000,-0.600000,-0.986988,0.600000,-0.007187,-0.600000,-0.600000,-0.669549,-0.779547,-0.982485,-0.600000,-0.600000,0.363634,-0.600000,0.966608,-0.669549,0.600000,-0.038635,-0.600000,-0.038635,-0.140487,0.600000,-0.600000,-0.600000,0.600000,0.600000,0.600000,0.744093,0.993151,-0.600000,-0.994959,-0.600000,0.140487,-0.600000,0.683870,-0.072244,0.122637,-0.936735,-0.732231,-0.994959,0.007187,-0.007187,-0.941847,0.600000,-0.600000
156,0,0,0,1,W,0,26,9,1,-0.038635,-0.010694,-0.600000,1.000000,-0.998080,-0.600000,-0.600000,0.600000,0.600000,-0.932378,-0.600000,-0.600000,-0.363634,-0.600000,-0.054462,-0.095145,0.600000,-0.237702,0.949091,0.600000,0.193001,-0.995228,-0.600000,-0.933632,-0.996291,0.966608,0.600000,-0.600000,-0.600000,-0.986988,0.600000,-0.006838,-0.600000,-0.600000,-0.670655,-0.785511,-0.982485,-0.600000,-0.600000,0.363634,-0.600000,0.966608,-0.670655,0.600000,-0.038635,-0.600000,-0.038635,-0.140487,0.600000,-0.600000,-0.600000,0.600000,0.600000,0.600000,0.744093,0.993151,-0.600000,-0.995228,-0.600000,0.140487,-0.600000,0.682790,-0.072244,0.117348,-0.939640,-0.733211,-0.995228,0.006838,-0.006838,-0.944532,0.600000,-0.600000
157,1,0,0,0,W,0,24,8,1,-0.036816,-0.010536,-0.600000,1.000000,-0.998210,-0.600000,-0.600000,0.600000,0.600000,-0.933631,-0.600000,-0.600000,-0.363634,-0.600000,-0.052429,-0.095145,0.600000,-0.237702,0.950998,0.600000,0.192222,-0.995299,-0.600000,-0.934863,-0.996437,0.967249,0.600000,-0.600000,-0.600000,-0.987860,0.600000,-0.006703,-0.600000,-0.600000,-0.666226,-0.786354,-0.983327,-0.600000,-0.600000,0.363634,-0.600000,0.967249,-0.666226,0.600000,-0.036816,-0.600000,-0.036816,-0.138085,0.600000,-0.600000,-0.600000,0.600000,0.600000,0.600000,0.749771,0.993484,-0.600000,-0.995299,-0.600000,0.138085,-0.600000,0.682790,-0.070912,0.117340,-0.939361,-0.733211,-0.995299,0.006703,-0.006703,-0.944536,0.600000,-0.600000
158,1,0,0,0,stay,1,29,8,1,-0.036639,-0.010176,-0.600000,1.000000,-0.998236,-0.600000,-0.600000,0.600000,0.600000,-0.934249,-0.600000,-0.600000,-0.363634,-0.600000,-0.051197,-0.096441,0.600000,-0.236796,0.952382,0.600000,0.192222,-0.995461,-0.600000,-0.935471,-0.996490,0.967408,0.600000,-0.600000,-0.600000,-0.988157,0.600000,-0.006473,-0.600000,-0.600000,-0.662887,-0.786354,-0.983409,-0.600000,-0.600000,0.363634,-0.600000,0.967408,-0.662887,0.600000,-0.036639,-0.600000,-0.036639,-0.136897,0.600000,-0.600000,-0.600000,0.600000,0.600000,0.600000,0.749773,0.993516,-0.600000,-0.995461,-0.600000,0.136897,-0.600000,0.681707,-0.070582,0.114260,-0.940773,-0.734189,-0.995461,0.006473,-0.006473,-0.946092,0.600000,-0.600000
159,1,0,1,0,W,0,27,7,1,-0.036639,-0.009588,-0.600000,1.000000,-0.998236,-0.600000,-0.600000,0.600000,0.600000,-0.934249,-0.600000,-0.600000,-0.363634,-0.600000,-0.051197,-0.096441,0.600000,-0.236796,0.952382,0.600000,0.192222,-0.995724,-0.600000,-0.935471,-0.996490,0.967408,0.600000,-0.600000,-0.600000,-0.988157,0.600000,-0.006098,-0.600000,-0.600000,-0.662887,-0.786354,-0.983409,-0.600000,-0.600000,0.363634,-0.600000,0.967408,-0.662887,0.600000,-0.036639,-0.600000,-0.036639,-0.136897,0.600000,-0.600000,-0.600000,0.600000,0.600000,0.600000,0.749773,0.993516,-0.600000,-0.995724,-0.600000,0.136897,-0.600000,0.681707,-0.070582,0.108316,-0.944036,-0.734189,-0.995724,0.006098,-0.006098,-0.949078,0.600000,-0.600000
160,0,0,0,0,W,0,25,6,1,-0.036639,-0.009033,-0.600000,1.000000,-0.998236,-0.600000,-0.600000,0.600000,0.600000,-0.934249,-0.600000,-0.600000,-0.363634,-0.600000,-0.051197,-0.096441,0.600000,-0.236796,0.952382,0.600000,0.192222,-0.995973,-0.600000,-0.935471,-0.996490,0.967408,0.600000,-0.600000,-0.600000,-0.988157,0.600000,-0.005744,-0.600000,-0.600000,-0.662887,-0.786354,-0.983409,-0.600000,-0.600000,0.363634,-0.600000,0.967408,-0.662887,0.600000,-0.036639,-0.600000,-0.036639,-0.136897,0.600000,-0.600000,-0.600000,0.600000,0.600000,0.600000,0.749773,0.993516,-0.600000,-0.995973,-0.600000,0.136897,-0.600000,0.681707,-0.070582,0.102645,-0.947130,-0.734189,-0.995973,0.005744,-0.005744,-0.951907,0.600000,-0.600000
161,1,1,0,0,N,0,23,7,1,-0.036639,-0.008510,-0.600000,1.000000,-0.998236,-0.600000,-0.600000,0.600000,0.600000,-0.934249,-0.600000,-0.600000,-0.363634,-0.600000,-0.051197,-0.096441,0.600000,-0.236796,0.952382,0.600000,0.192222,-0.996207,-0.600000,-0.935471,-0.996490,0.967408,0.600000,-0.600000,-0.600000,-0.988157,0.600000,-0.005410,-0.600000,-0.600000,-0.662887,-0.786354,-0.983409,-0.600000,-0.600000,0.363634,-0.600000,0.967408,-0.662887,0.600000,-0.036639,-0.600000,-0.036639,-0.136897,0.600000,-0.600000,-0.600000,0.600000,0.600000,0.600000,0.749773,0.993516,-0.600000,-0.996207,-0.600000,0.136897,-0.600000,0.681707,-0.070582,0.097238,-0.950061,-0.734189,-0.996207,0.005410,-0.005410,-0.954586,0.600000,-0.600000
162,1,0,0,0,W,0,21,6,1,-0.036639,-0.008018,-0.600000,1.000000,-0.998236,-0.600000,-0.600000,0.600000,0.600000,-0.934249,-0.600000,-0.600000,-0.363634,-0.600000,-0.051197,-0.096441,0.600000,-0.236796,0.952382,0.600000,0.192222,-0.996428,-0.600000,-0.935471,-0.996490,0.967408,0.600000,-0.600000,-0.600000,-0.988157,0.600000,-0.005096,-0.600000,-0.600000,-0.662887,-0.786354,-0.983409,-0.600000,-0.600000,0.363634,-0.600000,0.967408,-0.662887,0.600000,-0.036639,-0.600000,-0.036639,-0.136897,0.600000,-0.600000,-0.600000,0.600000,0.600000,0.600000,0.749773,0.993516,-0.600000,-0.996428,-0.600000,0.136897,-0.600000,0.681707,-0.070582,0.092086,-0.952839,-0.734189,-0.996428,0.005096,-0.005096,-0.957123,0.600000,-0.600000
163,0,0,0,0,W,0,19,5,1,-0.036639,-0.007553,-0.600000,1.000000,-0.998236,-0.600000,-0.600000,0.600000,0.600000,-0.934249,-0.600000,-0.600000,-0.363634,-0.600000,-0.051197,-0.096441,0.600000,-0.236796,0.952382,0.600000,0.192222,-0.996636,-0.600000,-0.935471,-0.996490,0.967408,0.600000,-0.600000,-0.600000,-0.988157,0.600000,-0.004800,-0.600000,-0.600000,-0.662887,-0.786354,-0.983409,-0.600000,-0.600000,0.363634,-0.600000,0.967408,-0.662887,0.600000,-0.036639,-0.600000,-0.036639,-0.136897,0.600000,-0.600000,-0.600000,0.600000,0.600000,0.600000,0.749773,0.993516,-0.600000,-0.996636,-0.600000,0.136897,-0.600000,0.681707,-0.070582,0.087181,-0.955469,-0.734189,-0.996636,0.004800,-0.004800,-0.959524,0.600000,-0.600000
164,0,1,0,0,N,0,17,6,1,-0.036639,-0.007115,-0.600000,1.000000,-0.998236,-0.600000,-0.600000,0.600000,0.600000,-0.934249,-0.600000,-0.600000,-0.363634,-0.600000,-0.051197,-0.096441,0.600000,-0.236796,0.952382,0.600000,0.192222,-0.996831,-0.600000,-0.935471,-0.996490,0.967408,0.600000,-0.600000,-0.600000,-0.988157,0.600000,-0.004521,-0.600000,-0.600000,-0.662887,-0.786354,-0.983409,-0.600000,-0.600000,0.363634,-0.600000,0.967408,-0.662887,0.600000,-0.036639,-0.600000,-0.036639,-0.136897,0.600000,-0.600000,-0.600000,0.600000,0.600000,0.600000,0.749773,0.993516,-0.600000,-0.996831,-0.600000,0.136897,-0.600000,0.681707,-0.070582,0.082514,-0.957958,-0.734189,-0.996831,0.004521,-0.004521,-0.961796,0.600000,-0.600000
165,0,0,0,1,W,0,15,5,1,-0.036639,-0.006703,-0.600000,1.000000,-0.998236,-0.600000,-0.600000,0.600000,0.600000,-0.934249,-0.600000,-0.600000,-0.363634,-0.600000,-0.051197,-0.096441,0.600000,-0.236796,0.952382,0.600000,0.184566,-0.997016,-0.600000,-0.935471,-0.996490,0.967408,0.600000,-0.600000,-0.600000,-0.988157,0.600000,-0.004258,-0.600000,-0.600000,-0.662887,-0.794645,-0.983409,-0.600000,-0.600000,0.363634,-0.600000,0.967408,-0.662887,0.600000,-0.036639,-0.600000,-0.036639,-0.136897,0.600000,-0.600000,-0.600000,0.600000,0.600000,0.600000,0.749773,0.993516,-0.600000,-0.997016,-0.600000,0.136897,-0.600000,0.681707,-0.070582,0.078075,-0.960315,-0.734189,-0.997016,0.004258,-0.004258,-0.963946,0.600000,-0.600000
166,0,0,0,0,W,0,13,4,1,-0.034910,-0.006603,-0.600000,1.000000,-0.998356,-0.600000,-0.600000,0.600000,0.600000,-0.935470,-0.600000,-0.600000,-0.363634,-0.600000,-0.049520,-0.093428,0.600000,-0.236796,0.953283,0.600000,0.183814,-0.997060,-0.600000,-0.936670,-0.996678,0.968496,0.600000,-0.600000,-0.600000,-0.988730,0.600000,-0.004174,-0.600000,-0.600000,-0.662887,-0.795461,-0.984208,-0.600000,-0.600000,0.363634,-0.600000,0.968496,-0.662887,0.600000,-0.034910,-0.600000,-0.034910,-0.134547,0.600000,-0.600000,-0.600000,0.600000,0.600000,0.600000,0.752581,0.993831,-0.600000,-0.997060,-0.600000,0.134547,-0.600000,0.681707,-0.068316,0.079153,-0.959550,-0.734189,-0.997060,0.004174,-0.004174,-0.963425,0.600000,-0.600000
167,0,0,0,0,stay,1,29,4,1,-0.034076,-0.006603,-0.600000,1.000000,-0.998452,-0.600000,-0.600000,0.600000,0.600000,-0.937555,-0.600000,-0.600000,-0.363634,-0.600000,-0.048124,-0.090913,0.600000,-0.236796,0.954821,0.600000,0.183814,-0.997060,-0.600000,-0.938720,-0.996887,0.969400,0.600000,-0.600000,-0.600000,-0.989006,0.600000,-0.004133,-0.600000,-0.600000,-0.662887,-0.795461,-0.984592,-0.600000,-0.600000,0.363634,-0.600000,0.969400,-0.662887,0.600000,-0.034076,-0.600000,-0.034076,-0.130516,0.600000,-0.600000,-0.600000,0.600000,0.600000,0.600000,0.751659,0.993983,-0.600000,-0.997060,-0.600000,0.130516,-0.600000,0.681707,-0.066427,0.080618,-0.958372,-0.734189,-0.997060,0.004133,-0.004133,-0.962717,0.600000,-0.600000
168,0,0,1,0,W,0,27,3,1,-0.033584,-0.006377,-0.600000,1.000000,-0.998475,-0.600000,-0.600000,0.600000,0.600000,-0.937555,-0.600000,-0.600000,-0.360168,-0.600000,-0.047895,-0.090500,0.600000,-0.234092,0.954821,0.600000,0.183814,-0.997161,-0.600000,-0.938720,-0.996903,0.969549,0.600000,-0.600000,-0.600000,-0.989168,0.600000,-0.004031,-0.600000,-0.600000,-0.662887,-0.793014,-0.984819,-0.600000,-0.600000,0.360168,-0.600000,0.969549,-0.662887,0.600000,-0.033584,-0.600000,-0.033584,-0.130516,0.600000,-0.600000,-0.600000,0.600000,0.600000,0.600000,0.753526,0.994160,-0.600000,-0.997161,-0.600000,0.130516,-0.600000,0.684955,-0.066117,0.079145,-0.960136,-0.734189,-0.997161,0.004031,-0.004031,-0.963429,0.600000,-0.600000
169,0,0,0,0,N,0,25,4,1,-0.033584,-0.006067,-0.600000,1.000000,-0.998483,-0.600000,-0.600000,0.600000,0.600000,-0.937848,-0.600000,-0.600000,-0.360168,-0.600000,-0.047895,-0.090500,0.600000,-0.234092,0.955036,0.600000,0.183814,-0.997300,-0.600000,-0.939007,-0.996918,0.969549,0.600000,-0.600000,-0.600000,-0.989168,0.600000,-0.003815,-0.600000,-0.600000,-0.662887,-0.793014,-0.984819,-0.600000,-0.600000,0.360168,-0.600000,0.969549,-0.662887,0.600000,-0.033584,-0.600000,-0.033584,-0.129948,0.600000,-0.600000,-0.600000,0.600000,0.600000,0.600000,0.753526,0.994160,-0.600000,-0.997300,-0.600000,0.129948,-0.600000,0.684955,-0.066117,0.075220,-0.962010,-0.734189,-0.997300,0.003815,-0.003815,-0.965323,0.600000,-0.600000
170,1,0,0,0,N,0,23,5,1,-0.033584,-0.005715,-0.600000,1.000000,-0.998483,-0.600000,-0.600000,0.600000,0.600000,-0.937848,-0.600000,-0.600000,-0.360168,-0.600000,-0.047895,-0.090500,0.600000,-0.234092,0.955036,0.600000,0.183814,-0.997457,-0.600000,-0.939007,-0.996918,0.969549,0.600000,-0.600000,-0.600000,-0.989168,0.600000,-0.003593,-0.600000,-0.600000,-0.662887,-0.793014,-0.984819,-0.600000,-0.600000,0.360168,-0.600000,0.969549,-0.662887,0.600000,-0.033584,-0.600000,-0.033584,-0.129948,0.600000,-0.600000,-0.600000,0.600000,0.600000,0.600000,0.753526,0.994160,-0.600000,-0.997457,-0.600000,0.129948,-0.600000,0.684955,-0.066117,0.071143,-0.964148,-0.734189,-0.997457,0.003593,-0.003593,-0.967281,0.600000,-0.600000
171,0,0,0,0,W,0,21,6,1,-0.033584,-0.005383,-0.600000,1.000000,-0.998483,-0.600000,-0.600000,0.600000,0.600000,-0.937848,-0.600000,-0.600000,-0.360168,-0.600000,-0.047895,-0.090500,0.600000,-0.234092,0.955036,0.600000,0.183814,-0.997605,-0.600000,-0.939007,-0.996918,0.969549,0.600000,-0.600000,-0.600000,-0.989168,0.600000,-0.003384,-0.600000,-0.600000,-0.662887,-0.793014,-0.984819,-0.600000,-0.600000,0.360168,-0.600000,0.969549,-0.662887,0.600000,-0.033584,-0.600000,-0.033584,-0.129948,0.600000,-0.600000,-0.600000,0.600000,0.600000,0.600000,0.753526,0.994160,-0.600000,-0.997605,-0.600000,0.129948,-0.600000,0.684955,-0.066117,0.067271,-0.966170,-0.734189,-0.997605,0.003384,-0.003384,-0.969132,0.600000,-0.600000
172,0,1,0,0,N,0,19,7,1,-0.033584,-0.005071,-0.600000,1.000000,-0.998483,-0.600000,-0.600000,0.600000,0.600000,-0.937848,-0.600000,-0.600000,-0.360168,-0.600000,-0.047895,-0.090500,0.600000,-0.234092,0.955036,0.600000,0.183814,-0.997745,-0.600000,-0.939007,-0.996918,0.969549,0.600000,-0.600000,-0.600000,-0.989168,0.600000,-0.003187,-0.600000,-0.600000,-0.662887,-0.793014,-0.984819,-0.600000,-0.600000,0.360168,-0.600000,0.969549,-0.662887,0.600000,-0.033584,-0.600000,-0.033584,-0.129948,0.600000,-0.600000,-0.600000,0.600000,0.600000,0.600000,0.753526,0.994160,-0.600000,-0.997745,-0.600000,0.129948,-0.600000,0.684955,-0.066117,0.063594,-0.968081,-0.734189,-0.997745,0.003187,-0.003187,-0.970881,0.600000,-0.600000
173,1,0,0,0,W,0,17,8,1,-0.033584,-0.004776,-0.600000,1.000000,-0.998483,-0.600000,-0.600000,0.600000,0.600000,-0.937848,-0.600000,-0.600000,-0.360168,-0.600000,-0.047895,-0.090500,0.600000,-0.234092,0.955036,0.600000,0.183814,-0.997876,-0.600000,-0.939007,-0.996918,0.969549,0.600000,-0.600000,-0.600000,-0.989168,0.600000,-0.003002,-0.600000,-0.600000,-0.662887,-0.793014,-0.984819,-0.600000,-0.600000,0.360168,-0.600000,0.969549,-0.662887,0.600000,-0.033584,-0.600000,-0.033584,-0.129948,0.600000,-0.600000,-0.600000,0.600000,0.600000,0.600000,0.753526,0.994160,-0.600000,-0.997876,-0.600000,0.129948,-0.600000,0.684955,-0.066117,0.060106,-0.969888,-0.734189,-0.997876,0.003002,-0.003002,-0.972534,0.600000,-0.600000
174,0,0,0,0,W,0,15,9,1,-0.033584,-0.004499,-0.600000,1.000000,-0.998483,-0.600000,-0.600000,0.600000,0.600000,-0.937848,-0.600000,-0.600000,-0.360168,-0.600000,-0.047895,-0.090500,0.600000,-0.234092,0.955036,0.600000,0.183814,-0.998000,-0.600000,-0.939007,-0.996918,0.969549,0.600000,-0.600000,-0.600000,-0.989168,0.600000,-0.002827,-0.600000,-0.600000,-0.662887,-0.793014,-0.984819,-0.600000,-0.600000,0.360168,-0.600000,0.969549,-0.662887,0.600000,-0.033584,-0.600000,-0.033584,-0.129948,0.600000,-0.600000,-0.600000,0.600000,0.600000,0.600000,0.753526,0.994160,-0.600000,-0.998000,-0.600000,0.129948,-0.600000,0.684955,-0.066117,0.056798,-0.971596,-0.734189,-0.998000,0.002827,-0.002827,-0.974095,0.600000,-0.600000
175,1,0,0,0,W,0,13,10,1,-0.033584,-0.004237,-0.600000,1.000000,-0.998483,-0.600000,-0.600000,0.600000,0.600000,-0.937848,-0.600000,-0.600000,-0.360168,-0.600000,-0.047895,-0.090500,0.600000,-0.234092,0.955036,0.600000,0.183814,-0.998116,-0.600000,-0.939007,-0.996918,0.969549,0.600000,-0.600000,-0.600000,-0.989168,0.600000,-0.002663,-0.600000,-0.600000,-0.662887,-0.793014,-0.984819,-0.600000,-0.600000,0.360168,-0.600000,0.969549,-0.662887,0.600000,-0.033584,-0.600000,-0.033584,-0.129948,0.600000,-0.600000,-0.600000,0.600000,0.600000,0.600000,0.753526,0.994160,-0.600000,-0.998116,-0.600000,0.129948,-0.600000,0.684955,-0.066117,0.053661,-0.973210,-0.734189,-0.998116,0.002663,-0.002663,-0.975571,0.600000,-0.600000
176,0,0,0,0,N,0,11,11,1,-0.031840,-0.004195,-0.600000,1.000000,-0.998592,-0.600000,-0.600000,0.600000,0.600000,-0.939006,-0.600000,-0.600000,-0.360168,-0.600000,-0.045879,-0.086856,0.600000,-0.234092,0.955889,0.600000,0.183814,-0.998135,-0.600000,-0.940145,-0.997112,0.970853,0.600000,-0.600000,-0.600000,-0.989743,0.600000,-0.002623,-0.600000,-0.600000,-0.662887,-0.793014,-0.985622,-0.600000,-0.600000,0.360168,-0.600000,0.970853,-0.662887,0.600000,-0.031840,-0.600000,-0.031840,-0.127700,0.600000,-0.600000,-0.600000,0.600000,0.600000,0.600000,0.755380,0.994472,-0.600000,-0.998135,-0.600000,0.127700,-0.600000,0.684955,-0.063386,0.055198,-0.972285,-0.734189,-0.998135,0.002623,-0.002623,-0.974849,0.600000,-0.600000
177,0,0,0,0,stay,1,29,11,1,-0.030776,-0.004195,-0.600000,1.000000,-0.998688,-0.600000,-0.600000,0.600000,0.600000,-0.940984,-0.600000,-0.600000,-0.360168,-0.600000,-0.044156,-0.083729,0.600000,-0.234092,0.957345,0.600000,0.183814,-0.998135,-0.600000,-0.942089,-0.997321,0.971966,0.600000,-0.600000,-0.600000,-0.990093,0.600000,-0.002623,-0.600000,-0.600000,-0.662887,-0.793014,-0.986110,-0.600000,-0.600000,0.360168,-0.600000,0.971966,-0.662887,0.600000,-0.030776,-0.600000,-0.030776,-0.123844,0.600000,-0.600000,-0.600000,0.600000,0.600000,0.600000,0.754468,0.994661,-0.600000,-0.998135,-0.600000,0.123844,-0.600000,0.684955,-0.061047,0.057316,-0.971189,-0.734189,-0.998135,0.002623,-0.002623,-0.973852,0.600000,-0.600000
178,0,0,0,0,stay,0,28,11,1,-0.030038,-0.004195,-0.600000,1.000000,-0.998758,-0.600000,-0.600000,0.600000,0.600000,-0.942632,-0.600000,-0.600000,-0.360168,-0.600000,-0.043110,-0.081827,0.600000,-0.234092,0.958556,0.600000,0.183814,-0.998135,-0.600000,-0.943708,-0.997465,0.972641,0.600000,-0.600000,-0.600000,-0.990336,0.600000,-0.002597,-0.600000,-0.600000,-0.662887,-0.793014,-0.986449,-0.600000,-0.600000,0.360168,-0.600000,0.972641,-0.662887,0.600000,-0.030038,-0.600000,-0.030038,-0.120620,0.600000,-0.600000,-0.600000,0.600000,0.600000,0.600000,0.754480,0.994793,-0.600000,-0.998135,-0.600000,0.120620,-0.600000,0.684955,-0.059627,0.058129,-0.970483,-0.734189,-0.998135,0.002597,-0.002597,-0.973468,0.600000,-0.600000
179,0,0,0,0,W,0,26,12,1,-0.030038,-0.003991,-0.600000,1.000000,-0.998758,-0.600000,-0.600000,0.600000,0.600000,-0.942632,-0.600000,-0.600000,-0.360168,-0.600000,-0.043110,-0.081827,0.600000,-0.234092,0.958556,0.600000,0.183814,-0.998226,-0.600000,-0.943708,-0.997465,0.972641,0.600000,-0.600000,-0.600000,-0.990336,0.600000,-0.002483,-0.600000,-0.600000,-0.662887,-0.793014,-0.986449,-0.600000,-0.600000,0.360168,-0.600000,0.972641,-0.662887,0.600000,-0.030038,-0.600000,-0.030038,-0.120620,0.600000,-0.600000,-0.600000,0.600000,0.600000,0.600000,0.754480,0.994793,-0.600000,-0.998226,-0.600000,0.120620,-0.600000,0.684955,-0.059627,0.055709,-0.971886,-0.734189,-0.998226,0.002483,-0.002483,-0.974609,0.600000,-0.600000
180,0,0,1,0,W,0,24,13,1,-0.030038,-0.003759,-0.600000,1.000000,-0.998758,-0.600000,-0.600000,0.600000,0.600000,-0.942632,-0.600000,-0.600000,-0.360168,-0.600000,-0.043110,-0.081827,0.600000,-0.234092,0.958556,0.600000,0.183814,-0.998329,-0.600000,-0.943708,-0.997465,0.972641,0.600000,-0.600000,-0.600000,-0.990336,0.600000,-0.002338,-0.600000,-0.600000,-0.662887,-0.793014,-0.986449,-0.600000,-0.600000,0.360168,-0.600000,0.972641,-0.662887,0.600000,-0.030038,-0.600000,-0.030038,-0.120620,0.600000,-0.600000,-0.600000,0.600000,0.600000,0.600000,0.754480,0.994793,-0.600000,-0.998329,-0.600000,0.120620,-0.600000,0.684955,-0.059627,0.052629,-0.973483,-0.734189,-0.998329,0.002338,-0.002338,-0.976055,0.600000,-0.600000
181,1,0,0,0,N,0,22,14,1,-0.030038,-0.003540,-0.600000,1.000000,-0.998758,-0.600000,-0.600000,0.600000,0.600000,-0.942632,-0.600000,-0.600000,-0.360168,-0.600000,-0.043110,-0.081827,0.600000,-0.234092,0.958556,0.600000,0.183814,-0.998427,-0.600000,-0.943708,-0.997465,0.972641,0.600000,-0.600000,-0.600000,-0.990336,0.600000,-0.002202,-0.600000,-0.600000,-0.662887,-0.793014,-0.986449,-0.600000,-0.600000,0.360168,-0.600000,0.972641,-0.662887,0.600000,-0.030038,-0.600000,-0.030038,-0.120620,0.600000,-0.600000,-0.600000,0.600000,0.600000,0.600000,0.754480,0.994793,-0.600000,-0.998427,-0.600000,0.120620,-0.600000,0.684955,-0.059627,0.049710,-0.974992,-0.734189,-0.998427,0.002202,-0.002202,-0.977422,0.600000,-0.600000
182,0,0,0,1,N,0,20,15,1,-0.029174,-0.003418,-0.600000,1.000000,-0.998795,-0.600000,-0.600000,0.600000,0.600000,-0.942632,-0.600000,-0.600000,-0.360168,-0.600000,-0.043110,-0.081827,0.600000,-0.234092,0.958556,0.600000,0.179349,-0.998481,-0.600000,-0.943708,-0.997465,0.972641,0.600000,-0.600000,-0.600000,-0.990620,0.600000,-0.002126,-0.600000,-0.600000,-0.662887,-0.797902,-0.986846,-0.600000,-0.600000,0.360168,-0.600000,0.972641,-0.662887,0.600000,-0.029174,-0.600000,-0.029174,-0.120620,0.600000,-0.600000,-0.600000,0.600000,0.600000,0.600000,0.760002,0.994946,-0.600000,-0.998481,-0.600000,0.120620,-0.600000,0.684955,-0.059627,0.048079,-0.975833,-0.734189,-0.998481,0.002126,-0.002126,-0.978183,0.600000,-0.600000
183,0,0,1,0,N,0,18,16,1,-0.029032,-0.003317,-0.600000,1.000000,-0.998801,-0.600000,-0.600000,0.600000,0.600000,-0.942632,-0.600000,-0.600000,-0.359016,-0.600000,-0.043110,-0.081827,0.600000,-0.233195,0.958556,0.600000,0.179349,-0.998526,-0.600000,-0.943708,-0.997465,0.972641,0.600000,-0.600000,-0.600000,-0.990666,0.600000,-0.002063,-0.600000,-0.600000,-0.662887,-0.797096,-0.986911,-0.600000,-0.600000,0.359016,-0.600000,0.972641,-0.662887,0.600000,-0.029032,-0.600000,-0.029032,-0.120620,0.600000,-0.600000,-0.600000,0.600000,0.600000,0.600000,0.760914,0.994996,-0.600000,-0.998526,-0.600000,0.120620,-0.600000,0.686034,-0.059627,0.046721,-0.976647,-0.734189,-0.998526,0.002063,-0.002063,-0.978816,0.600000,-0.600000
184,1,0,0,0,N,0,16,17,1,-0.029032,-0.003156,-0.600000,1.000000,-0.998801,-0.600000,-0.600000,0.600000,0.600000,-0.942632,-0.600000,-0.600000,-0.359016,-0.600000,-0.042699,-0.082580,0.600000,-0.232301,0.958953,0.600000,0.179349,-0.998598,-0.600000,-0.943708,-0.997465,0.972641,0.600000,-0.600000,-0.600000,-0.990758,0.600000,-0.001963,-0.600000,-0.600000,-0.661772,-0.797096,-0.986911,-0.600000,-0.600000,0.359016,-0.600000,0.972641,-0.661772,0.600000,-0.029032,-0.600000,-0.029032,-0.120620,0.600000,-0.600000,-0.600000,0.600000,0.600000,0.600000,0.760914,0.994996,-0.600000,-0.998598,-0.600000,0.120620,-0.600000,0.684957,-0.059627,0.044539,-0.977654,-0.735165,-0.998598,0.001963,-0.001963,-0.979830,0.600000,-0.600000
185,0,1,0,0,N,0,14,18,1,-0.027652,-0.003124,-0.600000,1.000000,-0.998882,-0.600000,-0.600000,0.600000,0.600000,-0.943706,-0.600000,-0.600000,-0.359016,-0.600000,-0.041288,-0.079961,0.600000,-0.227867,0.959734,0.600000,0.179349,-0.998612,-0.600000,-0.944763,-0.997601,0.973559,0.600000,-0.600000,-0.600000,-0.991206,0.600000,-0.001933,-0.600000,-0.600000,-0.667349,-0.797096,-0.987542,-0.600000,-0.600000,0.359016,-0.600000,0.973559,-0.667349,0.600000,-0.027652,-0.600000,-0.027652,-0.118510,0.600000,-0.600000,-0.600000,0.600000,0.600000,0.600000,0.763638,0.995240,-0.600000,-0.998612,-0.600000,0.118510,-0.600000,0.679543,-0.057690,0.045393,-0.976541,-0.740009,-0.998612,0.001933,-0.001933,-0.979434,0.600000,-0.600000
186,0,1,0,0,stay,1,29,18,1,-0.027251,-0.003063,-0.600000,1.000000,-0.998921,-0.600000,-0.600000,0.600000,0.600000,-0.944762,-0.600000,-0.600000,-0.359016,-0.600000,-0.040501,-0.078499,0.600000,-0.223492,0.960502,0.600000,0.179349,-0.998639,-0.600000,-0.945800,-0.997695,0.974070,0.600000,-0.600000,-0.600000,-0.991336,0.600000,-0.001886,-0.600000,-0.600000,-0.672880,-0.797096,-0.987726,-0.600000,-0.600000,0.359016,-0.600000,0.974070,-0.672880,0.600000,-0.027251,-0.600000,-0.027251,-0.116433,0.600000,-0.600000,-0.600000,0.600000,0.600000,0.600000,0.762740,0.995311,-0.600000,-0.998639,-0.600000,0.116433,-0.600000,0.674079,-0.056610,0.045173,-0.975966,-0.744796,-0.998639,0.001886,-0.001886,-0.979536,0.600000,-0.600000
187,0,0,0,0,N,0,27,19,1,-0.027251,-0.002884,-0.600000,1.000000,-0.998921,-0.600000,-0.600000,0.600000,0.600000,-0.944762,-0.600000,-0.600000,-0.359016,-0.600000,-0.040501,-0.078499,0.600000,-0.223492,0.960502,0.600000,0.179349,-0.998719,-0.600000,-0.945800,-0.997695,0.974070,0.600000,-0.600000,-0.600000,-0.991336,0.600000,-0.001776,-0.600000,-0.600000,-0.672880,-0.797096,-0.987726,-0.600000,-0.600000,0.359016,-0.600000,0.974070,-0.672880,0.600000,-0.027251,-0.600000,-0.027251,-0.116433,0.600000,-0.600000,-0.600000,0.600000,0.600000,0.600000,0.762740,0.995311,-0.600000,-0.998719,-0.600000,0.116433,-0.600000,0.674079,-0.056610,0.042649,-0.977337,-0.744796,-0.998719,0.001776,-0.001776,-0.980707,0.600000,-0.600000
188,0,0,0,0,N,0,25,20,1,-0.027251,-0.002716,-0.600000,1.000000,-0.998921,-0.600000,-0.600000,0.600000,0.600000,-0.944762,-0.600000,-0.600000,-0.359016,-0.600000,-0.040501,-0.078499,0.600000,-0.223492,0.960502,0.600000,0.179349,-0.998793,-0.600000,-0.945800,-0.997695,0.974070,0.600000,-0.600000,-0.600000,-0.991336,0.600000,-0.001672,-0.600000,-0.600000,-0.672880,-0.797096,-0.987726,-0.600000,-0.600000,0.359016,-0.600000,0.974070,-0.672880,0.600000,-0.027251,-0.600000,-0.027251,-0.116433,0.600000,-0.600000,-0.600000,0.600000,0.600000,0.600000,0.762740,0.995311,-0.600000,-0.998793,-0.600000,0.116433,-0.600000,0.674079,-0.056610,0.040260,-0.978632,-0.744796,-0.998793,0.001672,-0.001672,-0.981813,0.600000,-0.600000
189,0,0,0,0,W,0,23,21,1,-0.027251,-0.002558,-0.600000,1.000000,-0.998921,-0.600000,-0.600000,0.600000,0.600000,-0.944762,-0.600000,-0.600000,-0.359016,-0.600000,-0.040501,-0.078499,0.600000,-0.223492,0.960502,0.600000,0.179349,-0.998864,-0.600000,-0.945800,-0.997695,0.974070,0.600000,-0.600000,-0.600000,-0.991336,0.600000,-0.001575,-0.600000,-0.600000,-0.672880,-0.797096,-0.987726,-0.600000,-0.600000,0.359016,-0.600000,0.974070,-0.672880,0.600000,-0.027251,-0.600000,-0.027251,-0.116433,0.600000,-0.600000,-0.600000,0.600000,0.600000,0.600000,0.762740,0.995311,-0.600000,-0.998864,-0.600000,0.116433,-0.600000,0.674079,-0.056610,0.038000,-0.979854,-0.744796,-0.998864,0.001575,-0.001575,-0.982856,0.600000,-0.600000
190,0,0,0,0,W,0,21,22,1,-0.027251,-0.002409,-0.600000,1.000000,-0.998921,-0.600000,-0.600000,0.600000,0.600000,-0.944762,-0.600000,-0.600000,-0.359016,-0.600000,-0.040501,-0.078499,0.600000,-0.223492,0.960502,0.600000,0.179349,-0.998930,-0.600000,-0.945800,-0.997695,0.974070,0.600000,-0.600000,-0.600000,-0.991336,0.600000,-0.001483,-0.600000,-0.600000,-0.672880,-0.797096,-0.987726,-0.600000,-0.600000,0.359016,-0.600000,0.974070,-0.672880,0.600000,-0.027251,-0.600000,-0.027251,-0.116433,0.600000,-0.600000,-0.600000,0.600000,0.600000,0.600000,0.762740,0.995311,-0.600000,-0.998930,-0.600000,0.116433,-0.600000,0.674079,-0.056610,0.035861,-0.981008,-0.744796,-0.998930,0.001483,-0.001483,-0.983841,0.600000,-0.600000
191,1,0,0,0,N,0,19,23,1,-0.027251,-0.002269,-0.600000,1.000000,-0.998921,-0.600000,-0.600000,0.600000,0.600000,-0.944762,-0.600000,-0.600000,-0.359016,-0.600000,-0.040501,-0.078499,0.600000,-0.223492,0.960502,0.600000,0.179349,-0.998992,-0.600000,-0.945800,-0.997695,0.974070,0.600000,-0.600000,-0.600000,-0.991336,0.600000,-0.001396,-0.600000,-0.600000,-0.672880,-0.797096,-0.987726,-0.600000,-0.600000,0.359016,-0.600000,0.974070,-0.672880,0.600000,-0.027251,-0.600000,-0.027251,-0.116433,0.600000,-0.600000,-0.600000,0.600000,0.600000,0.600000,0.762740,0.995311,-0.600000,-0.998992,-0.600000,0.116433,-0.600000,0.674079,-0.056610,0.033839,-0.982097,-0.744796,-0.998992,0.001396,-0.001396,-0.984770,0.600000,-0.600000
192,1,0,0,0,N,0,17,24,1,-0.025953,-0.002235,-0.600000,1.000000,-0.998994,-0.600000,-0.600000,0.600000,0.600000,-0.945799,-0.600000,-0.600000,-0.357865,-0.600000,-0.038782,-0.078859,0.600000,-0.221757,0.962181,0.600000,0.179349,-0.999007,-0.600000,-0.946818,-0.997785,0.974572,0.600000,-0.600000,-0.600000,-0.991960,0.600000,-0.001376,-0.600000,-0.600000,-0.668468,-0.796287,-0.988319,-0.600000,-0.600000,0.357865,-0.600000,0.974572,-0.668468,0.600000,-0.025953,-0.600000,-0.025953,-0.114387,0.600000,-0.600000,-0.600000,0.600000,0.600000,0.600000,0.768134,0.995561,-0.600000,-0.999007,-0.600000,0.114387,-0.600000,0.674079,-0.055549,0.034000,-0.982010,-0.745746,-0.999007,0.001376,-0.001376,-0.984696,0.600000,-0.600000
193,0,0,1,0,N,0,15,25,1,-0.024716,-0.002213,-0.600000,1.000000,-0.999062,-0.600000,-0.600000,0.600000,0.600000,-0.946817,-0.600000,-0.600000,-0.352137,-0.600000,-0.036956,-0.075995,0.600000,-0.216613,0.963082,0.600000,0.179349,-0.999017,-0.600000,-0.947818,-0.997925,0.975666,0.600000,-0.600000,-0.600000,-0.992388,0.600000,-0.001362,-0.600000,-0.600000,-0.668470,-0.792207,-0.988884,-0.600000,-0.600000,0.352137,-0.600000,0.975666,-0.668470,0.600000,-0.024716,-0.600000,-0.024716,-0.112373,0.600000,-0.600000,-0.600000,0.600000,0.600000,0.600000,0.769024,0.995882,-0.600000,-0.999017,-0.600000,0.112373,-0.600000,0.678462,-0.053230,0.035165,-0.981745,-0.746695,-0.999017,0.001362,-0.001362,-0.984161,0.600000,-0.600000
194,0,0,1,0,stay,1,29,25,1,-0.024001,-0.002213,-0.600000,1.000000,-0.999117,-0.600000,-0.600000,0.600000,0.600000,-0.948311,-0.600000,-0.600000,-0.346450,-0.600000,-0.035728,-0.073568,0.600000,-0.212395,0.964136,0.600000,0.179349,-0.999017,-0.600000,-0.949286,-0.998056,0.976485,0.600000,-0.600000,-0.600000,-0.992612,0.600000,-0.001355,-0.600000,-0.600000,-0.668470,-0.788068,-0.989210,-0.600000,-0.600000,0.346450,-0.600000,0.976485,-0.668470,0.600000,-0.024001,-0.600000,-0.024001,-0.109409,0.600000,-0.600000,-0.600000,0.600000,0.600000,0.600000,0.768148,0.996102,-0.600000,-0.999017,-0.600000,0.109409,-0.600000,0.683896,-0.051489,0.036195,-0.981565,-0.746695,-0.999017,0.001355,-0.001355,-0.983688,0.600000,-0.600000
195,0,0,1,0,stay,0,28,25,1,-0.023080,-0.002213,-0.600000,1.000000,-0.999185,-0.600000,-0.600000,0.600000,0.600000,-0.950241,-0.600000,-0.600000,-0.338562,-0.600000,-0.034372,-0.070882,0.600000,-0.206591,0.965497,0.600000,0.179349,-0.999017,-0.600000,-0.951181,-0.998206,0.977389,0.600000,-0.600000,-0.600000,-0.992900,0.600000,-0.001348,-0.600000,-0.600000,-0.668470,-0.782172,-0.989629,-0.600000,-0.600000,0.338562,-0.600000,0.977389,-0.668470,0.600000,-0.023080,-0.600000,-0.023080,-0.105565,0.600000,-0.600000,-0.600000,0.600000,0.600000,0.600000,0.768167,0.996383,-0.600000,-0.999017,-0.600000,0.105565,-0.600000,0.691420,-0.049566,0.037433,-0.981474,-0.746695,-0.999017,0.001348,-0.001348,-0.983118,0.600000,-0.600000
196,0,0,1,0,stay,0,27,25,1,-0.022411,-0.002202,-0.600000,1.000000,-0.999240,-0.600000,-0.600000,0.600000,0.600000,-0.952103,-0.600000,-0.600000,-0.332982,-0.600000,-0.033550,-0.069250,0.600000,-0.202517,0.966808,0.600000,0.179349,-0.999022,-0.600000,-0.953010,-0.998319,0.977936,0.600000,-0.600000,-0.600000,-0.993109,0.600000,-0.001335,-0.600000,-0.600000,-0.668470,-0.777889,-0.989933,-0.600000,-0.600000,0.332982,-0.600000,0.977936,-0.668470,0.600000,-0.022411,-0.600000,-0.022411,-0.101840,0.600000,-0.600000,-0.600000,0.600000,0.600000,0.600000,0.769069,0.996576,-0.600000,-0.999022,-0.600000,0.101840,-0.600000,0.696733,-0.048399,0.037976,-0.981566,-0.746695,-0.999022,0.001335,-0.001335,-0.982868,0.600000,-0.600000
197,1,0,0,1,N,0,25,26,1,-0.022411,-0.002105,-0.600000,1.000000,-0.999240,-0.600000,-0.600000,0.600000,0.600000,-0.952103,-0.600000,-0.600000,-0.332982,-0.600000,-0.033388,-0.069572,0.600000,-0.200904,0.966969,0.600000,0.174968,-0.999065,-0.600000,-0.953010,-0.998319,0.977936,0.600000,-0.600000,-0.600000,-0.993143,0.600000,-0.001276,-0.600000,-0.600000,-0.669580,-0.783036,-0.989933,-0.600000,-0.600000,0.332982,-0.600000,0.977936,-0.669580,0.600000,-0.022411,-0.600000,-0.022411,-0.101840,0.600000,-0.600000,-0.600000,0.600000,0.600000,0.600000,0.769069,0.996576,-0.600000,-0.999065,-0.600000,0.101840,-0.600000,0.694618,-0.048399,0.036362,-0.982190,-0.748584,-0.999065,0.001276,-0.001276,-0.983611,0.600000,-0.600000
198,0,0,0,0,N,0,23,27,1,-0.021339,-0.002074,-0.600000,1.000000,-0.999292,-0.600000,-0.600000,0.600000,0.600000,-0.953009,-0.600000,-0.600000,-0.332982,-0.600000,-0.032274,-0.067336,0.600000,-0.200904,0.967603,0.600000,0.174247,-0.999079,-0.600000,-0.953899,-0.998409,0.978680,0.600000,-0.600000,-0.600000,-0.993476,0.600000,-0.001251,-0.600000,-0.600000,-0.669580,-0.783885,-0.990421,-0.600000,-0.600000,0.332982,-0.600000,0.978680,-0.669580,0.600000,-0.021339,-0.600000,-0.021339,-0.100022,0.600000,-0.600000,-0.600000,0.600000,0.600000,0.600000,0.771726,0.996743,-0.600000,-0.999079,-0.600000,0.100022,-0.600000,0.694618,-0.046809,0.036887,-0.981839,-0.748584,-0.999079,0.001251,-0.001251,-0.983370,0.600000,-0.600000
199,0,0,0,0,stay,1,29,27,1,-0.020218,-0.002074,-0.600000,1.000000,-0.999362,-0.600000,-0.600000,0.600000,0.600000,-0.955203,-0.600000,-0.600000,-0.332982,-0.600000,-0.030447,-0.063656,0.600000,-0.200904,0.969138,0.600000,0.174247,-0.999079,-0.600000,-0.956054,-0.998575,0.979900,0.600000,-0.600000,-0.600000,-0.993824,0.600000,-0.001238,-0.600000,-0.600000,-0.669580,-0.783885,-0.990930,-0.600000,-0.600000,0.332982,-0.600000,0.979900,-0.669580,0.600000,-0.020218,-0.600000,-0.020218,-0.095601,0.600000,-0.600000,-0.600000,0.600000,0.600000,0.600000,0.770862,0.996917,-0.600000,-0.999079,-0.600000,0.095601,-0.600000,0.694618,-0.044198,0.038700,-0.980741,-0.748584,-0.999079,0.001238,-0.001238,-0.982534,0.600000,-0.600000
200,0,0,0,0,stay,0,28,27,1,-0.019343,-0.002074,-0.600000,1.000000,-0.999417,-0.600000,-0.600000,0.600000,0.600000,-0.957094,-0.600000,-0.600000,-0.332982,-0.600000,-0.029144,-0.061021,0.600000,-0.200904,0.970459,0.600000,0.174247,-0.999079,-0.600000,-0.957910,-0.998698,0.980769,0.600000,-0.600000,-0.600000,-0.994095,0.600000,-0.001232,-0.600000,-0.600000,-0.669580,-0.783885,-0.991327,-0.600000,-0.600000,0.332982,-0.600000,0.980769,-0.669580,0.600000,-0.019343,-0.600000,-0.019343,-0.091773,0.600000,-0.600000,-0.600000,0.600000,0.600000,0.600000,0.770884,0.997053,-0.600000,-0.999079,-0.600000,0.091773,-0.600000,0.694618,-0.042331,0.040213,-0.979874,-0.748584,-0.999079,0.001232,-0.001232,-0.981836,0.600000,-0.600000
201,0,0,0,0,stay,0,27,27,1,-0.019248,-0.002032,-0.600000,1.000000,-0.999426,-0.600000,-0.600000,0.600000,0.600000,-0.957503,-0.600000,-0.600000,-0.332982,-0.600000,-0.029002,-0.060734,0.600000,-0.200904,0.970745,0.600000,0.174247,-0.999097,-0.600000,-0.958312,-0.998718,0.980864,0.600000,-0.600000,-0.600000,-0.994124,0.600000,-0.001208,-0.600000,-0.600000,-0.669580,-0.783885,-0.991370,-0.600000,-0.600000,0.332982,-0.600000,0.980864,-0.669580,0.600000,-0.019248,-0.600000,-0.019248,-0.090941,0.600000,-0.600000,-0.600000,0.600000,0.600000,0.600000,0.770886,0.997068,-0.600000,-0.999097,-0.600000,0.090941,-0.600000,0.694618,-0.042128,0.039636,-0.980169,-0.748584,-0.999097,0.001208,-0.001208,-0.982103,0.600000,-0.600000
202,0,0,0,0,N,0,25,28,1,-0.019248,-0.001933,-0.600000,1.000000,-0.999429,-0.600000,-0.600000,0.600000,0.600000,-0.957707,-0.600000,-0.600000,-0.332982,-0.600000,-0.029002,-0.060734,0.600000,-0.200904,0.970887,0.600000,0.174247,-0.999142,-0.600000,-0.958512,-0.998724,0.980864,0.600000,-0.600000,-0.600000,-0.994124,0.600000,-0.001143,-0.600000,-0.600000,-0.669580,-0.783885,-0.991370,-0.600000,-0.600000,0.332982,-0.600000,0.980864,-0.669580,0.600000,-0.019248,-0.600000,-0.019248,-0.090528,0.600000,-0.600000,-0.600000,0.600000,0.600000,0.600000,0.770886,0.997068,-0.600000,-0.999142,-0.600000,0.090528,-0.600000,0.694618,-0.042128,0.037590,-0.981120,-0.748584,-0.999142,0.001143,-0.001143,-0.983046,0.600000,-0.600000
203,0,0,0,1,N,0,23,29,1,-0.019248,-0.001821,-0.600000,1.000000,-0.999429,-0.600000,-0.600000,0.600000,0.600000,-0.957707,-0.600000,-0.600000,-0.332982,-0.600000,-0.029002,-0.060734,0.600000,-0.200904,0.970887,0.600000,0.168557,-0.999192,-0.600000,-0.958512,-0.998724,0.980864,0.600000,-0.600000,-0.600000,-0.994124,0.600000,-0.001076,-0.600000,-0.600000,-0.669580,-0.790594,-0.991370,-0.600000,-0.600000,0.332982,-0.600000,0.980864,-0.669580,0.600000,-0.019248,-0.600000,-0.019248,-0.090528,0.600000,-0.600000,-0.600000,0.600000,0.600000,0.600000,0.770886,0.997068,-0.600000,-0.999192,-0.600000,0.090528,-0.600000,0.694618,-0.042128,0.035474,-0.982203,-0.748584,-0.999192,0.001076,-0.001076,-0.984020,0.600000,-0.600000
204,0,0,0,0,W,0,21,30,1,-0.018235,-0.001803,-0.600000,1.000000,-0.999470,-0.600000,-0.600000,0.600000,0.600000,-0.958511,-0.600000,-0.600000,-0.332982,-0.600000,-0.027894,-0.058487,0.600000,-0.200904,0.971448,0.600000,0.168557,-0.999200,-0.600000,-0.959302,-0.998799,0.981602,0.600000,-0.600000,-0.600000,-0.994437,0.600000,-0.001060,-0.600000,-0.600000,-0.669580,-0.790594,-0.991829,-0.600000,-0.600000,0.332982,-0.600000,0.981602,-0.669580,0.600000,-0.018235,-0.600000,-0.018235,-0.088891,0.600000,-0.600000,-0.600000,0.600000,0.600000,0.600000,0.773528,0.997224,-0.600000,-0.999200,-0.600000,0.088891,-0.600000,0.694618,-0.040540,0.036334,-0.981673,-0.748584,-0.999200,0.001060,-0.001060,-0.983624,0.600000,-0.600000
205,0,0,0,0,stay,1,29,30,1,-0.017967,-0.001749,-0.600000,1.000000,-0.999486,-0.600000,-0.600000,0.600000,0.600000,-0.959105,-0.600000,-0.600000,-0.332982,-0.600000,-0.027356,-0.057393,0.600000,-0.200904,0.971862,0.600000,0.168557,-0.999223,-0.600000,-0.959885,-0.998840,0.981960,0.600000,-0.600000,-0.600000,-0.994520,0.600000,-0.001029,-0.600000,-0.600000,-0.669580,-0.790594,-0.991950,-0.600000,-0.600000,0.332982,-0.600000,0.981960,-0.669580,0.600000,-0.017967,-0.600000,-0.017967,-0.087681,0.600000,-0.600000,-0.600000,0.600000,0.600000,0.600000,0.772652,0.997266,-0.600000,-0.999223,-0.600000,0.087681,-0.600000,0.694618,-0.039767,0.035982,-0.981854,-0.748584,-0.999223,0.001029,-0.001029,-0.983787,0.600000,-0.600000
206,0,0,0,0,N,0,27,31,1,-0.017967,-0.001647,-0.600000,1.000000,-0.999486,-0.600000,-0.600000,0.600000,0.600000,-0.959105,-0.600000,-0.600000,-0.332982,-0.600000,-0.027356,-0.057393,0.600000,-0.200904,0.971862,0.600000,0.168557,-0.999269,-0.600000,-0.959885,-0.998840,0.981960,0.600000,-0.600000,-0.600000,-0.994520,0.600000,-0.000969,-0.600000,-0.600000,-0.669580,-0.790594,-0.991950,-0.600000,-0.600000,0.332982,-0.600000,0.981960,-0.669580,0.600000,-0.017967,-0.600000,-0.017967,-0.087681,0.600000,-0.600000,-0.600000,0.600000,0.600000,0.600000,0.772652,0.997266,-0.600000,-0.999269,-0.600000,0.087681,-0.600000,0.694618,-0.039767,0.033953,-0.982895,-0.748584,-0.999269,0.000969,-0.000969,-0.984719,0.600000,-0.600000
207,0,1,0,0,N,0,25,32,1,-0.017967,-0.001551,-0.600000,1.000000,-0.999486,-0.600000,-0.600000,0.600000,0.600000,-0.959105,-0.600000,-0.600000,-0.332982,-0.600000,-0.027356,-0.057393,0.600000,-0.200904,0.971862,0.600000,0.168557,-0.999311,-0.600000,-0.959885,-0.998840,0.981960,0.600000,-0.600000,-0.600000,-0.994520,0.600000,-0.000912,-0.600000,-0.600000,-0.669580,-0.790594,-0.991950,-0.600000,-0.600000,0.332982,-0.600000,0.981960,-0.669580,0.600000,-0.017967,-0.600000,-0.017967,-0.087681,0.600000,-0.600000,-0.600000,0.600000,0.600000,0.600000,0.772652,0.997266,-0.600000,-0.999311,-0.600000,0.087681,-0.600000,0.694618,-0.039767,0.032035,-0.983877,-0.748584,-0.999311,0.000912,-0.000912,-0.985598,0.600000,-0.600000
208,1,0,0,0,W,0,23,33,1,-0.017967,-0.001461,-0.600000,1.000000,-0.999486,-0.600000,-0.600000,0.600000,0.600000,-0.959105,-0.600000,-0.600000,-0.332982,-0.600000,-0.027356,-0.057393,0.600000,-0.200904,0.971862,0.600000,0.168557,-0.999352,-0.600000,-0.959885,-0.998840,0.981960,0.600000,-0.600000,-0.600000,-0.994520,0.600000,-0.000859,-0.600000,-0.600000,-0.669580,-0.790594,-0.991950,-0.600000,-0.600000,0.332982,-0.600000,0.981960,-0.669580,0.600000,-0.017967,-0.600000,-0.017967,-0.087681,0.600000,-0.600000,-0.600000,0.600000,0.600000,0.600000,0.772652,0.997266,-0.600000,-0.999352,-0.600000,0.087681,-0.600000,0.694618,-0.039767,0.030221,-0.984804,-0.748584,-0.999352,0.000859,-0.000859,-0.986427,0.600000,-0.600000
209,1,0,0,0,N,0,21,34,1,-0.017104,-0.001439,-0.600000,1.000000,-0.999521,-0.600000,-0.600000,0.600000,0.600000,-0.959884,-0.600000,-0.600000,-0.331872,-0.600000,-0.026307,-0.057935,0.600000,-0.199299,0.973072,0.600000,0.168557,-0.999361,-0.600000,-0.960650,-0.998880,0.982225,0.600000,-0.600000,-0.600000,-0.994916,0.600000,-0.000846,-0.600000,-0.600000,-0.665146,-0.789766,-0.992340,-0.600000,-0.600000,0.331872,-0.600000,0.982225,-0.665146,0.600000,-0.017104,-0.600000,-0.017104,-0.086091,0.600000,-0.600000,-0.600000,0.600000,0.600000,0.600000,0.778750,0.997412,-0.600000,-0.999361,-0.600000,0.086091,-0.600000,0.694618,-0.039197,0.030219,-0.984805,-0.749525,-0.999361,0.000846,-0.000846,-0.986428,0.600000,-0.600000
210,0,0,1,0,N,0,19,35,1,-0.016202,-0.001432,-0.600000,1.000000,-0.999558,-0.600000,-0.600000,0.600000,0.600000,-0.960838,-0.600000,-0.600000,-0.326347,-0.600000,-0.025176,-0.055522,0.600000,-0.195333,0.973720,0.600000,0.168557,-0.999364,-0.600000,-0.961586,-0.998956,0.982996,0.600000,-0.600000,-0.600000,-0.995187,0.600000,-0.000842,-0.600000,-0.600000,-0.665146,-0.785592,-0.992748,-0.600000,-0.600000,0.326347,-0.600000,0.982996,-0.665146,0.600000,-0.016202,-0.600000,-0.016202,-0.084141,0.600000,-0.600000,-0.600000,0.600000,0.600000,0.600000,0.780471,0.997611,-0.600000,-0.999364,-0.600000,0.084141,-0.600000,0.699901,-0.037533,0.031410,-0.984581,-0.749525,-0.999364,0.000842,-0.000842,-0.985884,0.600000,-0.600000
211,0,0,1,0,stay,1,29,35,1,-0.015195,-0.001432,-0.600000,1.000000,-0.999608,-0.600000,-0.600000,0.600000,0.600000,-0.962860,-0.600000,-0.600000,-0.316524,-0.600000,-0.023510,-0.051956,0.600000,-0.188347,0.975095,0.600000,0.168557,-0.999364,-0.600000,-0.963571,-0.999079,0.984130,0.600000,-0.600000,-0.600000,-0.995489,0.600000,-0.000838,-0.600000,-0.600000,-0.665146,-0.777925,-0.993203,-0.600000,-0.600000,0.316524,-0.600000,0.984130,-0.665146,0.600000,-0.015195,-0.600000,-0.015195,-0.079990,0.600000,-0.600000,-0.600000,0.600000,0.600000,0.600000,0.779626,0.997860,-0.600000,-0.999364,-0.600000,0.079990,-0.600000,0.709276,-0.035079,0.033444,-0.984198,-0.749525,-0.999364,0.000838,-0.000838,-0.984952,0.600000,-0.600000
212,0,0,1,0,stay,0,28,35,1,-0.014679,-0.001432,-0.600000,1.000000,-0.999635,-0.600000,-0.600000,0.600000,0.600000,-0.964095,-0.600000,-0.600000,-0.311135,-0.600000,-0.022830,-0.050495,0.600000,-0.184549,0.975933,0.600000,0.168557,-0.999364,-0.600000,-0.964783,-0.999137,0.984592,0.600000,-0.600000,-0.600000,-0.995644,0.600000,-0.000838,-0.600000,-0.600000,-0.665146,-0.773583,-0.993435,-0.600000,-0.600000,0.311135,-0.600000,0.984592,-0.665146,0.600000,-0.014679,-0.600000,-0.014679,-0.077446,0.600000,-0.600000,-0.600000,0.600000,0.600000,0.600000,0.780497,0.997985,-0.600000,-0.999364,-0.600000,0.077446,-0.600000,0.714410,-0.034076,0.034426,-0.984120,-0.749525,-0.999364,0.000838,-0.000838,-0.984502,0.600000,-0.600000
213,0,0,1,0,stay,0,27,35,1,-0.014180,-0.001432,-0.600000,1.000000,-0.999658,-0.600000,-0.600000,0.600000,0.600000,-0.965121,-0.600000,-0.600000,-0.304736,-0.600000,-0.021952,-0.048607,0.600000,-0.180069,0.976629,0.600000,0.168557,-0.999364,-0.600000,-0.965791,-0.999196,0.985189,0.600000,-0.600000,-0.600000,-0.995794,0.600000,-0.000838,-0.600000,-0.600000,-0.665146,-0.768292,-0.993660,-0.600000,-0.600000,0.304736,-0.600000,0.985189,-0.665146,0.600000,-0.014180,-0.600000,-0.014180,-0.075325,0.600000,-0.600000,-0.600000,0.600000,0.600000,0.600000,0.779650,0.998112,-0.600000,-0.999364,-0.600000,0.075325,-0.600000,0.720497,-0.032780,0.035777,-0.983964,-0.749525,-0.999364,0.000838,-0.000838,-0.983881,0.600000,-0.600000
214,0,0,1,0,stay,0,26,35,1,-0.013766,-0.001425,-0.600000,1.000000,-0.999679,-0.600000,-0.600000,0.600000,0.600000,-0.966283,-0.600000,-0.600000,-0.300511,-0.600000,-0.021420,-0.047461,0.600000,-0.177131,0.977417,0.600000,0.168557,-0.999368,-0.600000,-0.966931,-0.999243,0.985550,0.600000,-0.600000,-0.600000,-0.995918,0.600000,-0.000830,-0.600000,-0.600000,-0.665146,-0.764717,-0.993847,-0.600000,-0.600000,0.300511,-0.600000,0.985550,-0.665146,0.600000,-0.013766,-0.600000,-0.013766,-0.072918,0.600000,-0.600000,-0.600000,0.600000,0.600000,0.600000,0.780521,0.998204,-0.600000,-0.999368,-0.600000,0.072918,-0.600000,0.724512,-0.031995,0.036297,-0.983964,-0.749525,-0.999368,0.000830,-0.000830,-0.983642,0.600000,-0.600000
215,0,0,0,1,N,0,24,36,1,-0.013766,-0.001369,-0.600000,1.000000,-0.999679,-0.600000,-0.600000,0.600000,0.600000,-0.966283,-0.600000,-0.600000,-0.300511,-0.600000,-0.021420,-0.047461,0.600000,-0.176402,0.977417,0.600000,0.163700,-0.999392,-0.600000,-0.966931,-0.999243,0.985550,0.600000,-0.600000,-0.600000,-0.995918,0.600000,-0.000797,-0.600000,-0.600000,-0.666260,-0.770965,-0.993847,-0.600000,-0.600000,0.300511,-0.600000,0.985550,-0.666260,0.600000,-0.013766,-0.600000,-0.013766,-0.072918,0.600000,-0.600000,-0.600000,0.600000,0.600000,0.600000,0.780521,0.998204,-0.600000,-0.999392,-0.600000,0.072918,-0.600000,0.723514,-0.031995,0.034920,-0.984509,-0.750463,-0.999392,0.000797,-0.000797,-0.984275,0.600000,-0.600000
216,0,0,0,0,S,0,22,34,1,-0.013766,-0.001289,-0.600000,1.000000,-0.999679,-0.600000,-0.600000,0.600000,0.600000,-0.966283,-0.600000,-0.600000,-0.300511,-0.600000,-0.021420,-0.047461,0.600000,-0.176402,0.977417,0.600000,0.163700,-0.999428,-0.600000,-0.966931,-0.999243,0.985550,0.600000,-0.600000,-0.600000,-0.995918,0.600000,-0.000751,-0.600000,-0.600000,-0.666260,-0.770965,-0.993847,-0.600000,-0.600000,0.300511,-0.600000,0.985550,-0.666260,0.600000,-0.013766,-0.600000,-0.013766,-0.072918,0.600000,-0.600000,-0.600000,0.600000,0.600000,0.600000,0.780521,0.998204,-0.600000,-0.999428,-0.600000,0.072918,-0.600000,0.723514,-0.031995,0.032949,-0.985400,-0.750463,-0.999428,0.000751,-0.000751,-0.985179,0.600000,-0.600000
217,0,0,0,1,N,0,20,33,1,-0.013766,-0.001214,-0.600000,1.000000,-0.999679,-0.600000,-0.600000,0.600000,0.600000,-0.966283,-0.600000,-0.600000,-0.300511,-0.600000,-0.021420,-0.047461,0.600000,-0.176402,0.977417,0.600000,0.158957,-0.999461,-0.600000,-0.966931,-0.999243,0.985550,0.600000,-0.600000,-0.600000,-0.995918,0.600000,-0.000707,-0.600000,-0.600000,-0.666260,-0.777095,-0.993847,-0.600000,-0.600000,0.300511,-0.600000,0.985550,-0.666260,0.600000,-0.013766,-0.600000,-0.013766,-0.072918,0.600000,-0.600000,-0.600000,0.600000,0.600000,0.600000,0.780521,0.998204,-0.600000,-0.999461,-0.600000,0.072918,-0.600000,0.723514,-0.031995,0.031086,-0.986240,-0.750463,-0.999461,0.000707,-0.000707,-0.986032,0.600000,-0.600000
218,1,1,0,0,N,0,18,32,1,-0.013766,-0.001143,-0.600000,1.000000,-0.999679,-0.600000,-0.600000,0.600000,0.600000,-0.966283,-0.600000,-0.600000,-0.300511,-0.600000,-0.021420,-0.047461,0.600000,-0.175676,0.977417,0.600000,0.158289,-0.999493,-0.600000,-0.966931,-0.999243,0.985550,0.600000,-0.600000,-0.600000,-0.995918,0.600000,-0.000666,-0.600000,-0.600000,-0.667371,-0.777961,-0.993847,-0.600000,-0.600000,0.300511,-0.600000,0.985550,-0.667371,0.600000,-0.013766,-0.600000,-0.013766,-0.072918,0.600000,-0.600000,-0.600000,0.600000,0.600000,0.600000,0.780521,0.998204,-0.600000,-0.999493,-0.600000,0.072918,-0.600000,0.722514,-0.031995,0.029325,-0.986969,-0.751400,-0.999493,0.000666,-0.000666,-0.986837,0.600000,-0.600000
219,0,0,0,1,N,0,16,31,1,-0.013363,-0.001104,-0.600000,1.000000,-0.999689,-0.600000,-0.600000,0.600000,0.600000,-0.966283,-0.600000,-0.600000,-0.300511,-0.600000,-0.021420,-0.047461,0.600000,-0.175676,0.977417,0.600000,0.154326,-0.999510,-0.600000,-0.966931,-0.999243,0.985550,0.600000,-0.600000,-0.600000,-0.996038,0.600000,-0.000643,-0.600000,-0.600000,-0.667371,-0.783107,-0.994028,-0.600000,-0.600000,0.300511,-0.600000,0.985550,-0.667371,0.600000,-0.013363,-0.600000,-0.013363,-0.072918,0.600000,-0.600000,-0.600000,0.600000,0.600000,0.600000,0.785624,0.998257,-0.600000,-0.999510,-0.600000,0.072918,-0.600000,0.722514,-0.031995,0.028342,-0.987412,-0.751400,-0.999510,0.000643,-0.000643,-0.987285,0.600000,-0.600000
220,0,0,1,0,N,0,14,30,1,-0.013166,-0.001060,-0.600000,1.000000,-0.999693,-0.600000,-0.600000,0.600000,0.600000,-0.966283,-0.600000,-0.600000,-0.297364,-0.600000,-0.021420,-0.047461,0.600000,-0.173510,0.977417,0.600000,0.154326,-0.999529,-0.600000,-0.966931,-0.999243,0.985550,0.600000,-0.600000,-0.600000,-0.996097,0.600000,-0.000620,-0.600000,-0.600000,-0.667371,-0.780552,-0.994117,-0.600000,-0.600000,0.297364,-0.600000,0.985550,-0.667371,0.600000,-0.013166,-0.600000,-0.013166,-0.072918,0.600000,-0.600000,-0.600000,0.600000,0.600000,0.600000,0.788143,0.998309,-0.600000,-0.999529,-0.600000,0.072918,-0.600000,0.725514,-0.031995,0.027392,-0.988080,-0.751400,-0.999529,0.000620,-0.000620,-0.987718,0.600000,-0.600000
221,0,0,1,0,W,0,12,31,1,-0.013166,-0.000999,-0.600000,1.000000,-0.999693,-0.600000,-0.600000,0.600000,0.600000,-0.966283,-0.600000,-0.600000,-0.297364,-0.600000,-0.021420,-0.047461,0.600000,-0.173510,0.977417,0.600000,0.154326,-0.999557,-0.600000,-0.966931,-0.999243,0.985550,0.600000,-0.600000,-0.600000,-0.996097,0.600000,-0.000584,-0.600000,-0.600000,-0.667371,-0.780552,-0.994117,-0.600000,-0.600000,0.297364,-0.600000,0.985550,-0.667371,0.600000,-0.013166,-0.600000,-0.013166,-0.072918,0.600000,-0.600000,-0.600000,0.600000,0.600000,0.600000,0.788143,0.998309,-0.600000,-0.999557,-0.600000,0.072918,-0.600000,0.725514,-0.031995,0.025834,-0.988768,-0.751400,-0.999557,0.000584,-0.000584,-0.988427,0.600000,-0.600000
222,1,0,0,0,N,0,10,30,1,-0.013166,-0.000940,-0.600000,1.000000,-0.999693,-0.600000,-0.600000,0.600000,0.600000,-0.966283,-0.600000,-0.600000,-0.297364,-0.600000,-0.021420,-0.047461,0.600000,-0.173510,0.977417,0.600000,0.154326,-0.999583,-0.600000,-0.966931,-0.999243,0.985550,0.600000,-0.600000,-0.600000,-0.996097,0.600000,-0.000550,-0.600000,-0.600000,-0.667371,-0.780552,-0.994117,-0.600000,-0.600000,0.297364,-0.600000,0.985550,-0.667371,0.600000,-0.013166,-0.600000,-0.013166,-0.072918,0.600000,-0.600000,-0.600000,0.600000,0.600000,0.600000,0.788143,0.998309,-0.600000,-0.999583,-0.600000,0.072918,-0.600000,0.725514,-0.031995,0.024363,-0.989417,-0.751400,-0.999583,0.000550,-0.000550,-0.989095,0.600000,-0.600000
223,1,0,0,0,N,0,8,29,1,-0.012407,-0.000926,-0.600000,1.000000,-0.999718,-0.600000,-0.600000,0.600000,0.600000,-0.967090,-0.600000,-0.600000,-0.296320,-0.600000,-0.020393,-0.047914,0.600000,-0.172793,0.978604,0.600000,0.154326,-0.999589,-0.600000,-0.967723,-0.999276,0.985833,0.600000,-0.600000,-0.600000,-0.996433,0.600000,-0.000542,-0.600000,-0.600000,-0.660684,-0.779695,-0.994458,-0.600000,-0.600000,0.296320,-0.600000,0.985833,-0.660684,0.600000,-0.012407,-0.600000,-0.012407,-0.071243,0.600000,-0.600000,-0.600000,0.600000,0.600000,0.600000,0.794755,0.998415,-0.600000,-0.999589,-0.600000,0.071243,-0.600000,0.726510,-0.031380,0.024480,-0.989418,-0.751400,-0.999589,0.000542,-0.000542,-0.989042,0.600000,-0.600000
224,1,1,1,0,N,0,6,28,1,-0.011750,-0.000912,-0.600000,1.000000,-0.999739,-0.600000,-0.600000,0.600000,0.600000,-0.967722,-0.600000,-0.600000,-0.287014,-0.600000,-0.019318,-0.048142,0.600000,-0.159592,0.979631,0.600000,0.154326,-0.999595,-0.600000,-0.968343,-0.999308,0.986179,0.600000,-0.600000,-0.600000,-0.996724,0.600000,-0.000539,-0.600000,-0.600000,-0.665159,-0.771879,-0.994754,-0.600000,-0.600000,0.287014,-0.600000,0.986179,-0.665159,0.600000,-0.011750,-0.600000,-0.011750,-0.069928,0.600000,-0.600000,-0.600000,0.600000,0.600000,0.600000,0.799615,0.998567,-0.600000,-0.999595,-0.600000,0.069928,-0.600000,0.725516,-0.030627,0.024961,-0.989261,-0.760633,-0.999595,0.000539,-0.000539,-0.988824,0.600000,-0.600000
225,1,1,1,0,stay,1,29,28,1,-0.011634,-0.000872,-0.600000,1.000000,-0.999744,-0.600000,-0.600000,0.600000,0.600000,-0.968034,-0.600000,-0.600000,-0.282934,-0.600000,-0.018941,-0.048602,0.600000,-0.154282,0.980126,0.600000,0.154326,-0.999613,-0.600000,-0.968649,-0.999319,0.986247,0.600000,-0.600000,-0.600000,-0.996805,0.600000,-0.000518,-0.600000,-0.600000,-0.666274,-0.768343,-0.994806,-0.600000,-0.600000,0.282934,-0.600000,0.986247,-0.666274,0.600000,-0.011634,-0.600000,-0.011634,-0.069279,0.600000,-0.600000,-0.600000,0.600000,0.600000,0.600000,0.800416,0.998609,-0.600000,-0.999613,-0.600000,0.069279,-0.600000,0.725516,-0.030479,0.024120,-0.989679,-0.764261,-0.999613,0.000518,-0.000518,-0.989205,0.600000,-0.600000
226,1,0,0,0,W,0,27,29,1,-0.011634,-0.000821,-0.600000,1.000000,-0.999744,-0.600000,-0.600000,0.600000,0.600000,-0.968034,-0.600000,-0.600000,-0.282934,-0.600000,-0.018941,-0.048602,0.600000,-0.154282,0.980126,0.600000,0.154326,-0.999636,-0.600000,-0.968649,-0.999319,0.986247,0.600000,-0.600000,-0.600000,-0.996805,0.600000,-0.000488,-0.600000,-0.600000,-0.666274,-0.768343,-0.994806,-0.600000,-0.600000,0.282934,-0.600000,0.986247,-0.666274,0.600000,-0.011634,-0.600000,-0.011634,-0.069279,0.600000,-0.600000,-0.600000,0.600000,0.600000,0.600000,0.800416,0.998609,-0.600000,-0.999636,-0.600000,0.069279,-0.600000,0.725516,-0.030479,0.022745,-0.990275,-0.764261,-0.999636,0.000488,-0.000488,-0.989829,0.600000,-0.600000
227,0,1,0,0,N,0,25,28,1,-0.011017,-0.000813,-0.600000,1.000000,-0.999763,-0.600000,-0.600000,0.600000,0.600000,-0.968648,-0.600000,-0.600000,-0.282934,-0.600000,-0.018210,-0.046781,0.600000,-0.151042,0.980513,0.600000,0.154326,-0.999639,-0.600000,-0.969252,-0.999358,0.986780,0.600000,-0.600000,-0.600000,-0.996976,0.600000,-0.000481,-0.600000,-0.600000,-0.671814,-0.768343,-0.995083,-0.600000,-0.600000,0.282934,-0.600000,0.986780,-0.671814,0.600000,-0.011017,-0.600000,-0.011017,-0.067998,0.600000,-0.600000,-0.600000,0.600000,0.600000,0.600000,0.802805,0.998684,-0.600000,-0.999639,-0.600000,0.067998,-0.600000,0.720515,-0.029316,0.023304,-0.989734,-0.768741,-0.999639,0.000481,-0.000481,-0.989575,0.600000,-0.600000
228,0,1,0,0,stay,1,29,28,1,-0.010800,-0.000797,-0.600000,1.000000,-0.999773,-0.600000,-0.600000,0.600000,0.600000,-0.969400,-0.600000,-0.600000,-0.282934,-0.600000,-0.017767,-0.045676,0.600000,-0.146601,0.980986,0.600000,0.154326,-0.999646,-0.600000,-0.969990,-0.999390,0.987103,0.600000,-0.600000,-0.600000,-0.997036,0.600000,-0.000469,-0.600000,-0.600000,-0.679491,-0.768343,-0.995180,-0.600000,-0.600000,0.282934,-0.600000,0.987103,-0.679491,0.600000,-0.010800,-0.600000,-0.010800,-0.066427,0.600000,-0.600000,-0.600000,0.600000,0.600000,0.600000,0.802020,0.998710,-0.600000,-0.999646,-0.600000,0.066427,-0.600000,0.713421,-0.028611,0.023302,-0.989322,-0.774913,-0.999646,0.000469,-0.000469,-0.989576,0.600000,-0.600000
229,0,0,0,0,W,0,27,29,1,-0.010800,-0.000751,-0.600000,1.000000,-0.999773,-0.600000,-0.600000,0.600000,0.600000,-0.969400,-0.600000,-0.600000,-0.282934,-0.600000,-0.017767,-0.045676,0.600000,-0.146601,0.980986,0.600000,0.154326,-0.999667,-0.600000,-0.969990,-0.999390,0.987103,0.600000,-0.600000,-0.600000,-0.997036,0.600000,-0.000441,-0.600000,-0.600000,-0.679491,-0.768343,-0.995180,-0.600000,-0.600000,0.282934,-0.600000,0.987103,-0.679491,0.600000,-0.010800,-0.600000,-0.010800,-0.066427,0.600000,-0.600000,-0.600000,0.600000,0.600000,0.600000,0.802020,0.998710,-0.600000,-0.999667,-0.600000,0.066427,-0.600000,0.713421,-0.028611,0.021972,-0.989939,-0.774913,-0.999667,0.000441,-0.000441,-0.990179,0.600000,-0.600000
230,1,0,0,0,N,0,25,28,1,-0.010800,-0.000707,-0.600000,1.000000,-0.999773,-0.600000,-0.600000,0.600000,0.600000,-0.969400,-0.600000,-0.600000,-0.282934,-0.600000,-0.017767,-0.045676,0.600000,-0.146601,0.980986,0.600000,0.154326,-0.999686,-0.600000,-0.969990,-0.999390,0.987103,0.600000,-0.600000,-0.600000,-0.997036,0.600000,-0.000416,-0.600000,-0.600000,-0.679491,-0.768343,-0.995180,-0.600000,-0.600000,0.282934,-0.600000,0.987103,-0.679491,0.600000,-0.010800,-0.600000,-0.010800,-0.066427,0.600000,-0.600000,-0.600000,0.600000,0.600000,0.600000,0.802020,0.998710,-0.600000,-0.999686,-0.600000,0.066427,-0.600000,0.713421,-0.028611,0.020716,-0.990520,-0.774913,-0.999686,0.000416,-0.000416,-0.990747,0.600000,-0.600000
231,0,1,0,0,N,0,23,27,1,-0.010227,-0.000700,-0.600000,1.000000,-0.999790,-0.600000,-0.600000,0.600000,0.600000,-0.969990,-0.600000,-0.600000,-0.282934,-0.600000,-0.017081,-0.043960,0.600000,-0.143496,0.981356,0.600000,0.154326,-0.999690,-0.600000,-0.970568,-0.999425,0.987604,0.600000,-0.600000,-0.600000,-0.997194,0.600000,-0.000409,-0.600000,-0.600000,-0.684916,-0.768343,-0.995438,-0.600000,-0.600000,0.282934,-0.600000,0.987604,-0.684916,0.600000,-0.010227,-0.600000,-0.010227,-0.065195,0.600000,-0.600000,-0.600000,0.600000,0.600000,0.600000,0.804395,0.998779,-0.600000,-0.999690,-0.600000,0.065195,-0.600000,0.708288,-0.027518,0.021226,-0.989993,-0.779249,-0.999690,0.000409,-0.000409,-0.990516,0.600000,-0.600000
232,0,1,0,0,stay,1,29,27,1,-0.010076,-0.000682,-0.600000,1.000000,-0.999798,-0.600000,-0.600000,0.600000,0.600000,-0.970711,-0.600000,-0.600000,-0.282934,-0.600000,-0.016748,-0.043125,0.600000,-0.139841,0.981809,0.600000,0.154326,-0.999697,-0.600000,-0.971276,-0.999451,0.987847,0.600000,-0.600000,-0.600000,-0.997236,0.600000,-0.000399,-0.600000,-0.600000,-0.691360,-0.768343,-0.995506,-0.600000,-0.600000,0.282934,-0.600000,0.987847,-0.691360,0.600000,-0.010076,-0.600000,-0.010076,-0.063684,0.600000,-0.600000,-0.600000,0.600000,0.600000,0.600000,0.803613,0.998797,-0.600000,-0.999697,-0.600000,0.063684,-0.600000,0.702058,-0.026986,0.021121,-0.989744,-0.784374,-0.999697,0.000399,-0.000399,-0.990564,0.600000,-0.600000
233,0,0,0,0,W,0,27,28,1,-0.010076,-0.000643,-0.600000,1.000000,-0.999798,-0.600000,-0.600000,0.600000,0.600000,-0.970711,-0.600000,-0.600000,-0.282934,-0.600000,-0.016748,-0.043125,0.600000,-0.139841,0.981809,0.600000,0.154326,-0.999715,-0.600000,-0.971276,-0.999451,0.987847,0.600000,-0.600000,-0.600000,-0.997236,0.600000,-0.000376,-0.600000,-0.600000,-0.691360,-0.768343,-0.995506,-0.600000,-0.600000,0.282934,-0.600000,0.987847,-0.691360,0.600000,-0.010076,-0.600000,-0.010076,-0.063684,0.600000,-0.600000,-0.600000,0.600000,0.600000,0.600000,0.803613,0.998797,-0.600000,-0.999715,-0.600000,0.063684,-0.600000,0.702058,-0.026986,0.019912,-0.990337,-0.784374,-0.999715,0.000376,-0.000376,-0.991110,0.600000,-0.600000
234,1,0,0,0,W,0,25,29,1,-0.010076,-0.000605,-0.600000,1.000000,-0.999798,-0.600000,-0.600000,0.600000,0.600000,-0.970711,-0.600000,-0.600000,-0.282934,-0.600000,-0.016748,-0.043125,0.600000,-0.139841,0.981809,0.600000,0.154326,-0.999732,-0.600000,-0.971276,-0.999451,0.987847,0.600000,-0.600000,-0.600000,-0.997236,0.600000,-0.000354,-0.600000,-0.600000,-0.691360,-0.768343,-0.995506,-0.600000,-0.600000,0.282934,-0.600000,0.987847,-0.691360,0.600000,-0.010076,-0.600000,-0.010076,-0.063684,0.600000,-0.600000,-0.600000,0.600000,0.600000,0.600000,0.803613,0.998797,-0.600000,-0.999732,-0.600000,0.063684,-0.600000,0.702058,-0.026986,0.018772,-0.990896,-0.784374,-0.999732,0.000354,-0.000354,-0.991624,0.600000,-0.600000
235,0,0,0,1,N,0,23,28,1,-0.009684,-0.000590,-0.600000,1.000000,-0.999808,-0.600000,-0.600000,0.600000,0.600000,-0.970994,-0.600000,-0.600000,-0.282934,-0.600000,-0.016421,-0.042306,0.600000,-0.139841,0.981987,0.600000,0.151729,-0.999738,-0.600000,-0.971554,-0.999467,0.988085,0.600000,-0.600000,-0.600000,-0.997344,0.600000,-0.000344,-0.600000,-0.600000,-0.691360,-0.771889,-0.995682,-0.600000,-0.600000,0.282934,-0.600000,0.988085,-0.691360,0.600000,-0.009684,-0.600000,-0.009684,-0.063089,0.600000,-0.600000,-0.600000,0.600000,0.600000,0.600000,0.806757,0.998844,-0.600000,-0.999738,-0.600000,0.063089,-0.600000,0.702058,-0.026465,0.018587,-0.990942,-0.784374,-0.999738,0.000344,-0.000344,-0.991708,0.600000,-0.600000
236,0,0,0,1,stay,1,29,28,1,-0.009493,-0.000576,-0.600000,1.000000,-0.999815,-0.600000,-0.600000,0.600000,0.600000,-0.971553,-0.600000,-0.600000,-0.282934,-0.600000,-0.016021,-0.041302,0.600000,-0.139240,0.982338,0.600000,0.147902,-0.999745,-0.600000,-0.972103,-0.999491,0.988377,0.600000,-0.600000,-0.600000,-0.997397,0.600000,-0.000335,-0.600000,-0.600000,-0.692427,-0.777135,-0.995767,-0.600000,-0.600000,0.282934,-0.600000,0.988377,-0.692427,0.600000,-0.009493,-0.600000,-0.009493,-0.061915,0.600000,-0.600000,-0.600000,0.600000,0.600000,0.600000,0.805980,0.998867,-0.600000,-0.999745,-0.600000,0.061915,-0.600000,0.701012,-0.025827,0.018585,-0.990898,-0.785219,-0.999745,0.000335,-0.000335,-0.991709,0.600000,-0.600000
237,1,0,0,1,W,0,27,29,1,-0.009260,-0.000561,-0.600000,1.000000,-0.999822,-0.600000,-0.600000,0.600000,0.600000,-0.971829,-0.600000,-0.600000,-0.282934,-0.600000,-0.015707,-0.041301,0.600000,-0.138043,0.982684,0.600000,0.144154,-0.999751,-0.600000,-0.972373,-0.999501,0.988491,0.600000,-0.600000,-0.600000,-0.997486,0.600000,-0.000323,-0.600000,-0.600000,-0.692431,-0.782295,-0.995871,-0.600000,-0.600000,0.282934,-0.600000,0.988491,-0.692431,0.600000,-0.009260,-0.600000,-0.009260,-0.061335,0.600000,-0.600000,-0.600000,0.600000,0.600000,0.600000,0.808321,0.998895,-0.600000,-0.999751,-0.600000,0.061335,-0.600000,0.698914,-0.025576,0.018133,-0.990944,-0.786904,-0.999751,0.000323,-0.000323,-0.991913,0.600000,-0.600000
238,0,1,1,0,W,0,25,30,1,-0.008900,-0.000553,-0.600000,1.000000,-0.999831,-0.600000,-0.600000,0.600000,0.600000,-0.972238,-0.600000,-0.600000,-0.278890,-0.600000,-0.015325,-0.040320,0.600000,-0.131609,0.982938,0.600000,0.143537,-0.999755,-0.600000,-0.972774,-0.999520,0.988773,0.600000,-0.600000,-0.600000,-0.997585,0.600000,-0.000319,-0.600000,-0.600000,-0.699841,-0.779736,-0.996033,-0.600000,-0.600000,0.278890,-0.600000,0.988773,-0.699841,0.600000,-0.008900,-0.600000,-0.008900,-0.060475,0.600000,-0.600000,-0.600000,0.600000,0.600000,0.600000,0.810643,0.998960,-0.600000,-0.999755,-0.600000,0.060475,-0.600000,0.695751,-0.024959,0.018310,-0.990717,-0.792722,-0.999755,0.000319,-0.000319,-0.991833,0.600000,-0.600000
239,0,1,1,0,stay,1,29,30,1,-0.008426,-0.000553,-0.600000,1.000000,-0.999845,-0.600000,-0.600000,0.600000,0.600000,-0.973038,-0.600000,-0.600000,-0.272890,-0.600000,-0.014443,-0.038057,0.600000,-0.124877,0.983435,0.600000,0.143537,-0.999755,-0.600000,-0.973560,-0.999562,0.989422,0.600000,-0.600000,-0.600000,-0.997714,0.600000,-0.000319,-0.600000,-0.600000,-0.706112,-0.774547,-0.996245,-0.600000,-0.600000,0.272890,-0.600000,0.989422,-0.706112,0.600000,-0.008426,-0.600000,-0.008426,-0.058790,0.600000,-0.600000,-0.600000,0.600000,0.600000,0.600000,0.809875,0.999045,-0.600000,-0.999755,-0.600000,0.058790,-0.600000,0.695751,-0.023536,0.019418,-0.990151,-0.797615,-0.999755,0.000319,-0.000319,-0.991333,0.600000,-0.600000
240,0,1,1,0,stay,0,28,30,1,-0.008343,-0.000526,-0.600000,1.000000,-0.999847,-0.600000,-0.600000,0.600000,0.600000,-0.973169,-0.600000,-0.600000,-0.271898,-0.600000,-0.014443,-0.038057,0.600000,-0.123244,0.983516,0.600000,0.143537,-0.999767,-0.600000,-0.973688,-0.999564,0.989422,0.600000,-0.600000,-0.600000,-0.997737,0.600000,-0.000306,-0.600000,-0.600000,-0.708185,-0.773674,-0.996282,-0.600000,-0.600000,0.271898,-0.600000,0.989422,-0.708185,0.600000,-0.008343,-0.600000,-0.008343,-0.058513,0.600000,-0.600000,-0.600000,0.600000,0.600000,0.600000,0.811413,0.999059,-0.600000,-0.999767,-0.600000,0.058513,-0.600000,0.694695,-0.023536,0.018669,-0.990581,-0.799227,-0.999767,0.000306,-0.000306,-0.991671,0.600000,-0.600000
241,0,1,0,1,N,0,26,29,1,-0.008343,-0.000495,-0.600000,1.000000,-0.999847,-0.600000,-0.600000,0.600000,0.600000,-0.973169,-0.600000,-0.600000,-0.271898,-0.600000,-0.014443,-0.038057,0.600000,-0.120563,0.983516,0.600000,0.139882,-0.999780,-0.600000,-0.973688,-0.999564,0.989422,0.600000,-0.600000,-0.600000,-0.997737,0.600000,-0.000288,-0.600000,-0.600000,-0.713330,-0.778891,-0.996282,-0.600000,-0.600000,0.271898,-0.600000,0.989422,-0.713330,0.600000,-0.008343,-0.600000,-0.008343,-0.058513,0.600000,-0.600000,-0.600000,0.600000,0.600000,0.600000,0.811413,0.999059,-0.600000,-0.999780,-0.600000,0.058513,-0.600000,0.689372,-0.023536,0.017598,-0.990903,-0.803215,-0.999780,0.000288,-0.000288,-0.992153,0.600000,-0.600000
242,0,0,0,1,W,0,24,30,1,-0.008058,-0.000473,-0.600000,1.000000,-0.999854,-0.600000,-0.600000,0.600000,0.600000,-0.973430,-0.600000,-0.600000,-0.270908,-0.600000,-0.014231,-0.037510,0.600000,-0.118452,0.983678,0.600000,0.135130,-0.999790,-0.600000,-0.973944,-0.999575,0.989578,0.600000,-0.600000,-0.600000,-0.997815,0.600000,-0.000276,-0.600000,-0.600000,-0.716390,-0.784871,-0.996410,-0.600000,-0.600000,0.270908,-0.600000,0.989578,-0.716390,0.600000,-0.008058,-0.600000,-0.008058,-0.057963,0.600000,-0.600000,-0.600000,0.600000,0.600000,0.600000,0.814464,0.999096,-0.600000,-0.999790,-0.600000,0.057963,-0.600000,0.687228,-0.023193,0.017085,-0.991083,-0.805578,-0.999790,0.000276,-0.000276,-0.992384,0.600000,-0.600000
243,0,0,1,0,N,0,22,29,1,-0.007821,-0.000469,-0.600000,1.000000,-0.999862,-0.600000,-0.600000,0.600000,0.600000,-0.974070,-0.600000,-0.600000,-0.264043,-0.600000,-0.013883,-0.036616,0.600000,-0.114839,0.984076,0.600000,0.135130,-0.999792,-0.600000,-0.974572,-0.999596,0.989833,0.600000,-0.600000,-0.600000,-0.997879,0.600000,-0.000274,-0.600000,-0.600000,-0.716390,-0.778910,-0.996516,-0.600000,-0.600000,0.264043,-0.600000,0.989833,-0.716390,0.600000,-0.007821,-0.600000,-0.007821,-0.056610,0.600000,-0.600000,-0.600000,0.600000,0.600000,0.600000,0.815231,0.999153,-0.600000,-0.999792,-0.600000,0.056610,-0.600000,0.694709,-0.022632,0.017423,-0.991259,-0.805578,-0.999792,0.000274,-0.000274,-0.992232,0.600000,-0.600000
244,0,0,1,0,stay,0,21,29,1,-0.007591,-0.000469,-0.600000,1.000000,-0.999870,-0.600000,-0.600000,0.600000,0.600000,-0.974819,-0.600000,-0.600000,-0.258247,-0.600000,-0.013477,-0.035570,0.600000,-0.111819,0.984540,0.600000,0.135130,-0.999792,-0.600000,-0.975307,-0.999619,0.990131,0.600000,-0.600000,-0.600000,-0.997942,0.600000,-0.000274,-0.600000,-0.600000,-0.716390,-0.773708,-0.996619,-0.600000,-0.600000,0.258247,-0.600000,0.990131,-0.716390,0.600000,-0.007591,-0.600000,-0.007591,-0.055026,0.600000,-0.600000,-0.600000,0.600000,0.600000,0.600000,0.815245,0.999202,-0.600000,-0.999792,-0.600000,0.055026,-0.600000,0.701040,-0.021976,0.017943,-0.991259,-0.805578,-0.999792,0.000274,-0.000274,-0.991998,0.600000,-0.600000
245,0,0,1,0,stay,0,20,29,1,-0.007295,-0.000469,-0.600000,1.000000,-0.999879,-0.600000,-0.600000,0.600000,0.600000,-0.975547,-0.600000,-0.600000,-0.252536,-0.600000,-0.012955,-0.034220,0.600000,-0.108868,0.984991,0.600000,0.135130,-0.999792,-0.600000,-0.976021,-0.999645,0.990516,0.600000,-0.600000,-0.600000,-0.998023,0.600000,-0.000273,-0.600000,-0.600000,-0.716390,-0.768420,-0.996751,-0.600000,-0.600000,0.252536,-0.600000,0.990516,-0.716390,0.600000,-0.007295,-0.600000,-0.007295,-0.053483,0.600000,-0.600000,-0.600000,0.600000,0.600000,0.600000,0.815255,0.999256,-0.600000,-0.999792,-0.600000,0.053483,-0.600000,0.707296,-0.021131,0.018569,-0.991172,-0.805578,-0.999792,0.000273,-0.000273,-0.991716,0.600000,-0.600000
246,0,0,1,0,stay,0,19,29,1,-0.007010,-0.000466,-0.600000,1.000000,-0.999889,-0.600000,-0.600000,0.600000,0.600000,-0.976600,-0.600000,-0.600000,-0.246908,-0.600000,-0.012452,-0.032919,0.600000,-0.105986,0.985644,0.600000,0.135130,-0.999793,-0.600000,-0.977054,-0.999674,0.990885,0.600000,-0.600000,-0.600000,-0.998100,0.600000,-0.000269,-0.600000,-0.600000,-0.716390,-0.763046,-0.996879,-0.600000,-0.600000,0.246908,-0.600000,0.990885,-0.716390,0.600000,-0.007010,-0.600000,-0.007010,-0.051245,0.600000,-0.600000,-0.600000,0.600000,0.600000,0.600000,0.815274,0.999307,-0.600000,-0.999793,-0.600000,0.051245,-0.600000,0.713474,-0.020317,0.019029,-0.991129,-0.805578,-0.999793,0.000269,-0.000269,-0.991509,0.600000,-0.600000
247,0,0,1,0,stay,0,18,29,1,-0.006804,-0.000466,-0.600000,1.000000,-0.999895,-0.600000,-0.600000,0.600000,0.600000,-0.977278,-0.600000,-0.600000,-0.241365,-0.600000,-0.012087,-0.031975,0.600000,-0.103172,0.986063,0.600000,0.135130,-0.999793,-0.600000,-0.977719,-0.999693,0.991153,0.600000,-0.600000,-0.600000,-0.998157,0.600000,-0.000269,-0.600000,-0.600000,-0.716390,-0.757586,-0.996971,-0.600000,-0.600000,0.241365,-0.600000,0.991153,-0.716390,0.600000,-0.006804,-0.600000,-0.006804,-0.049803,0.600000,-0.600000,-0.600000,0.600000,0.600000,0.600000,0.815288,0.999347,-0.600000,-0.999793,-0.600000,0.049803,-0.600000,0.719574,-0.019727,0.019596,-0.991129,-0.805578,-0.999793,0.000269,-0.000269,-0.991253,0.600000,-0.600000
248,0,0,1,0,stay,0,17,29,1,-0.006441,-0.000466,-0.600000,1.000000,-0.999907,-0.600000,-0.600000,0.600000,0.600000,-0.978575,-0.600000,-0.600000,-0.233211,-0.600000,-0.011446,-0.030312,0.600000,-0.099074,0.986866,0.600000,0.135130,-0.999793,-0.600000,-0.978992,-0.999727,0.991623,0.600000,-0.600000,-0.600000,-0.998255,0.600000,-0.000266,-0.600000,-0.600000,-0.716390,-0.749237,-0.997133,-0.600000,-0.600000,0.233211,-0.600000,0.991623,-0.716390,0.600000,-0.006441,-0.600000,-0.006441,-0.047033,0.600000,-0.600000,-0.600000,0.600000,0.600000,0.600000,0.815314,0.999409,-0.600000,-0.999793,-0.600000,0.047033,-0.600000,0.728574,-0.018689,0.020477,-0.991041,-0.805578,-0.999793,0.000266,-0.000266,-0.990855,0.600000,-0.600000
249,0,0,1,0,stay,0,16,29,1,-0.006159,-0.000466,-0.600000,1.000000,-0.999915,-0.600000,-0.600000,0.600000,0.600000,-0.979601,-0.600000,-0.600000,-0.226125,-0.600000,-0.010947,-0.029014,0.600000,-0.095553,0.987500,0.600000,0.135130,-0.999793,-0.600000,-0.979999,-0.999752,0.991990,0.600000,-0.600000,-0.600000,-0.998332,0.600000,-0.000265,-0.600000,-0.600000,-0.716390,-0.741656,-0.997259,-0.600000,-0.600000,0.226125,-0.600000,0.991990,-0.716390,0.600000,-0.006159,-0.600000,-0.006159,-0.044837,0.600000,-0.600000,-0.600000,0.600000,0.600000,0.600000,0.815336,0.999458,-0.600000,-0.999793,-0.600000,0.044837,-0.600000,0.736421,-0.017879,0.021293,-0.990996,-0.805578,-0.999793,0.000265,-0.000265,-0.990486,0.600000,-0.600000
250,0,0,1,0,stay,0,15,29,1,-0.005889,-0.000464,-0.600000,1.000000,-0.999922,-0.600000,-0.600000,0.600000,0.600000,-0.980484,-0.600000,-0.600000,-0.220911,-0.600000,-0.010521,-0.027905,0.600000,-0.092987,0.988045,0.600000,0.135130,-0.999794,-0.600000,-0.980864,-0.999772,0.992302,0.600000,-0.600000,-0.600000,-0.998406,0.600000,-0.000261,-0.600000,-0.600000,-0.716390,-0.735874,-0.997380,-0.600000,-0.600000,0.220911,-0.600000,0.992302,-0.716390,0.600000,-0.005889,-0.600000,-0.005889,-0.042945,0.600000,-0.600000,-0.600000,0.600000,0.600000,0.600000,0.816107,0.999497,-0.600000,-0.999794,-0.600000,0.042945,-0.600000,0.742209,-0.017189,0.021819,-0.990952,-0.805578,-0.999794,0.000261,-0.000261,-0.990248,0.600000,-0.600000
251,1,0,0,1,N,0,13,28,1,-0.005889,-0.000450,-0.600000,1.000000,-0.999922,-0.600000,-0.600000,0.600000,0.600000,-0.980484,-0.600000,-0.600000,-0.220911,-0.600000,-0.010521,-0.027905,0.600000,-0.092987,0.988045,0.600000,0.131656,-0.999800,-0.600000,-0.980864,-0.999772,0.992302,0.600000,-0.600000,-0.600000,-0.998406,0.600000,-0.000253,-0.600000,-0.600000,-0.716390,-0.741670,-0.997380,-0.600000,-0.600000,0.220911,-0.600000,0.992302,-0.716390,0.600000,-0.005889,-0.600000,-0.005889,-0.042945,0.600000,-0.600000,-0.600000,0.600000,0.600000,0.600000,0.816107,0.999497,-0.600000,-0.999800,-0.600000,0.042945,-0.600000,0.742209,-0.017189,0.021186,-0.991218,-0.805578,-0.999800,0.000253,-0.000253,-0.990535,0.600000,-0.600000
252,1,0,0,0,N,0,11,27,1,-0.005575,-0.000441,-0.600000,1.000000,-0.999928,-0.600000,-0.600000,0.600000,0.600000,-0.980957,-0.600000,-0.600000,-0.220911,-0.600000,-0.010011,-0.028452,0.600000,-0.092145,0.988736,0.600000,0.131656,-0.999804,-0.600000,-0.981329,-0.999781,0.992416,0.600000,-0.600000,-0.600000,-0.998543,0.600000,-0.000247,-0.600000,-0.600000,-0.711294,-0.741670,-0.997520,-0.600000,-0.600000,0.220911,-0.600000,0.992416,-0.711294,0.600000,-0.005575,-0.600000,-0.005575,-0.041927,0.600000,-0.600000,-0.600000,0.600000,0.600000,0.600000,0.822044,0.999524,-0.600000,-0.999804,-0.600000,0.041927,-0.600000,0.740294,-0.016936,0.020978,-0.991175,-0.807142,-0.999804,0.000247,-0.000247,-0.990629,0.600000,-0.600000
253,1,0,0,0,stay,1,29,27,1,-0.005547,-0.000428,-0.600000,1.000000,-0.999929,-0.600000,-0.600000,0.600000,0.600000,-0.981144,-0.600000,-0.600000,-0.220911,-0.600000,-0.009717,-0.029009,0.600000,-0.091727,0.989121,0.600000,0.131656,-0.999810,-0.600000,-0.981511,-0.999784,0.992454,0.600000,-0.600000,-0.600000,-0.998586,0.600000,-0.000239,-0.600000,-0.600000,-0.707176,-0.741670,-0.997532,-0.600000,-0.600000,0.220911,-0.600000,0.992454,-0.707176,0.600000,-0.005547,-0.600000,-0.005547,-0.041526,0.600000,-0.600000,-0.600000,0.600000,0.600000,0.600000,0.822046,0.999526,-0.600000,-0.999810,-0.600000,0.041526,-0.600000,0.739332,-0.016853,0.020469,-0.991349,-0.807921,-0.999810,0.000239,-0.000239,-0.990859,0.600000,-0.600000
254,0,0,1,0,W,0,27,28,1,-0.005547,-0.000403,-0.600000,1.000000,-0.999929,-0.600000,-0.600000,0.600000,0.600000,-0.981144,-0.600000,-0.600000,-0.220911,-0.600000,-0.009717,-0.029009,0.600000,-0.091727,0.989121,0.600000,0.131656,-0.999821,-0.600000,-0.981511,-0.999784,0.992454,0.600000,-0.600000,-0.600000,-0.998586,0.600000,-0.000225,-0.600000,-0.600000,-0.707176,-0.741670,-0.997532,-0.600000,-0.600000,0.220911,-0.600000,0.992454,-0.707176,0.600000,-0.005547,-0.600000,-0.005547,-0.041526,0.600000,-0.600000,-0.600000,0.600000,0.600000,0.600000,0.822046,0.999526,-0.600000,-0.999821,-0.600000,0.041526,-0.600000,0.739332,-0.016853,0.019297,-0.991850,-0.807921,-0.999821,0.000225,-0.000225,-0.991388,0.600000,-0.600000
255,0,0,0,0,W,0,25,29,1,-0.005547,-0.000380,-0.600000,1.000000,-0.999929,-0.600000,-0.600000,0.600000,0.600000,-0.981144,-0.600000,-0.600000,-0.220911,-0.600000,-0.009717,-0.029009,0.600000,-0.091727,0.989121,0.600000,0.131656,-0.999832,-0.600000,-0.981511,-0.999784,0.992454,0.600000,-0.600000,-0.600000,-0.998586,0.600000,-0.000212,-0.600000,-0.600000,-0.707176,-0.741670,-0.997532,-0.600000,-0.600000,0.220911,-0.600000,0.992454,-0.707176,0.600000,-0.005547,-0.600000,-0.005547,-0.041526,0.600000,-0.600000,-0.600000,0.600000,0.600000,0.600000,0.822046,0.999526,-0.600000,-0.999832,-0.600000,0.041526,-0.600000,0.739332,-0.016853,0.018191,-0.992322,-0.807921,-0.999832,0.000212,-0.000212,-0.991887,0.600000,-0.600000
256,0,0,0,1,N,0,23,28,1,-0.005547,-0.000358,-0.600000,1.000000,-0.999929,-0.600000,-0.600000,0.600000,0.600000,-0.981144,-0.600000,-0.600000,-0.220911,-0.600000,-0.009717,-0.029009,0.600000,-0.091727,0.989121,0.600000,0.127698,-0.999841,-0.600000,-0.981511,-0.999784,0.992454,0.600000,-0.600000,-0.600000,-0.998586,0.600000,-0.000200,-0.600000,-0.600000,-0.707176,-0.748327,-0.997532,-0.600000,-0.600000,0.220911,-0.600000,0.992454,-0.707176,0.600000,-0.005547,-0.600000,-0.005547,-0.041526,0.600000,-0.600000,-0.600000,0.600000,0.600000,0.600000,0.822046,0.999526,-0.600000,-0.999841,-0.600000,0.041526,-0.600000,0.739332,-0.016853,0.017148,-0.992767,-0.807921,-0.999841,0.000200,-0.000200,-0.992357,0.600000,-0.600000
257,0,0,0,0,N,0,21,27,1,-0.005547,-0.000337,-0.600000,1.000000,-0.999929,-0.600000,-0.600000,0.600000,0.600000,-0.981144,-0.600000,-0.600000,-0.220911,-0.600000,-0.009717,-0.029009,0.600000,-0.091727,0.989121,0.600000,0.127141,-0.999851,-0.600000,-0.981511,-0.999784,0.992454,0.600000,-0.600000,-0.600000,-0.998586,0.600000,-0.000188,-0.600000,-0.600000,-0.707176,-0.749269,-0.997532,-0.600000,-0.600000,0.220911,-0.600000,0.992454,-0.707176,0.600000,-0.005547,-0.600000,-0.005547,-0.041526,0.600000,-0.600000,-0.600000,0.600000,0.600000,0.600000,0.822046,0.999526,-0.600000,-0.999851,-0.600000,0.041526,-0.600000,0.739332,-0.016853,0.016163,-0.993186,-0.807921,-0.999851,0.000188,-0.000188,-0.992800,0.600000,-0.600000
258,0,0,0,0,N,0,19,26,1,-0.005547,-0.000317,-0.600000,1.000000,-0.999929,-0.600000,-0.600000,0.600000,0.600000,-0.981144,-0.600000,-0.600000,-0.220911,-0.600000,-0.009717,-0.029009,0.600000,-0.091727,0.989121,0.600000,0.127141,-0.999859,-0.600000,-0.981511,-0.999784,0.992454,0.600000,-0.600000,-0.600000,-0.998586,0.600000,-0.000177,-0.600000,-0.600000,-0.707176,-0.749269,-0.997532,-0.600000,-0.600000,0.220911,-0.600000,0.992454,-0.707176,0.600000,-0.005547,-0.600000,-0.005547,-0.041526,0.600000,-0.600000,-0.600000,0.600000,0.600000,0.600000,0.822046,0.999526,-0.600000,-0.999859,-0.600000,0.041526,-0.600000,0.739332,-0.016853,0.015234,-0.993581,-0.807921,-0.999859,0.000177,-0.000177,-0.993217,0.600000,-0.600000
259,0,0,0,0,W,0,17,27,1,-0.005547,-0.000299,-0.600000,1.000000,-0.999929,-0.600000,-0.600000,0.600000,0.600000,-0.981144,-0.600000,-0.600000,-0.220911,-0.600000,-0.009717,-0.029009,0.600000,-0.091727,0.989121,0.600000,0.127141,-0.999868,-0.600000,-0.981511,-0.999784,0.992454,0.600000,-0.600000,-0.600000,-0.998586,0.600000,-0.000167,-0.600000,-0.600000,-0.707176,-0.749269,-0.997532,-0.600000,-0.600000,0.220911,-0.600000,0.992454,-0.707176,0.600000,-0.005547,-0.600000,-0.005547,-0.041526,0.600000,-0.600000,-0.600000,0.600000,0.600000,0.600000,0.822046,0.999526,-0.600000,-0.999868,-0.600000,0.041526,-0.600000,0.739332,-0.016853,0.014357,-0.993954,-0.807921,-0.999868,0.000167,-0.000167,-0.993610,0.600000,-0.600000
260,1,0,0,0,W,0,15,28,1,-0.005547,-0.000281,-0.600000,1.000000,-0.999929,-0.600000,-0.600000,0.600000,0.600000,-0.981144,-0.600000,-0.600000,-0.220911,-0.600000,-0.009717,-0.029009,0.600000,-0.091727,0.989121,0.600000,0.127141,-0.999875,-0.600000,-0.981511,-0.999784,0.992454,0.600000,-0.600000,-0.600000,-0.998586,0.600000,-0.000157,-0.600000,-0.600000,-0.707176,-0.749269,-0.997532,-0.600000,-0.600000,0.220911,-0.600000,0.992454,-0.707176,0.600000,-0.005547,-0.600000,-0.005547,-0.041526,0.600000,-0.600000,-0.600000,0.600000,0.600000,0.600000,0.822046,0.999526,-0.600000,-0.999875,-0.600000,0.041526,-0.600000,0.739332,-0.016853,0.013530,-0.994305,-0.807921,-0.999875,0.000157,-0.000157,-0.993981,0.600000,-0.600000
261,0,0,1,0,W,0,13,29,1,-0.005547,-0.000265,-0.600000,1.000000,-0.999929,-0.600000,-0.600000,0.600000,0.600000,-0.981144,-0.600000,-0.600000,-0.220911,-0.600000,-0.009717,-0.029009,0.600000,-0.091727,0.989121,0.600000,0.127141,-0.999883,-0.600000,-0.981511,-0.999784,0.992454,0.600000,-0.600000,-0.600000,-0.998586,0.600000,-0.000148,-0.600000,-0.600000,-0.707176,-0.749269,-0.997532,-0.600000,-0.600000,0.220911,-0.600000,0.992454,-0.707176,0.600000,-0.005547,-0.600000,-0.005547,-0.041526,0.600000,-0.600000,-0.600000,0.600000,0.600000,0.600000,0.822046,0.999526,-0.600000,-0.999883,-0.600000,0.041526,-0.600000,0.739332,-0.016853,0.012751,-0.994635,-0.807921,-0.999883,0.000148,-0.000148,-0.994331,0.600000,-0.600000
262,0,0,0,0,W,0,11,30,1,-0.005547,-0.000249,-0.600000,1.000000,-0.999929,-0.600000,-0.600000,0.600000,0.600000,-0.981144,-0.600000,-0.600000,-0.220911,-0.600000,-0.009717,-0.029009,0.600000,-0.091727,0.989121,0.600000,0.127141,-0.999889,-0.600000,-0.981511,-0.999784,0.992454,0.600000,-0.600000,-0.600000,-0.998586,0.600000,-0.000139,-0.600000,-0.600000,-0.707176,-0.749269,-0.997532,-0.600000,-0.600000,0.220911,-0.600000,0.992454,-0.707176,0.600000,-0.005547,-0.600000,-0.005547,-0.041526,0.600000,-0.600000,-0.600000,0.600000,0.600000,0.600000,0.822046,0.999526,-0.600000,-0.999889,-0.600000,0.041526,-0.600000,0.739332,-0.016853,0.012015,-0.994947,-0.807921,-0.999889,0.000139,-0.000139,-0.994660,0.600000,-0.600000
263,0,0,0,1,N,0,9,29,1,-0.005547,-0.000235,-0.600000,1.000000,-0.999929,-0.600000,-0.600000,0.600000,0.600000,-0.981144,-0.600000,-0.600000,-0.220911,-0.600000,-0.009717,-0.029009,0.600000,-0.091727,0.989121,0.600000,0.122760,-0.999896,-0.600000,-0.981511,-0.999784,0.992454,0.600000,-0.600000,-0.600000,-0.998586,0.600000,-0.000131,-0.600000,-0.600000,-0.707176,-0.756717,-0.997532,-0.600000,-0.600000,0.220911,-0.600000,0.992454,-0.707176,0.600000,-0.005547,-0.600000,-0.005547,-0.041526,0.600000,-0.600000,-0.600000,0.600000,0.600000,0.600000,0.822046,0.999526,-0.600000,-0.999896,-0.600000,0.041526,-0.600000,0.739332,-0.016853,0.011322,-0.995241,-0.807921,-0.999896,0.000131,-0.000131,-0.994970,0.600000,-0.600000
264,0,0,0,0,N,0,7,28,1,-0.005547,-0.000221,-0.600000,1.000000,-0.999929,-0.600000,-0.600000,0.600000,0.600000,-0.981144,-0.600000,-0.600000,-0.220911,-0.600000,-0.009717,-0.029009,0.600000,-0.091727,0.989121,0.600000,0.122760,-0.999902,-0.600000,-0.981511,-0.999784,0.992454,0.600000,-0.600000,-0.600000,-0.998586,0.600000,-0.000124,-0.600000,-0.600000,-0.707176,-0.756717,-0.997532,-0.600000,-0.600000,0.220911,-0.600000,0.992454,-0.707176,0.600000,-0.005547,-0.600000,-0.005547,-0.041526,0.600000,-0.600000,-0.600000,0.600000,0.600000,0.600000,0.822046,0.999526,-0.600000,-0.999902,-0.600000,0.041526,-0.600000,0.739332,-0.016853,0.010668,-0.995517,-0.807921,-0.999902,0.000124,-0.000124,-0.995262,0.600000,-0.600000
265,0,0,1,1,W,0,5,29,1,-0.005464,-0.000208,-0.600000,1.000000,-0.999931,-0.600000,-0.600000,0.600000,0.600000,-0.981144,-0.600000,-0.600000,-0.218337,-0.600000,-0.009717,-0.029009,0.600000,-0.090482,0.989121,0.600000,0.118509,-0.999908,-0.600000,-0.981511,-0.999784,0.992454,0.600000,-0.600000,-0.600000,-0.998607,0.600000,-0.000117,-0.600000,-0.600000,-0.707176,-0.761303,-0.997569,-0.600000,-0.600000,0.218337,-0.600000,0.992454,-0.707176,0.600000,-0.005464,-0.600000,-0.005464,-0.041526,0.600000,-0.600000,-0.600000,0.600000,0.600000,0.600000,0.824234,0.999540,-0.600000,-0.999908,-0.600000,0.041526,-0.600000,0.742216,-0.016853,0.010102,-0.995841,-0.807921,-0.999908,0.000117,-0.000117,-0.995515,0.600000,-0.600000
266,1,0,0,0,N,0,3,28,1,-0.005437,-0.000199,-0.600000,1.000000,-0.999931,-0.600000,-0.600000,0.600000,0.600000,-0.981144,-0.600000,-0.600000,-0.217483,-0.600000,-0.009574,-0.029433,0.600000,-0.089661,0.989281,0.600000,0.118509,-0.999912,-0.600000,-0.981511,-0.999784,0.992454,0.600000,-0.600000,-0.600000,-0.998635,0.600000,-0.000112,-0.600000,-0.600000,-0.705105,-0.760395,-0.997581,-0.600000,-0.600000,0.217483,-0.600000,0.992454,-0.705105,0.600000,-0.005437,-0.600000,-0.005437,-0.041526,0.600000,-0.600000,-0.600000,0.600000,0.600000,0.600000,0.824958,0.999545,-0.600000,-0.999912,-0.600000,0.041526,-0.600000,0.742219,-0.016853,0.009660,-0.996023,-0.808696,-0.999912,0.000112,-0.000112,-0.995712,0.600000,-0.600000
267,1,1,0,0,N,0,1,27,1,-0.005173,-0.000189,-0.600000,1.000000,-0.999936,-0.600000,-0.600000,0.600000,0.600000,-0.981692,-0.600000,-0.600000,-0.217483,-0.600000,-0.009155,-0.029864,0.600000,-0.084873,0.989902,0.600000,0.118509,-0.999916,-0.600000,-0.982049,-0.999794,0.992566,0.600000,-0.600000,-0.600000,-0.998740,0.600000,-0.000106,-0.600000,-0.600000,-0.711311,-0.760395,-0.997699,-0.600000,-0.600000,0.217483,-0.600000,0.992566,-0.711311,0.600000,-0.005173,-0.600000,-0.005173,-0.040345,0.600000,-0.600000,-0.600000,0.600000,0.600000,0.600000,0.829967,0.999567,-0.600000,-0.999916,-0.600000,0.040345,-0.600000,0.730587,-0.016606,0.009330,-0.995924,-0.817821,-0.999916,0.000106,-0.000106,-0.995860,0.600000,-0.600000
268,1,1,0,0,W,0,0,28,1,-0.005147,-0.000179,-0.600000,1.000000,-0.999937,-0.600000,-0.600000,0.600000,0.600000,-0.981692,-0.600000,-0.600000,-0.217483,-0.600000,-0.009109,-0.030008,0.600000,-0.084098,0.989952,0.600000,0.118509,-0.999921,-0.600000,-0.982049,-0.999794,0.992566,0.600000,-0.600000,-0.600000,-0.998753,0.600000,-0.000101,-0.600000,-0.600000,-0.712340,-0.760395,-0.997710,-0.600000,-0.600000,0.217483,-0.600000,0.992566,-0.712340,0.600000,-0.005147,-0.600000,-0.005147,-0.040345,0.600000,-0.600000,-0.600000,0.600000,0.600000,0.600000,0.830673,0.999569,-0.600000,-0.999921,-0.600000,0.040345,-0.600000,0.728616,-0.016606,0.008834,-0.996103,-0.819309,-0.999921,0.000101,-0.000101,-0.996081,0.600000,-0.600000
