tick,food_sensed_N,food_sensed_E,food_sensed_S,food_sensed_W,movement,food_consumed,energy,manhattan_dist,decision_made,conn_0_1,conn_0_5,conn_0_7,conn_0_8,conn_0_9,conn_1_0,conn_1_1,conn_1_2,conn_1_6,conn_1_7,conn_1_8,conn_1_9,conn_1_10,conn_2_0,conn_2_1,conn_2_2,conn_2_7,conn_2_8,conn_2_10,conn_3_0,conn_3_1,conn_3_2,conn_3_4,conn_3_5,conn_3_7,conn_4_1,conn_4_2,conn_4_3,conn_4_4,conn_4_6,conn_4_7,conn_4_9,conn_5_0,conn_5_1,conn_5_2,conn_5_3,conn_5_5,conn_5_7,conn_5_8,conn_5_9,conn_5_10,conn_6_2,conn_6_4,conn_6_5,conn_6_6,conn_6_8,conn_6_10,conn_7_0,conn_7_1,conn_7_2,conn_7_3,conn_7_4,conn_7_5,conn_7_6,conn_7_7,conn_7_10,conn_8_0,conn_8_6,conn_8_7,conn_8_8,conn_9_0,conn_9_4,conn_9_6,conn_9_8,conn_9_9,conn_9_10,conn_10_0,conn_10_3,conn_10_6,conn_10_7,conn_10_8
0,0,0,0,0,stay,0,30,0,0,-0.600000,1.000000,-0.600000,-0.600000,0.600000,-0.600000,-0.600000,-0.600000,-0.600000,-0.600000,-0.600000,-0.600000,0.600000,-0.600000,-0.600000,0.600000,-0.600000,-0.600000,0.600000,-0.600000,-0.600000,-0.600000,-0.600000,-0.600000,-0.600000,0.600000,0.600000,-0.600000,0.600000,-0.600000,-0.600000,0.600000,0.600000,-0.600000,0.600000,-0.600000,-0.600000,-0.600000,-0.600000,0.600000,0.600000,-0.600000,0.600000,-0.600000,-0.600000,-0.600000,-0.600000,0.600000,-0.600000,-0.600000,0.600000,-0.600000,0.600000,-0.600000,0.600000,0.600000,-0.600000,-0.600000,-0.600000,-0.600000,0.600000,-0.600000,0.600000,-0.600000,0.600000,0.600000,-0.600000,-0.600000,0.600000,-0.600000,-0.600000
1,0,0,0,0,stay,0,29,0,1,-0.600000,1.000000,-0.603596,-0.600000,0.600000,-0.603596,-0.600000,-0.613131,-0.600000,-0.600000,-0.586737,-0.586737,0.600000,-0.600000,-0.586737,0.600000,-0.613131,-0.600000,0.603596,-0.586737,-0.600000,-0.600000,-0.614317,-0.613131,-0.600000,0.600000,0.587948,-0.613131,0.600000,-0.600000,-0.600000,0.600000,0.600000,-0.600000,0.611944,-0.585524,-0.614317,-0.600000,-0.600000,0.600000,0.613131,-0.600000,0.600000,-0.586737,-0.600000,-0.600000,-0.600000,0.600000,-0.600000,-0.600000,0.600000,-0.601200,0.600000,-0.600000,0.611944,0.600000,-0.586737,-0.586737,-0.600000,-0.600000,0.600000,-0.600000,0.600000,-0.600000,0.600000,0.600000,-0.600000,-0.600000,0.614317,-0.600000,-0.586737
2,0,0,1,0,N,0,27,1,1,-0.600000,1.000000,-0.603596,-0.597599,0.600000,-0.601202,-0.600000,-0.627272,-0.600000,-0.600000,-0.585524,-0.572122,0.600000,-0.600000,-0.572122,0.600000,-0.614317,-0.600000,0.603596,-0.585524,-0.600000,-0.600000,-0.628441,-0.627272,-0.600000,0.600000,0.575789,-0.614317,0.600000,-0.600000,-0.600000,0.600000,0.600000,-0.600000,0.621406,-0.570898,-0.628441,-0.600000,-0.600000,0.600000,0.627272,-0.600000,0.600000,-0.585524,-0.600000,-0.600000,-0.600000,0.600000,-0.600000,-0.600000,0.600000,-0.601200,0.600000,-0.600000,0.626103,0.600000,-0.585524,-0.585524,-0.600000,-0.600000,0.597599,-0.600000,0.600000,-0.600000,0.600000,0.600000,-0.600000,-0.600000,0.628441,-0.600000,-0.585524
3,1,0,0,0,W,0,25,2,1,-0.600000,1.000000,-0.603596,-0.621407,0.600000,-0.601202,-0.600000,-0.627272,-0.600000,-0.600000,-0.585524,-0.572122,0.600000,-0.620227,-0.572122,0.600000,-0.614317,-0.600000,0.603596,-0.585524,-0.600000,-0.600000,-0.652627,-0.627272,-0.600000,0.600000,0.573345,-0.614317,0.600000,-0.600000,-0.600000,0.600000,0.600000,-0.623756,0.623757,-0.569674,-0.652627,-0.600000,-0.600000,0.600000,0.627272,-0.600000,0.600000,-0.564765,-0.600000,-0.579447,-0.600000,0.623756,-0.600000,-0.600000,0.600000,-0.626101,0.600000,-0.575789,0.628442,0.600000,-0.585524,-0.585524,-0.623756,-0.600000,0.597599,-0.600000,0.600000,-0.600000,0.600000,0.600000,-0.600000,-0.600000,0.652627,-0.575789,-0.585524
4,0,0,0,1,N,0,23,3,1,-0.600000,1.000000,-0.604793,-0.622583,0.600000,-0.602401,-0.586737,-0.640047,-0.613131,-0.600000,-0.584311,-0.558612,0.586737,-0.634263,-0.558612,0.600000,-0.615502,-0.600000,0.604793,-0.584311,-0.600000,-0.600000,-0.666113,-0.640047,-0.600000,0.600000,0.568448,-0.615502,0.600000,-0.600000,-0.600000,0.600000,0.600000,-0.624929,0.641206,-0.542542,-0.666113,-0.600000,-0.600000,0.600000,0.640047,-0.600000,0.600000,-0.548731,-0.600000,-0.564765,-0.600000,0.624929,-0.600000,-0.600000,0.600000,-0.614333,0.600000,-0.574567,0.633103,0.600000,-0.584311,-0.584311,-0.611958,-0.600000,0.597599,-0.600000,0.600000,-0.600000,0.600000,0.600000,-0.600000,-0.600000,0.666113,-0.574567,-0.584311
5,0,0,0,1,stay,1,29,3,1,-0.600000,1.000000,-0.605988,-0.623758,0.600000,-0.603599,-0.577009,-0.653761,-0.622581,-0.600000,-0.583096,-0.543775,0.577009,-0.648076,-0.543775,0.600000,-0.616685,-0.600000,0.605988,-0.583096,-0.600000,-0.600000,-0.679333,-0.653761,-0.600000,0.600000,0.561076,-0.616685,0.600000,-0.600000,-0.600000,0.600000,0.600000,-0.626101,0.657165,-0.518893,-0.679333,-0.600000,-0.600000,0.600000,0.653761,-0.600000,0.600000,-0.532594,-0.600000,-0.549968,-0.600000,0.626101,-0.600000,-0.600000,0.600000,-0.604819,0.600000,-0.573345,0.640048,0.600000,-0.583096,-0.583096,-0.603621,-0.600000,0.597599,-0.600000,0.600000,-0.600000,0.600000,0.600000,-0.600000,-0.600000,0.679333,-0.573345,-0.583096
6,0,0,0,0,N,0,27,4,1,-0.600000,1.000000,-0.605988,-0.626104,0.600000,-0.603599,-0.575789,-0.662766,-0.623756,-0.600000,-0.583096,-0.533837,0.575789,-0.651492,-0.533837,0.600000,-0.616685,-0.600000,0.605988,-0.583096,-0.600000,-0.600000,-0.691205,-0.662766,-0.600000,0.600000,0.553677,-0.616685,0.600000,-0.600000,-0.600000,0.600000,0.600000,-0.628441,0.665013,-0.506403,-0.691205,-0.600000,-0.600000,0.600000,0.662766,-0.600000,0.600000,-0.528859,-0.600000,-0.546254,-0.600000,0.628441,-0.600000,-0.600000,0.600000,-0.607209,0.600000,-0.570898,0.646935,0.600000,-0.583096,-0.583096,-0.604817,-0.600000,0.597599,-0.600000,0.600000,-0.600000,0.600000,0.600000,-0.600000,-0.600000,0.691205,-0.570898,-0.583096
7,0,1,0,1,N,0,25,5,1,-0.600000,1.000000,-0.605988,-0.627274,0.600000,-0.603599,-0.562307,-0.674957,-0.636581,-0.600000,-0.583096,-0.520130,0.562307,-0.664999,-0.520130,0.600000,-0.616685,-0.600000,0.605988,-0.583096,-0.600000,-0.600000,-0.702830,-0.674957,-0.600000,0.600000,0.547493,-0.616685,0.600000,-0.600000,-0.600000,0.600000,0.600000,-0.629608,0.682617,-0.480162,-0.702830,-0.600000,-0.600000,0.600000,0.674957,-0.600000,0.600000,-0.513889,-0.600000,-0.531348,-0.600000,0.629608,-0.600000,-0.600000,0.600000,-0.594024,0.600000,-0.569673,0.652629,0.600000,-0.583096,-0.583096,-0.592812,-0.600000,0.597599,-0.600000,0.600000,-0.600000,0.600000,0.600000,-0.600000,-0.600000,0.702830,-0.569673,-0.583096
8,0,0,0,1,W,0,23,6,1,-0.600000,1.000000,-0.607182,-0.628443,0.600000,-0.604795,-0.549968,-0.687991,-0.648076,-0.600000,-0.579447,-0.505142,0.549968,-0.678242,-0.505142,0.600000,-0.620227,-0.600000,0.607182,-0.579447,-0.600000,-0.600000,-0.715220,-0.687991,-0.600000,0.600000,0.540052,-0.620227,0.600000,-0.600000,-0.600000,0.600000,0.600000,-0.630774,0.699719,-0.454024,-0.715220,-0.600000,-0.600000,0.600000,0.687991,-0.600000,0.600000,-0.495143,-0.600000,-0.516385,-0.600000,0.630774,-0.600000,-0.600000,0.600000,-0.581917,0.600000,-0.568448,0.659403,0.600000,-0.579447,-0.579447,-0.581911,-0.600000,0.597599,-0.600000,0.600000,-0.600000,0.600000,0.600000,-0.600000,-0.600000,0.715220,-0.568448,-0.579447
9,0,0,1,0,N,0,21,7,1,-0.600000,1.000000,-0.607182,-0.627279,0.600000,-0.601206,-0.547493,-0.691205,-0.650355,-0.600000,-0.579447,-0.501392,0.547493,-0.681509,-0.501392,0.600000,-0.620227,-0.600000,0.607182,-0.579447,-0.600000,-0.600000,-0.724306,-0.691205,-0.600000,0.600000,0.535081,-0.620227,0.600000,-0.600000,-0.600000,0.600000,0.600000,-0.633102,0.702871,-0.442891,-0.724306,-0.600000,-0.600000,0.600000,0.691205,-0.600000,0.600000,-0.491394,-0.600000,-0.512639,-0.600000,0.633102,-0.600000,-0.600000,0.600000,-0.586778,0.600000,-0.565994,0.667228,0.600000,-0.579447,-0.579447,-0.581911,-0.600000,0.593988,-0.600000,0.600000,-0.600000,0.600000,0.600000,-0.600000,-0.600000,0.724306,-0.565994,-0.579447
10,0,0,1,0,W,0,19,8,1,-0.600000,1.000000,-0.607182,-0.630783,0.600000,-0.600007,-0.543775,-0.701784,-0.653761,-0.600000,-0.579447,-0.488893,0.543775,-0.687991,-0.488893,0.600000,-0.620227,-0.600000,0.607182,-0.579447,-0.600000,-0.600000,-0.740009,-0.701784,-0.600000,0.600000,0.526366,-0.620227,0.600000,-0.600000,-0.600000,0.600000,0.600000,-0.637738,0.712194,-0.424467,-0.740009,-0.600000,-0.600000,0.600000,0.701784,-0.600000,0.600000,-0.483898,-0.600000,-0.505142,-0.600000,0.637738,-0.600000,-0.600000,0.600000,-0.590415,0.600000,-0.561076,0.676057,0.600000,-0.579447,-0.579447,-0.583127,-0.600000,0.592782,-0.600000,0.600000,-0.600000,0.600000,0.600000,-0.600000,-0.600000,0.740009,-0.561076,-0.579447
11,1,0,1,0,W,0,17,9,1,-0.600000,1.000000,-0.607182,-0.636591,0.600000,-0.597606,-0.543775,-0.706995,-0.653761,-0.600000,-0.579447,-0.482648,0.543775,-0.691205,-0.482648,0.600000,-0.620227,-0.600000,0.607182,-0.579447,-0.600000,-0.600000,-0.751400,-0.706995,-0.600000,0.600000,0.518882,-0.620227,0.600000,-0.600000,-0.600000,0.600000,0.600000,-0.645790,0.716283,-0.418368,-0.751400,-0.600000,-0.600000,0.600000,0.706995,-0.600000,0.600000,-0.480153,-0.600000,-0.501392,-0.600000,0.645790,-0.600000,-0.600000,0.600000,-0.598856,0.600000,-0.552441,0.684764,0.600000,-0.579447,-0.579447,-0.591613,-0.600000,0.590367,-0.600000,0.600000,-0.600000,0.600000,0.600000,-0.600000,-0.600000,0.751400,-0.552441,-0.579447
12,1,0,0,0,N,0,15,10,1,-0.600000,1.000000,-0.607182,-0.658287,0.600000,-0.597606,-0.543775,-0.706995,-0.653761,-0.600000,-0.578228,-0.482648,0.543775,-0.706995,-0.482648,0.600000,-0.621405,-0.600000,0.607182,-0.578228,-0.600000,-0.600000,-0.769630,-0.706995,-0.600000,0.600000,0.517634,-0.621405,0.600000,-0.600000,-0.600000,0.600000,0.600000,-0.667225,0.717299,-0.417151,-0.769630,-0.600000,-0.600000,0.600000,0.706995,-0.600000,0.600000,-0.460224,-0.600000,-0.482648,-0.600000,0.667225,-0.600000,-0.600000,0.600000,-0.622637,0.600000,-0.528858,0.685843,0.600000,-0.578228,-0.578228,-0.614363,-0.600000,0.590367,-0.600000,0.600000,-0.600000,0.600000,0.600000,-0.600000,-0.600000,0.769630,-0.528858,-0.578228
13,0,0,1,0,N,0,13,11,1,-0.600000,1.000000,-0.614317,-0.657162,0.600000,-0.603606,-0.540052,-0.718269,-0.657151,-0.600000,-0.567221,-0.468930,0.540052,-0.709064,-0.468930,0.600000,-0.631939,-0.600000,0.614317,-0.567221,-0.600000,-0.600000,-0.780109,-0.718269,-0.600000,0.600000,0.505142,-0.631939,0.600000,-0.600000,-0.600000,0.600000,0.600000,-0.667225,0.729323,-0.399026,-0.780109,-0.600000,-0.600000,0.600000,0.718269,-0.600000,0.600000,-0.446590,-0.600000,-0.480151,-0.600000,0.667225,-0.600000,-0.600000,0.600000,-0.620287,0.600000,-0.528858,0.697584,0.600000,-0.567221,-0.567221,-0.610805,-0.600000,0.589158,-0.600000,0.600000,-0.600000,0.600000,0.600000,-0.600000,-0.600000,0.780109,-0.528858,-0.567221
14,0,1,0,0,W,0,11,12,1,-0.600000,1.000000,-0.616685,-0.657162,0.600000,-0.605997,-0.525119,-0.726301,-0.670550,-0.600000,-0.564765,-0.458980,0.525119,-0.709064,-0.458980,0.600000,-0.634263,-0.600000,0.616685,-0.564765,-0.600000,-0.600000,-0.791072,-0.726301,-0.600000,0.600000,0.491393,-0.634263,0.600000,-0.600000,-0.600000,0.600000,0.600000,-0.667225,0.751467,-0.369429,-0.791072,-0.600000,-0.600000,0.600000,0.726301,-0.600000,0.600000,-0.444119,-0.600000,-0.480151,-0.600000,0.667225,-0.600000,-0.600000,0.600000,-0.612014,0.600000,-0.528858,0.709071,0.600000,-0.564765,-0.564765,-0.596458,-0.600000,0.589158,-0.600000,0.600000,-0.600000,0.600000,0.600000,-0.600000,-0.600000,0.791072,-0.528858,-0.564765
15,1,0,0,0,N,0,9,13,1,-0.600000,1.000000,-0.616685,-0.665010,0.600000,-0.605997,-0.521378,-0.730263,-0.673858,-0.600000,-0.564765,-0.454017,0.521378,-0.714200,-0.454017,0.600000,-0.634263,-0.600000,0.616685,-0.564765,-0.600000,-0.600000,-0.800029,-0.730263,-0.600000,0.600000,0.487644,-0.634263,0.600000,-0.600000,-0.600000,0.600000,0.600000,-0.674957,0.757034,-0.361305,-0.800029,-0.600000,-0.600000,0.600000,0.730263,-0.600000,0.600000,-0.437955,-0.600000,-0.473914,-0.600000,0.674957,-0.600000,-0.600000,0.600000,-0.616758,0.600000,-0.520130,0.712159,0.600000,-0.564765,-0.564765,-0.601266,-0.600000,0.589158,-0.600000,0.600000,-0.600000,0.600000,0.600000,-0.600000,-0.600000,0.800029,-0.520130,-0.564765
16,0,0,0,1,W,0,7,14,1,-0.600000,1.000000,-0.616685,-0.671665,0.600000,-0.605997,-0.517634,-0.740009,-0.677148,-0.600000,-0.564765,-0.441650,0.517634,-0.724306,-0.441650,0.600000,-0.634263,-0.600000,0.616685,-0.564765,-0.600000,-0.600000,-0.808696,-0.740009,-0.600000,0.600000,0.481400,-0.634263,0.600000,-0.600000,-0.600000,0.600000,0.600000,-0.681509,0.764332,-0.352120,-0.808696,-0.600000,-0.600000,0.600000,0.740009,-0.600000,0.600000,-0.425684,-0.600000,-0.461465,-0.600000,0.681509,-0.600000,-0.600000,0.600000,-0.614394,0.600000,-0.512639,0.717262,0.600000,-0.564765,-0.564765,-0.604858,-0.600000,0.589158,-0.600000,0.600000,-0.600000,0.600000,0.600000,-0.600000,-0.600000,0.808696,-0.512639,-0.564765
17,0,1,0,1,N,0,5,15,1,-0.600000,1.000000,-0.616685,-0.671665,0.600000,-0.605997,-0.503892,-0.751400,-0.689064,-0.600000,-0.564765,-0.426906,0.503892,-0.736138,-0.426906,0.600000,-0.634263,-0.600000,0.616685,-0.564765,-0.600000,-0.600000,-0.817821,-0.751400,-0.600000,0.600000,0.473914,-0.634263,0.600000,-0.600000,-0.600000,0.600000,0.600000,-0.681509,0.779332,-0.326312,-0.817821,-0.600000,-0.600000,0.600000,0.751400,-0.600000,0.600000,-0.411078,-0.600000,-0.446589,-0.600000,0.681509,-0.600000,-0.600000,0.600000,-0.601292,0.600000,-0.512639,0.723312,0.600000,-0.564765,-0.564765,-0.591647,-0.600000,0.589158,-0.600000,0.600000,-0.600000,0.600000,0.600000,-0.600000,-0.600000,0.817821,-0.512639,-0.564765
18,1,0,0,0,N,0,3,16,1,-0.600000,1.000000,-0.616685,-0.682605,0.600000,-0.605997,-0.500142,-0.756968,-0.692272,-0.600000,-0.564765,-0.419580,0.500142,-0.741931,-0.419580,0.600000,-0.634263,-0.600000,0.616685,-0.564765,-0.600000,-0.600000,-0.828748,-0.756968,-0.600000,0.600000,0.467684,-0.634263,0.600000,-0.600000,-0.600000,0.600000,0.600000,-0.692272,0.786146,-0.317569,-0.828748,-0.600000,-0.600000,0.600000,0.756968,-0.600000,0.600000,-0.403832,-0.600000,-0.439185,-0.600000,0.692272,-0.600000,-0.600000,0.600000,-0.608469,0.600000,-0.500142,0.728293,0.600000,-0.564765,-0.564765,-0.600080,-0.600000,0.589158,-0.600000,0.600000,-0.600000,0.600000,0.600000,-0.600000,-0.600000,0.828748,-0.500142,-0.564765
19,0,0,0,0,N,0,1,17,1,-0.600000,1.000000,-0.621405,-0.684770,0.600000,-0.610765,-0.500142,-0.766060,-0.692272,-0.600000,-0.554912,-0.407449,0.500142,-0.744796,-0.407449,0.600000,-0.643498,-0.600000,0.621405,-0.554912,-0.600000,-0.600000,-0.837110,-0.766060,-0.600000,0.600000,0.457739,-0.643498,0.600000,-0.600000,-0.600000,0.600000,0.600000,-0.694400,0.792803,-0.306823,-0.837110,-0.600000,-0.600000,0.600000,0.766060,-0.600000,0.600000,-0.390657,-0.600000,-0.435493,-0.600000,0.694400,-0.600000,-0.600000,0.600000,-0.610850,0.600000,-0.497642,0.736145,0.600000,-0.554912,-0.554912,-0.602479,-0.600000,0.589158,-0.600000,0.600000,-0.600000,0.600000,0.600000,-0.600000,-0.600000,0.837110,-0.497642,-0.554912
20,0,0,0,0,stay,1,29,17,1,-0.600000,1.000000,-0.623756,-0.685849,0.600000,-0.613141,-0.500142,-0.775785,-0.692272,-0.600000,-0.551205,-0.394235,0.500142,-0.746695,-0.394235,0.600000,-0.646934,-0.600000,0.623756,-0.551205,-0.600000,-0.600000,-0.845140,-0.775785,-0.600000,0.600000,0.445354,-0.646934,0.600000,-0.600000,-0.600000,0.600000,0.600000,-0.695461,0.800908,-0.295240,-0.845140,-0.600000,-0.600000,0.600000,0.775785,-0.600000,0.600000,-0.384719,-0.600000,-0.433035,-0.600000,0.695461,-0.600000,-0.600000,0.600000,-0.612039,0.600000,-0.496392,0.745753,0.600000,-0.551205,-0.551205,-0.603676,-0.600000,0.589158,-0.600000,0.600000,-0.600000,0.600000,0.600000,-0.600000,-0.600000,0.845140,-0.496392,-0.551205
21,0,0,0,1,W,0,27,18,1,-0.600000,1.000000,-0.623756,-0.691215,0.600000,-0.613141,-0.498892,-0.784374,-0.693337,-0.600000,-0.551205,-0.382353,0.498892,-0.756968,-0.382353,0.600000,-0.646934,-0.600000,0.623756,-0.551205,-0.600000,-0.600000,-0.852844,-0.784374,-0.600000,0.600000,0.439185,-0.646934,0.600000,-0.600000,-0.600000,0.600000,0.600000,-0.700735,0.805656,-0.286977,-0.852844,-0.600000,-0.600000,0.600000,0.784374,-0.600000,0.600000,-0.371778,-0.600000,-0.419580,-0.600000,0.700735,-0.600000,-0.600000,0.600000,-0.613227,0.600000,-0.490143,0.750469,0.600000,-0.551205,-0.551205,-0.608454,-0.600000,0.589158,-0.600000,0.600000,-0.600000,0.600000,0.600000,-0.600000,-0.600000,0.852844,-0.490143,-0.551205
22,0,0,0,1,W,0,25,19,1,-0.600000,1.000000,-0.629608,-0.692283,0.600000,-0.619057,-0.493892,-0.794363,-0.697577,-0.600000,-0.543775,-0.368278,0.493892,-0.767850,-0.368278,0.600000,-0.653761,-0.600000,0.629608,-0.543775,-0.600000,-0.600000,-0.860229,-0.794363,-0.600000,0.600000,0.431808,-0.653761,0.600000,-0.600000,-0.600000,0.600000,0.600000,-0.701784,0.813386,-0.271853,-0.860229,-0.600000,-0.600000,0.600000,0.794363,-0.600000,0.600000,-0.350987,-0.600000,-0.405036,-0.600000,0.701784,-0.600000,-0.600000,0.600000,-0.608476,0.600000,-0.488893,0.756052,0.600000,-0.543775,-0.543775,-0.604877,-0.600000,0.589158,-0.600000,0.600000,-0.600000,0.600000,0.600000,-0.600000,-0.600000,0.860229,-0.488893,-0.543775
23,0,0,0,1,stay,1,29,19,1,-0.600000,1.000000,-0.630774,-0.696531,0.600000,-0.620237,-0.491393,-0.804005,-0.699685,-0.600000,-0.542534,-0.354423,0.491393,-0.778387,-0.354423,0.600000,-0.654892,-0.600000,0.630774,-0.542534,-0.600000,-0.600000,-0.867301,-0.804005,-0.600000,0.600000,0.424460,-0.654892,0.600000,-0.600000,-0.600000,0.600000,0.600000,-0.705957,0.819396,-0.262054,-0.867301,-0.600000,-0.600000,0.600000,0.804005,-0.600000,0.600000,-0.336315,-0.600000,-0.390656,-0.600000,0.705957,-0.600000,-0.600000,0.600000,-0.606092,0.600000,-0.483897,0.761550,0.600000,-0.542534,-0.542534,-0.607269,-0.600000,0.589158,-0.600000,0.600000,-0.600000,0.600000,0.600000,-0.600000,-0.600000,0.867301,-0.483897,-0.542534
24,0,0,0,1,W,0,27,20,1,-0.600000,1.000000,-0.636581,-0.697588,0.600000,-0.626111,-0.483897,-0.813302,-0.705957,-0.600000,-0.536324,-0.340807,0.483897,-0.788578,-0.340807,0.600000,-0.660525,-0.600000,0.636581,-0.536324,-0.600000,-0.600000,-0.874068,-0.813302,-0.600000,0.600000,0.417146,-0.660525,0.600000,-0.600000,-0.600000,0.600000,0.600000,-0.706995,0.828131,-0.245919,-0.874068,-0.600000,-0.600000,0.600000,0.813302,-0.600000,0.600000,-0.317588,-0.600000,-0.376463,-0.600000,0.706995,-0.600000,-0.600000,0.600000,-0.598911,0.600000,-0.482648,0.766962,0.600000,-0.536324,-0.536324,-0.601295,-0.600000,0.589158,-0.600000,0.600000,-0.600000,0.600000,0.600000,-0.600000,-0.600000,0.874068,-0.482648,-0.536324
25,0,0,0,1,stay,1,29,20,1,-0.600000,1.000000,-0.641199,-0.698643,0.600000,-0.630784,-0.475161,-0.822986,-0.713177,-0.600000,-0.531348,-0.326347,0.475161,-0.799227,-0.326347,0.600000,-0.664999,-0.600000,0.641199,-0.531348,-0.600000,-0.600000,-0.881063,-0.822986,-0.600000,0.600000,0.408658,-0.664999,0.600000,-0.600000,-0.600000,0.600000,0.600000,-0.708031,0.837896,-0.228691,-0.881063,-0.600000,-0.600000,0.600000,0.822986,-0.600000,0.600000,-0.299434,-0.600000,-0.361322,-0.600000,0.708031,-0.600000,-0.600000,0.600000,-0.590479,0.600000,-0.481400,0.773167,0.600000,-0.531348,-0.531348,-0.594086,-0.600000,0.589158,-0.600000,0.600000,-0.600000,0.600000,0.600000,-0.600000,-0.600000,0.881063,-0.481400,-0.531348
26,1,0,0,0,W,0,27,21,1,-0.600000,1.000000,-0.646934,-0.699695,0.600000,-0.636591,-0.472667,-0.831572,-0.715220,-0.600000,-0.520130,-0.313285,0.472667,-0.800029,-0.313285,0.600000,-0.674957,-0.600000,0.646934,-0.520130,-0.600000,-0.600000,-0.887220,-0.831572,-0.600000,0.600000,0.396627,-0.674957,0.600000,-0.600000,-0.600000,0.600000,0.600000,-0.709064,0.845899,-0.217411,-0.887220,-0.600000,-0.600000,0.600000,0.831572,-0.600000,0.600000,-0.289041,-0.600000,-0.360168,-0.600000,0.709064,-0.600000,-0.600000,0.600000,-0.588060,0.600000,-0.480151,0.781828,0.600000,-0.520130,-0.520130,-0.592880,-0.600000,0.589158,-0.600000,0.600000,-0.600000,0.600000,0.600000,-0.600000,-0.600000,0.887220,-0.480151,-0.520130
27,0,1,0,0,W,0,25,22,1,-0.600000,1.000000,-0.649216,-0.699695,0.600000,-0.638903,-0.458980,-0.839823,-0.726301,-0.600000,-0.517634,-0.300511,0.458980,-0.800029,-0.300511,0.600000,-0.677148,-0.600000,0.649216,-0.517634,-0.600000,-0.600000,-0.893097,-0.839823,-0.600000,0.600000,0.382353,-0.677148,0.600000,-0.600000,-0.600000,0.600000,0.600000,-0.709064,0.860349,-0.198428,-0.893097,-0.600000,-0.600000,0.600000,0.839823,-0.600000,0.600000,-0.286988,-0.600000,-0.360168,-0.600000,0.709064,-0.600000,-0.600000,0.600000,-0.574681,0.600000,-0.480151,0.791903,0.600000,-0.517634,-0.517634,-0.579546,-0.600000,0.589158,-0.600000,0.600000,-0.600000,0.600000,0.600000,-0.600000,-0.600000,0.893097,-0.480151,-0.517634
28,0,1,0,0,N,0,23,23,1,-0.600000,1.000000,-0.649216,-0.699695,0.600000,-0.638903,-0.444119,-0.846447,-0.738079,-0.600000,-0.517634,-0.290096,0.444119,-0.801627,-0.290096,0.600000,-0.677148,-0.600000,0.649216,-0.517634,-0.600000,-0.600000,-0.898702,-0.846447,-0.600000,0.600000,0.370609,-0.677148,0.600000,-0.600000,-0.600000,0.600000,0.600000,-0.709064,0.873092,-0.179974,-0.898702,-0.600000,-0.600000,0.600000,0.846447,-0.600000,0.600000,-0.284944,-0.600000,-0.357865,-0.600000,0.709064,-0.600000,-0.600000,0.600000,-0.562421,0.600000,-0.480151,0.800035,0.600000,-0.517634,-0.517634,-0.564865,-0.600000,0.589158,-0.600000,0.600000,-0.600000,0.600000,0.600000,-0.600000,-0.600000,0.898702,-0.480151,-0.517634
29,0,0,0,1,N,0,21,24,1,-0.600000,1.000000,-0.649216,-0.704927,0.600000,-0.638903,-0.441650,-0.853472,-0.740009,-0.600000,-0.517634,-0.278890,0.441650,-0.810241,-0.278890,0.600000,-0.677148,-0.600000,0.649216,-0.517634,-0.600000,-0.600000,-0.903610,-0.853472,-0.600000,0.600000,0.363634,-0.677148,0.600000,-0.600000,-0.600000,0.600000,0.600000,-0.714200,0.877471,-0.174132,-0.903610,-0.600000,-0.600000,0.600000,0.853472,-0.600000,0.600000,-0.273859,-0.600000,-0.345318,-0.600000,0.714200,-0.600000,-0.600000,0.600000,-0.559960,0.600000,-0.473914,0.804798,0.600000,-0.517634,-0.517634,-0.568550,-0.600000,0.589158,-0.600000,0.600000,-0.600000,0.600000,0.600000,-0.600000,-0.600000,0.903610,-0.473914,-0.517634
30,1,0,0,1,W,0,19,25,1,-0.600000,1.000000,-0.656023,-0.714210,0.600000,-0.645799,-0.436723,-0.863213,-0.743843,-0.600000,-0.506391,-0.263071,0.436723,-0.822256,-0.263071,0.600000,-0.686916,-0.600000,0.656023,-0.506391,-0.600000,-0.600000,-0.910370,-0.863213,-0.600000,0.600000,0.355569,-0.686916,0.600000,-0.600000,-0.600000,0.600000,0.600000,-0.723306,0.883281,-0.166351,-0.910370,-0.600000,-0.600000,0.600000,0.863213,-0.600000,0.600000,-0.249667,-0.600000,-0.327448,-0.600000,0.723306,-0.600000,-0.600000,0.600000,-0.555027,0.600000,-0.462708,0.810246,0.600000,-0.506391,-0.506391,-0.574674,-0.600000,0.589158,-0.600000,0.600000,-0.600000,0.600000,0.600000,-0.600000,-0.600000,0.910370,-0.462708,-0.506391
31,0,0,1,0,N,0,17,26,1,-0.600000,1.000000,-0.662766,-0.712167,0.600000,-0.650364,-0.435493,-0.870157,-0.744796,-0.600000,-0.493892,-0.251592,0.435493,-0.822986,-0.251592,0.600000,-0.697577,-0.600000,0.662766,-0.493892,-0.600000,-0.600000,-0.915156,-0.870157,-0.600000,0.600000,0.343059,-0.697577,0.600000,-0.600000,-0.600000,0.600000,0.600000,-0.723306,0.888349,-0.157514,-0.915156,-0.600000,-0.600000,0.600000,0.870157,-0.600000,0.600000,-0.239494,-0.600000,-0.326347,-0.600000,0.723306,-0.600000,-0.600000,0.600000,-0.553792,0.600000,-0.462708,0.820059,0.600000,-0.493892,-0.493892,-0.573452,-0.600000,0.586737,-0.600000,0.600000,-0.600000,0.600000,0.600000,-0.600000,-0.600000,0.915156,-0.462708,-0.493892
32,0,1,1,0,N,0,15,27,1,-0.600000,1.000000,-0.663883,-0.712167,0.600000,-0.651501,-0.422018,-0.876799,-0.755122,-0.600000,-0.492642,-0.240450,0.422018,-0.822986,-0.240450,0.600000,-0.698632,-0.600000,0.663883,-0.492642,-0.600000,-0.600000,-0.919710,-0.876799,-0.600000,0.600000,0.329656,-0.698632,0.600000,-0.600000,-0.600000,0.600000,0.600000,-0.723306,0.899297,-0.142799,-0.919710,-0.600000,-0.600000,0.600000,0.876799,-0.600000,0.600000,-0.238583,-0.600000,-0.326347,-0.600000,0.723306,-0.600000,-0.600000,0.600000,-0.540168,0.600000,-0.462708,0.828757,0.600000,-0.492642,-0.492642,-0.559952,-0.600000,0.586737,-0.600000,0.600000,-0.600000,0.600000,0.600000,-0.600000,-0.600000,0.919710,-0.462708,-0.492642
33,0,0,0,0,W,0,13,28,1,-0.600000,1.000000,-0.663883,-0.714214,0.600000,-0.651501,-0.420799,-0.881587,-0.756046,-0.600000,-0.492642,-0.232317,0.420799,-0.825886,-0.232317,0.600000,-0.698632,-0.600000,0.663883,-0.492642,-0.600000,-0.600000,-0.924390,-0.881587,-0.600000,0.600000,0.319781,-0.698632,0.600000,-0.600000,-0.600000,0.600000,0.600000,-0.725305,0.903746,-0.135596,-0.924390,-0.600000,-0.600000,0.600000,0.881587,-0.600000,0.600000,-0.234964,-0.600000,-0.321962,-0.600000,0.725305,-0.600000,-0.600000,0.600000,-0.543892,0.600000,-0.460222,0.835059,0.600000,-0.492642,-0.492642,-0.561185,-0.600000,0.586737,-0.600000,0.600000,-0.600000,0.600000,0.600000,-0.600000,-0.600000,0.924390,-0.460222,-0.492642
34,1,0,0,1,W,0,11,29,1,-0.600000,1.000000,-0.663883,-0.725319,0.600000,-0.651501,-0.420799,-0.887220,-0.756046,-0.600000,-0.492642,-0.222639,0.420799,-0.832970,-0.222639,0.600000,-0.698632,-0.600000,0.663883,-0.492642,-0.600000,-0.600000,-0.928487,-0.887220,-0.600000,0.600000,0.318693,-0.698632,0.600000,-0.600000,-0.600000,0.600000,0.600000,-0.736138,0.904181,-0.135010,-0.928487,-0.600000,-0.600000,0.600000,0.887220,-0.600000,0.600000,-0.226084,-0.600000,-0.311135,-0.600000,0.736138,-0.600000,-0.600000,0.600000,-0.545133,0.600000,-0.446589,0.835748,0.600000,-0.492642,-0.492642,-0.574685,-0.600000,0.586737,-0.600000,0.600000,-0.600000,0.600000,0.600000,-0.600000,-0.600000,0.928487,-0.446589,-0.492642
35,0,0,0,0,W,0,9,30,1,-0.600000,1.000000,-0.669443,-0.726315,0.600000,-0.657160,-0.420799,-0.893097,-0.756046,-0.600000,-0.480151,-0.212414,0.420799,-0.833666,-0.212414,0.600000,-0.709064,-0.600000,0.669443,-0.480151,-0.600000,-0.600000,-0.932378,-0.893097,-0.600000,0.600000,0.307927,-0.709064,0.600000,-0.600000,-0.600000,0.600000,0.600000,-0.737110,0.908434,-0.128703,-0.932378,-0.600000,-0.600000,0.600000,0.893097,-0.600000,0.600000,-0.216593,-0.600000,-0.310064,-0.600000,0.737110,-0.600000,-0.600000,0.600000,-0.545133,0.600000,-0.445354,0.842508,0.600000,-0.480151,-0.480151,-0.575907,-0.600000,0.586737,-0.600000,0.600000,-0.600000,0.600000,0.600000,-0.600000,-0.600000,0.932378,-0.445354,-0.480151
36,0,0,0,0,stay,1,29,30,1,-0.600000,1.000000,-0.671654,-0.728301,0.600000,-0.659411,-0.420799,-0.898245,-0.756046,-0.600000,-0.477656,-0.203345,0.420799,-0.835739,-0.203345,0.600000,-0.711125,-0.600000,0.671654,-0.477656,-0.600000,-0.600000,-0.936669,-0.898245,-0.600000,0.600000,0.296320,-0.711125,0.600000,-0.600000,-0.600000,0.600000,0.600000,-0.739045,0.912917,-0.122112,-0.936669,-0.600000,-0.600000,0.600000,0.898245,-0.600000,0.600000,-0.212375,-0.600000,-0.306861,-0.600000,0.739045,-0.600000,-0.600000,0.600000,-0.548851,0.600000,-0.442884,0.849682,0.600000,-0.477656,-0.477656,-0.578348,-0.600000,0.586737,-0.600000,0.600000,-0.600000,0.600000,0.600000,-0.600000,-0.600000,0.936669,-0.442884,-0.477656
37,0,0,0,0,W,0,27,31,1,-0.600000,1.000000,-0.671654,-0.729290,0.600000,-0.659411,-0.420799,-0.902734,-0.756046,-0.600000,-0.477656,-0.195354,0.420799,-0.837110,-0.195354,0.600000,-0.711125,-0.600000,0.671654,-0.477656,-0.600000,-0.600000,-0.939861,-0.902734,-0.600000,0.600000,0.287014,-0.711125,0.600000,-0.600000,-0.600000,0.600000,0.600000,-0.740009,0.916436,-0.116842,-0.939861,-0.600000,-0.600000,0.600000,0.902734,-0.600000,0.600000,-0.210704,-0.600000,-0.304736,-0.600000,0.740009,-0.600000,-0.600000,0.600000,-0.550089,0.600000,-0.441650,0.855349,0.600000,-0.477656,-0.477656,-0.579568,-0.600000,0.586737,-0.600000,0.600000,-0.600000,0.600000,0.600000,-0.600000,-0.600000,0.939861,-0.441650,-0.477656
38,0,0,0,0,N,0,25,32,1,-0.600000,1.000000,-0.671654,-0.731262,0.600000,-0.659411,-0.420799,-0.907467,-0.756046,-0.600000,-0.477656,-0.186840,0.420799,-0.839823,-0.186840,0.600000,-0.711125,-0.600000,0.671654,-0.477656,-0.600000,-0.600000,-0.943440,-0.907467,-0.600000,0.600000,0.277884,-0.711125,0.600000,-0.600000,-0.600000,0.600000,0.600000,-0.741931,0.919825,-0.111275,-0.943440,-0.600000,-0.600000,0.600000,0.907467,-0.600000,0.600000,-0.207393,-0.600000,-0.300511,-0.600000,0.741931,-0.600000,-0.600000,0.600000,-0.552563,0.600000,-0.439185,0.860838,0.600000,-0.477656,-0.477656,-0.582003,-0.600000,0.586737,-0.600000,0.600000,-0.600000,0.600000,0.600000,-0.600000,-0.600000,0.943440,-0.439185,-0.477656
39,0,0,0,0,W,0,23,33,1,-0.600000,1.000000,-0.671654,-0.734203,0.600000,-0.659411,-0.420799,-0.910778,-0.756046,-0.600000,-0.477656,-0.180829,0.420799,-0.843824,-0.180829,0.600000,-0.711125,-0.600000,0.671654,-0.477656,-0.600000,-0.600000,-0.946310,-0.910778,-0.600000,0.600000,0.271898,-0.711125,0.600000,-0.600000,-0.600000,0.600000,0.600000,-0.744796,0.922014,-0.107373,-0.946310,-0.600000,-0.600000,0.600000,0.910778,-0.600000,0.600000,-0.202497,-0.600000,-0.294237,-0.600000,0.744796,-0.600000,-0.600000,0.600000,-0.556269,0.600000,-0.435493,0.864399,0.600000,-0.477656,-0.477656,-0.585650,-0.600000,0.586737,-0.600000,0.600000,-0.600000,0.600000,0.600000,-0.600000,-0.600000,0.946310,-0.435493,-0.477656
40,0,0,0,0,W,0,21,34,1,-0.600000,1.000000,-0.671654,-0.736152,0.600000,-0.659411,-0.420799,-0.914767,-0.756046,-0.600000,-0.477656,-0.173529,0.420799,-0.846447,-0.173529,0.600000,-0.711125,-0.600000,0.671654,-0.477656,-0.600000,-0.600000,-0.949285,-0.914767,-0.600000,0.600000,0.265017,-0.711125,0.600000,-0.600000,-0.600000,0.600000,0.600000,-0.746695,0.924499,-0.102664,-0.949285,-0.600000,-0.600000,0.600000,0.914767,-0.600000,0.600000,-0.199282,-0.600000,-0.290096,-0.600000,0.746695,-0.600000,-0.600000,0.600000,-0.558737,0.600000,-0.433035,0.868457,0.600000,-0.477656,-0.477656,-0.588075,-0.600000,0.586737,-0.600000,0.600000,-0.600000,0.600000,0.600000,-0.600000,-0.600000,0.949285,-0.433035,-0.477656
41,0,0,1,0,W,0,19,35,1,-0.600000,1.000000,-0.671654,-0.734210,0.600000,-0.656037,-0.420799,-0.916700,-0.756046,-0.600000,-0.477656,-0.169967,0.420799,-0.848389,-0.169967,0.600000,-0.711125,-0.600000,0.671654,-0.477656,-0.600000,-0.600000,-0.951413,-0.916700,-0.600000,0.600000,0.260170,-0.711125,0.600000,-0.600000,-0.600000,0.600000,0.600000,-0.747640,0.925198,-0.099031,-0.951413,-0.600000,-0.600000,0.600000,0.916700,-0.600000,0.600000,-0.196896,-0.600000,-0.287014,-0.600000,0.747640,-0.600000,-0.600000,0.600000,-0.563664,0.600000,-0.431808,0.872970,0.600000,-0.477656,-0.477656,-0.589286,-0.600000,0.583096,-0.600000,0.600000,-0.600000,0.600000,0.600000,-0.600000,-0.600000,0.951413,-0.431808,-0.477656
42,1,0,0,0,W,0,17,36,1,-0.600000,1.000000,-0.671654,-0.752354,0.600000,-0.656037,-0.420799,-0.919710,-0.756046,-0.600000,-0.477656,-0.164389,0.420799,-0.850948,-0.164389,0.600000,-0.711125,-0.600000,0.671654,-0.477656,-0.600000,-0.600000,-0.956263,-0.919710,-0.600000,0.600000,0.254430,-0.711125,0.600000,-0.600000,-0.600000,0.600000,0.600000,-0.765161,0.927253,-0.097698,-0.956263,-0.600000,-0.600000,0.600000,0.919710,-0.600000,0.600000,-0.193747,-0.600000,-0.282934,-0.600000,0.765161,-0.600000,-0.600000,0.600000,-0.580803,0.600000,-0.408658,0.876266,0.600000,-0.477656,-0.477656,-0.612080,-0.600000,0.583096,-0.600000,0.600000,-0.600000,0.600000,0.600000,-0.600000,-0.600000,0.956263,-0.408658,-0.477656
43,0,0,0,1,N,0,15,37,1,-0.600000,1.000000,-0.677148,-0.754214,0.600000,-0.661661,-0.415930,-0.923687,-0.759721,-0.600000,-0.471421,-0.156960,0.415930,-0.858412,-0.156960,0.600000,-0.716239,-0.600000,0.677148,-0.471421,-0.600000,-0.600000,-0.958710,-0.923687,-0.600000,0.600000,0.249711,-0.716239,0.600000,-0.600000,-0.600000,0.600000,0.600000,-0.766956,0.930242,-0.091680,-0.958710,-0.600000,-0.600000,0.600000,0.923687,-0.600000,0.600000,-0.180783,-0.600000,-0.270908,-0.600000,0.766956,-0.600000,-0.600000,0.600000,-0.577149,0.600000,-0.406242,0.878956,0.600000,-0.471421,-0.471421,-0.609707,-0.600000,0.583096,-0.600000,0.600000,-0.600000,0.600000,0.600000,-0.600000,-0.600000,0.958710,-0.406242,-0.471421
44,0,0,0,1,stay,1,29,37,1,-0.600000,1.000000,-0.679333,-0.757908,0.600000,-0.663897,-0.412289,-0.927819,-0.762452,-0.600000,-0.468930,-0.149170,0.412289,-0.865562,-0.149170,0.600000,-0.718269,-0.600000,0.679333,-0.468930,-0.600000,-0.600000,-0.961026,-0.927819,-0.600000,0.600000,0.244126,-0.718269,0.600000,-0.600000,-0.600000,0.600000,0.600000,-0.770516,0.933117,-0.087187,-0.961026,-0.600000,-0.600000,0.600000,0.927819,-0.600000,0.600000,-0.170626,-0.600000,-0.259208,-0.600000,0.770516,-0.600000,-0.600000,0.600000,-0.573485,0.600000,-0.401425,0.882118,0.600000,-0.468930,-0.468930,-0.610901,-0.600000,0.583096,-0.600000,0.600000,-0.600000,0.600000,0.600000,-0.600000,-0.600000,0.961026,-0.401425,-0.468930
45,0,0,0,0,N,0,27,38,1,-0.600000,1.000000,-0.679333,-0.761563,0.600000,-0.663897,-0.412289,-0.931744,-0.762452,-0.600000,-0.468930,-0.141701,0.412289,-0.869021,-0.141701,0.600000,-0.718269,-0.600000,0.679333,-0.468930,-0.600000,-0.600000,-0.964440,-0.931744,-0.600000,0.600000,0.235006,-0.718269,0.600000,-0.600000,-0.600000,0.600000,0.600000,-0.774038,0.936177,-0.081389,-0.964440,-0.600000,-0.600000,0.600000,0.931744,-0.600000,0.600000,-0.166415,-0.600000,-0.253482,-0.600000,0.774038,-0.600000,-0.600000,0.600000,-0.582027,0.600000,-0.396627,0.887228,0.600000,-0.468930,-0.468930,-0.615647,-0.600000,0.583096,-0.600000,0.600000,-0.600000,0.600000,0.600000,-0.600000,-0.600000,0.964440,-0.396627,-0.468930
46,0,0,1,1,W,0,25,39,1,-0.600000,1.000000,-0.679333,-0.766079,0.600000,-0.663897,-0.412289,-0.934862,-0.762452,-0.600000,-0.468930,-0.135718,0.412289,-0.875166,-0.135718,0.600000,-0.718269,-0.600000,0.679333,-0.468930,-0.600000,-0.600000,-0.966283,-0.934862,-0.600000,0.600000,0.229649,-0.718269,0.600000,-0.600000,-0.600000,0.600000,0.600000,-0.778387,0.937950,-0.079169,-0.966283,-0.600000,-0.600000,0.600000,0.934862,-0.600000,0.600000,-0.158913,-0.600000,-0.243203,-0.600000,0.778387,-0.600000,-0.600000,0.600000,-0.583243,0.600000,-0.390656,0.890201,0.600000,-0.468930,-0.468930,-0.621548,-0.600000,0.583096,-0.600000,0.600000,-0.600000,0.600000,0.600000,-0.600000,-0.600000,0.966283,-0.390656,-0.468930
47,1,0,0,0,N,0,23,40,1,-0.600000,1.000000,-0.679333,-0.775803,0.600000,-0.663897,-0.412289,-0.937261,-0.762452,-0.600000,-0.468930,-0.131085,0.412289,-0.877877,-0.131085,0.600000,-0.718269,-0.600000,0.679333,-0.468930,-0.600000,-0.600000,-0.968343,-0.937261,-0.600000,0.600000,0.225250,-0.718269,0.600000,-0.600000,-0.600000,0.600000,0.600000,-0.787742,0.939392,-0.078440,-0.968343,-0.600000,-0.600000,0.600000,0.937261,-0.600000,0.600000,-0.155594,-0.600000,-0.238626,-0.600000,0.787742,-0.600000,-0.600000,0.600000,-0.589310,0.600000,-0.377638,0.892625,0.600000,-0.468930,-0.468930,-0.634405,-0.600000,0.583096,-0.600000,0.600000,-0.600000,0.600000,0.600000,-0.600000,-0.600000,0.968343,-0.377638,-0.468930
48,0,0,1,1,W,0,21,41,1,-0.600000,1.000000,-0.679333,-0.780130,0.600000,-0.662782,-0.412289,-0.940144,-0.762452,-0.600000,-0.468930,-0.125484,0.412289,-0.883663,-0.125484,0.600000,-0.718269,-0.600000,0.679333,-0.468930,-0.600000,-0.600000,-0.970135,-0.940144,-0.600000,0.600000,0.220051,-0.718269,0.600000,-0.600000,-0.600000,0.600000,0.600000,-0.792722,0.940804,-0.076294,-0.970135,-0.600000,-0.600000,0.600000,0.940144,-0.600000,0.600000,-0.148492,-0.600000,-0.228764,-0.600000,0.792722,-0.600000,-0.600000,0.600000,-0.591729,0.600000,-0.370609,0.895941,0.600000,-0.468930,-0.468930,-0.641339,-0.600000,0.581881,-0.600000,0.600000,-0.600000,0.600000,0.600000,-0.600000,-0.600000,0.970135,-0.370609,-0.468930
49,0,1,0,0,N,0,19,42,1,-0.600000,1.000000,-0.679333,-0.780988,0.600000,-0.662782,-0.400224,-0.942088,-0.771400,-0.600000,-0.468930,-0.121686,0.400224,-0.885199,-0.121686,0.600000,-0.718269,-0.600000,0.679333,-0.468930,-0.600000,-0.600000,-0.971829,-0.942088,-0.600000,0.600000,0.213253,-0.718269,0.600000,-0.600000,-0.600000,0.600000,0.600000,-0.793544,0.945642,-0.069189,-0.971829,-0.600000,-0.600000,0.600000,0.942088,-0.600000,0.600000,-0.146602,-0.600000,-0.226125,-0.600000,0.793544,-0.600000,-0.600000,0.600000,-0.585679,0.600000,-0.369443,0.899618,0.600000,-0.468930,-0.468930,-0.630931,-0.600000,0.581881,-0.600000,0.600000,-0.600000,0.600000,0.600000,-0.600000,-0.600000,0.971829,-0.369443,-0.468930
50,0,0,0,0,N,0,17,43,1,-0.600000,1.000000,-0.679333,-0.783546,0.600000,-0.662782,-0.399023,-0.945541,-0.772282,-0.600000,-0.468930,-0.114896,0.399023,-0.887720,-0.114896,0.600000,-0.718269,-0.600000,0.679333,-0.468930,-0.600000,-0.600000,-0.973943,-0.945541,-0.600000,0.600000,0.204158,-0.718269,0.600000,-0.600000,-0.600000,0.600000,0.600000,-0.795994,0.948652,-0.064804,-0.973943,-0.600000,-0.600000,0.600000,0.945541,-0.600000,0.600000,-0.143496,-0.600000,-0.221774,-0.600000,0.795994,-0.600000,-0.600000,0.600000,-0.588106,0.600000,-0.365953,0.904487,0.600000,-0.468930,-0.468930,-0.633259,-0.600000,0.581881,-0.600000,0.600000,-0.600000,0.600000,0.600000,-0.600000,-0.600000,0.973943,-0.365953,-0.468930
51,1,0,0,0,W,0,15,44,1,-0.600000,1.000000,-0.679333,-0.791092,0.600000,-0.662782,-0.399023,-0.946817,-0.772282,-0.600000,-0.468930,-0.112373,0.399023,-0.891168,-0.112373,0.600000,-0.718269,-0.600000,0.679333,-0.468930,-0.600000,-0.600000,-0.975547,-0.946817,-0.600000,0.600000,0.200923,-0.718269,0.600000,-0.600000,-0.600000,0.600000,0.600000,-0.803215,0.949620,-0.063600,-0.975547,-0.600000,-0.600000,0.600000,0.946817,-0.600000,0.600000,-0.139240,-0.600000,-0.215784,-0.600000,0.803215,-0.600000,-0.600000,0.600000,-0.597764,0.600000,-0.355569,0.906204,0.600000,-0.468930,-0.468930,-0.643653,-0.600000,0.581881,-0.600000,0.600000,-0.600000,0.600000,0.600000,-0.600000,-0.600000,0.975547,-0.355569,-0.468930
52,0,0,0,0,W,0,13,45,1,-0.600000,1.000000,-0.679333,-0.791918,0.600000,-0.662782,-0.399023,-0.949765,-0.772282,-0.600000,-0.468930,-0.106515,0.399023,-0.891168,-0.106515,0.600000,-0.718269,-0.600000,0.679333,-0.468930,-0.600000,-0.600000,-0.976941,-0.949765,-0.600000,0.600000,0.192224,-0.718269,0.600000,-0.600000,-0.600000,0.600000,0.600000,-0.804005,0.952193,-0.060395,-0.976941,-0.600000,-0.600000,0.600000,0.949765,-0.600000,0.600000,-0.139240,-0.600000,-0.215784,-0.600000,0.804005,-0.600000,-0.600000,0.600000,-0.597764,0.600000,-0.354423,0.910785,0.600000,-0.468930,-0.468930,-0.644800,-0.600000,0.581881,-0.600000,0.600000,-0.600000,0.600000,0.600000,-0.600000,-0.600000,0.976941,-0.354423,-0.468930
53,0,1,0,0,N,0,11,46,1,-0.600000,1.000000,-0.679333,-0.792742,0.600000,-0.662782,-0.384718,-0.952103,-0.782675,-0.600000,-0.468930,-0.101840,0.384718,-0.893574,-0.101840,0.600000,-0.718269,-0.600000,0.679333,-0.468930,-0.600000,-0.600000,-0.978575,-0.952103,-0.600000,0.600000,0.185323,-0.718269,0.600000,-0.600000,-0.600000,0.600000,0.600000,-0.804793,0.956768,-0.053399,-0.978575,-0.600000,-0.600000,0.600000,0.952103,-0.600000,0.600000,-0.136266,-0.600000,-0.211577,-0.600000,0.804793,-0.600000,-0.600000,0.600000,-0.589326,0.600000,-0.353279,0.914382,0.600000,-0.468930,-0.468930,-0.632114,-0.600000,0.581881,-0.600000,0.600000,-0.600000,0.600000,0.600000,-0.600000,-0.600000,0.978575,-0.353279,-0.468930
54,1,0,0,0,N,0,9,47,1,-0.600000,1.000000,-0.679333,-0.801646,0.600000,-0.662782,-0.383535,-0.953456,-0.783526,-0.600000,-0.468930,-0.099123,0.383535,-0.896399,-0.099123,0.600000,-0.718269,-0.600000,0.679333,-0.468930,-0.600000,-0.600000,-0.979801,-0.953456,-0.600000,0.600000,0.182318,-0.718269,0.600000,-0.600000,-0.600000,0.600000,0.600000,-0.813302,0.957793,-0.052893,-0.979801,-0.600000,-0.600000,0.600000,0.953456,-0.600000,0.600000,-0.132767,-0.600000,-0.206609,-0.600000,0.813302,-0.600000,-0.600000,0.600000,-0.595367,0.600000,-0.340807,0.915938,0.600000,-0.468930,-0.468930,-0.643672,-0.600000,0.581881,-0.600000,0.600000,-0.600000,0.600000,0.600000,-0.600000,-0.600000,0.979801,-0.340807,-0.468930
55,0,0,0,0,W,0,7,48,1,-0.600000,1.000000,-0.679333,-0.804812,0.600000,-0.662782,-0.383535,-0.956472,-0.783526,-0.600000,-0.468930,-0.093033,0.383535,-0.898245,-0.093033,0.600000,-0.718269,-0.600000,0.679333,-0.468930,-0.600000,-0.600000,-0.981511,-0.956472,-0.600000,0.600000,0.170675,-0.718269,0.600000,-0.600000,-0.600000,0.600000,0.600000,-0.816324,0.960918,-0.049486,-0.981511,-0.600000,-0.600000,0.600000,0.956472,-0.600000,0.600000,-0.130477,-0.600000,-0.203345,-0.600000,0.816324,-0.600000,-0.600000,0.600000,-0.600178,0.600000,-0.336325,0.921908,0.600000,-0.468930,-0.468930,-0.648250,-0.600000,0.581881,-0.600000,0.600000,-0.600000,0.600000,0.600000,-0.600000,-0.600000,0.981511,-0.336325,-0.468930
56,1,1,0,1,N,0,5,49,1,-0.600000,1.000000,-0.679333,-0.813320,0.600000,-0.662782,-0.370609,-0.958710,-0.792722,-0.600000,-0.468930,-0.088486,0.370609,-0.903610,-0.088486,0.600000,-0.718269,-0.600000,0.679333,-0.468930,-0.600000,-0.600000,-0.982485,-0.958710,-0.600000,0.600000,0.170675,-0.718269,0.600000,-0.600000,-0.600000,0.600000,0.600000,-0.824441,0.962937,-0.046956,-0.982485,-0.600000,-0.600000,0.600000,0.958710,-0.600000,0.600000,-0.123807,-0.600000,-0.193784,-0.600000,0.824441,-0.600000,-0.600000,0.600000,-0.586916,0.600000,-0.324151,0.921908,0.600000,-0.468930,-0.468930,-0.648250,-0.600000,0.581881,-0.600000,0.600000,-0.600000,0.600000,0.600000,-0.600000,-0.600000,0.982485,-0.324151,-0.468930
57,0,0,0,0,W,0,3,50,1,-0.600000,1.000000,-0.684759,-0.814079,0.600000,-0.668351,-0.369443,-0.961026,-0.793544,-0.600000,-0.456497,-0.083755,0.369443,-0.904046,-0.083755,0.600000,-0.728287,-0.600000,0.684759,-0.456497,-0.600000,-0.600000,-0.983491,-0.961026,-0.600000,0.600000,0.163702,-0.728287,0.600000,-0.600000,-0.600000,0.600000,0.600000,-0.825164,0.964855,-0.044337,-0.983491,-0.600000,-0.600000,0.600000,0.961026,-0.600000,0.600000,-0.117952,-0.600000,-0.193003,-0.600000,0.825164,-0.600000,-0.600000,0.600000,-0.585704,0.600000,-0.323055,0.925440,0.600000,-0.456497,-0.456497,-0.648250,-0.600000,0.581881,-0.600000,0.600000,-0.600000,0.600000,0.600000,-0.600000,-0.600000,0.983491,-0.323055,-0.456497
58,0,0,0,0,stay,1,29,50,1,-0.600000,1.000000,-0.686916,-0.815590,0.600000,-0.670566,-0.369443,-0.963921,-0.793544,-0.600000,-0.454017,-0.077805,0.369443,-0.905770,-0.077805,0.600000,-0.730263,-0.600000,0.686916,-0.454017,-0.600000,-0.600000,-0.984894,-0.963921,-0.600000,0.600000,0.154327,-0.730263,0.600000,-0.600000,-0.600000,0.600000,0.600000,-0.826605,0.967158,-0.041061,-0.984894,-0.600000,-0.600000,0.600000,0.963921,-0.600000,0.600000,-0.114861,-0.600000,-0.189902,-0.600000,0.826605,-0.600000,-0.600000,0.600000,-0.588130,0.600000,-0.320870,0.930138,0.600000,-0.454017,-0.454017,-0.650528,-0.600000,0.581881,-0.600000,0.600000,-0.600000,0.600000,0.600000,-0.600000,-0.600000,0.984894,-0.320870,-0.454017
59,0,0,0,1,E,0,27,48,1,-0.600000,1.000000,-0.686916,-0.818584,0.600000,-0.670566,-0.369443,-0.965955,-0.793544,-0.600000,-0.454017,-0.073599,0.369443,-0.910370,-0.073599,0.600000,-0.730263,-0.600000,0.686916,-0.454017,-0.600000,-0.600000,-0.985763,-0.965955,-0.600000,0.600000,0.150446,-0.730263,0.600000,-0.600000,-0.600000,0.600000,0.600000,-0.829457,0.968100,-0.039511,-0.985763,-0.600000,-0.600000,0.600000,0.965955,-0.600000,0.600000,-0.109376,-0.600000,-0.181572,-0.600000,0.829457,-0.600000,-0.600000,0.600000,-0.588130,0.600000,-0.316524,0.932067,0.600000,-0.454017,-0.454017,-0.655065,-0.600000,0.581881,-0.600000,0.600000,-0.600000,0.600000,0.600000,-0.600000,-0.600000,0.985763,-0.316524,-0.454017
60,0,0,1,0,W,0,25,47,1,-0.600000,1.000000,-0.692272,-0.818587,0.600000,-0.674972,-0.368278,-0.967878,-0.794363,-0.600000,-0.441650,-0.069603,0.368278,-0.910778,-0.069603,0.600000,-0.740009,-0.600000,0.692272,-0.441650,-0.600000,-0.600000,-0.986583,-0.967878,-0.600000,0.600000,0.144155,-0.740009,0.600000,-0.600000,-0.600000,0.600000,0.600000,-0.830165,0.969612,-0.037290,-0.986583,-0.600000,-0.600000,0.600000,0.967878,-0.600000,0.600000,-0.104122,-0.600000,-0.180829,-0.600000,0.830165,-0.600000,-0.600000,0.600000,-0.586918,0.600000,-0.315442,0.935476,0.600000,-0.441650,-0.441650,-0.655066,-0.600000,0.580664,-0.600000,0.600000,-0.600000,0.600000,0.600000,-0.600000,-0.600000,0.986583,-0.315442,-0.441650
61,0,1,0,0,W,0,23,46,1,-0.600000,1.000000,-0.693337,-0.819329,0.600000,-0.676069,-0.355569,-0.969400,-0.803215,-0.600000,-0.440417,-0.066427,0.355569,-0.911589,-0.066427,0.600000,-0.740971,-0.600000,0.693337,-0.440417,-0.600000,-0.600000,-0.987356,-0.969400,-0.600000,0.600000,0.138682,-0.740971,0.600000,-0.600000,-0.600000,0.600000,0.600000,-0.830870,0.972436,-0.033520,-0.987356,-0.600000,-0.600000,0.600000,0.969400,-0.600000,0.600000,-0.102728,-0.600000,-0.179350,-0.600000,0.830870,-0.600000,-0.600000,0.600000,-0.575972,0.600000,-0.314362,0.938145,0.600000,-0.440417,-0.440417,-0.643691,-0.600000,0.580664,-0.600000,0.600000,-0.600000,0.600000,0.600000,-0.600000,-0.600000,0.987356,-0.314362,-0.440417
62,0,0,0,0,N,0,21,47,1,-0.600000,1.000000,-0.693337,-0.820069,0.600000,-0.676069,-0.354423,-0.971135,-0.804005,-0.600000,-0.440417,-0.062794,0.354423,-0.912793,-0.062794,0.600000,-0.740971,-0.600000,0.693337,-0.440417,-0.600000,-0.600000,-0.988203,-0.971135,-0.600000,0.600000,0.132231,-0.740971,0.600000,-0.600000,-0.600000,0.600000,0.600000,-0.831572,0.974004,-0.031320,-0.988203,-0.600000,-0.600000,0.600000,0.971135,-0.600000,0.600000,-0.101351,-0.600000,-0.177150,-0.600000,0.831572,-0.600000,-0.600000,0.600000,-0.577194,0.600000,-0.313285,0.941268,0.600000,-0.440417,-0.440417,-0.643693,-0.600000,0.580664,-0.600000,0.600000,-0.600000,0.600000,0.600000,-0.600000,-0.600000,0.988203,-0.313285,-0.440417
63,1,0,0,0,W,0,19,46,1,-0.600000,1.000000,-0.693337,-0.835069,0.600000,-0.676069,-0.354423,-0.971135,-0.804005,-0.600000,-0.440417,-0.062794,0.354423,-0.912793,-0.062794,0.600000,-0.740971,-0.600000,0.693337,-0.440417,-0.600000,-0.600000,-0.989422,-0.971135,-0.600000,0.600000,0.131657,-0.740971,0.600000,-0.600000,-0.600000,0.600000,0.600000,-0.845794,0.974130,-0.031168,-0.989422,-0.600000,-0.600000,0.600000,0.971135,-0.600000,0.600000,-0.101351,-0.600000,-0.177150,-0.600000,0.845794,-0.600000,-0.600000,0.600000,-0.603798,0.600000,-0.291128,0.941544,0.600000,-0.440417,-0.440417,-0.667414,-0.600000,0.580664,-0.600000,0.600000,-0.600000,0.600000,0.600000,-0.600000,-0.600000,0.989422,-0.291128,-0.440417
64,0,0,0,1,W,0,17,45,1,-0.600000,1.000000,-0.693337,-0.839167,0.600000,-0.676069,-0.354423,-0.972507,-0.804005,-0.600000,-0.440417,-0.059909,0.354423,-0.917082,-0.059909,0.600000,-0.740971,-0.600000,0.693337,-0.440417,-0.600000,-0.600000,-0.990033,-0.972507,-0.600000,0.600000,0.129383,-0.740971,0.600000,-0.600000,-0.600000,0.600000,0.600000,-0.849673,0.974631,-0.030273,-0.990033,-0.600000,-0.600000,0.600000,0.972507,-0.600000,0.600000,-0.096441,-0.600000,-0.169261,-0.600000,0.849673,-0.600000,-0.600000,0.600000,-0.606189,0.600000,-0.284970,0.942638,0.600000,-0.440417,-0.440417,-0.674045,-0.600000,0.580664,-0.600000,0.600000,-0.600000,0.600000,0.600000,-0.600000,-0.600000,0.990033,-0.284970,-0.440417
65,0,0,1,0,W,0,15,44,1,-0.600000,1.000000,-0.697577,-0.837817,0.600000,-0.677168,-0.354423,-0.974070,-0.804005,-0.600000,-0.428130,-0.056610,0.354423,-0.917462,-0.056610,0.600000,-0.750463,-0.600000,0.697577,-0.428130,-0.600000,-0.600000,-0.990609,-0.974070,-0.600000,0.600000,0.123302,-0.750463,0.600000,-0.600000,-0.600000,0.600000,0.600000,-0.850312,0.975603,-0.028695,-0.990609,-0.600000,-0.600000,0.600000,0.974070,-0.600000,0.600000,-0.091744,-0.600000,-0.168558,-0.600000,0.850312,-0.600000,-0.600000,0.600000,-0.606189,0.600000,-0.283951,0.946319,0.600000,-0.428130,-0.428130,-0.675143,-0.600000,0.577009,-0.600000,0.600000,-0.600000,0.600000,0.600000,-0.600000,-0.600000,0.990609,-0.283951,-0.428130
66,0,1,1,0,W,0,13,43,1,-0.600000,1.000000,-0.698632,-0.835774,0.600000,-0.673883,-0.343059,-0.975785,-0.811776,-0.600000,-0.426906,-0.052978,0.343059,-0.918593,-0.052978,0.600000,-0.751400,-0.600000,0.698632,-0.426906,-0.600000,-0.600000,-0.991412,-0.975785,-0.600000,0.600000,0.115919,-0.751400,0.600000,-0.600000,-0.600000,0.600000,0.600000,-0.850948,0.977882,-0.025150,-0.991412,-0.600000,-0.600000,0.600000,0.975785,-0.600000,0.600000,-0.090088,-0.600000,-0.166463,-0.600000,0.850948,-0.600000,-0.600000,0.600000,-0.599012,0.600000,-0.282934,0.950724,0.600000,-0.426906,-0.426906,-0.665205,-0.600000,0.572122,-0.600000,0.600000,-0.600000,0.600000,0.600000,-0.600000,-0.600000,0.991412,-0.282934,-0.426906
67,1,0,0,0,W,0,11,42,1,-0.600000,1.000000,-0.698632,-0.845173,0.600000,-0.673883,-0.341932,-0.976370,-0.812540,-0.600000,-0.426906,-0.051735,0.341932,-0.920079,-0.051735,0.600000,-0.751400,-0.600000,0.698632,-0.426906,-0.600000,-0.600000,-0.992108,-0.976370,-0.600000,0.600000,0.113376,-0.751400,0.600000,-0.600000,-0.600000,0.600000,0.600000,-0.859626,0.978524,-0.024662,-0.992108,-0.600000,-0.600000,0.600000,0.976370,-0.600000,0.600000,-0.088458,-0.600000,-0.163702,-0.600000,0.859626,-0.600000,-0.600000,0.600000,-0.612155,0.600000,-0.268935,0.951885,0.600000,-0.426906,-0.426906,-0.679537,-0.600000,0.572122,-0.600000,0.600000,-0.600000,0.600000,0.600000,-0.600000,-0.600000,0.992108,-0.268935,-0.426906
68,0,0,0,0,N,0,9,43,1,-0.600000,1.000000,-0.702830,-0.846480,0.600000,-0.678267,-0.341932,-0.977278,-0.812540,-0.600000,-0.418362,-0.049803,0.341932,-0.920813,-0.049803,0.600000,-0.757888,-0.600000,0.702830,-0.418362,-0.600000,-0.600000,-0.992529,-0.977278,-0.600000,0.600000,0.109409,-0.757888,0.600000,-0.600000,-0.600000,0.600000,0.600000,-0.860830,0.979351,-0.023600,-0.992529,-0.600000,-0.600000,0.600000,0.977278,-0.600000,0.600000,-0.084888,-0.600000,-0.162335,-0.600000,0.860830,-0.600000,-0.600000,0.600000,-0.615712,0.600000,-0.266971,0.953688,0.600000,-0.418362,-0.418362,-0.681712,-0.600000,0.572122,-0.600000,0.600000,-0.600000,0.600000,0.600000,-0.600000,-0.600000,0.992529,-0.266971,-0.418362
69,0,0,0,0,stay,1,29,43,1,-0.600000,1.000000,-0.703875,-0.847777,0.600000,-0.679358,-0.339684,-0.977936,-0.814061,-0.600000,-0.417146,-0.048399,0.339684,-0.921902,-0.048399,0.600000,-0.758806,-0.600000,0.703875,-0.417146,-0.600000,-0.600000,-0.992926,-0.977936,-0.600000,0.600000,0.106039,-0.758806,0.600000,-0.600000,-0.600000,0.600000,0.600000,-0.862026,0.980244,-0.022361,-0.992926,-0.600000,-0.600000,0.600000,0.977936,-0.600000,0.600000,-0.083344,-0.600000,-0.160302,-0.600000,0.862026,-0.600000,-0.600000,0.600000,-0.619260,0.600000,-0.265017,0.955213,0.600000,-0.417146,-0.417146,-0.681716,-0.600000,0.572122,-0.600000,0.600000,-0.600000,0.600000,0.600000,-0.600000,-0.600000,0.992926,-0.265017,-0.417146
70,0,0,0,0,W,0,27,42,1,-0.600000,1.000000,-0.703875,-0.847777,0.600000,-0.679358,-0.339684,-0.979095,-0.814061,-0.600000,-0.417146,-0.045923,0.339684,-0.921902,-0.045923,0.600000,-0.758806,-0.600000,0.703875,-0.417146,-0.600000,-0.600000,-0.993337,-0.979095,-0.600000,0.600000,0.100927,-0.758806,0.600000,-0.600000,-0.600000,0.600000,0.600000,-0.862026,0.981284,-0.021084,-0.993337,-0.600000,-0.600000,0.600000,0.979095,-0.600000,0.600000,-0.083344,-0.600000,-0.160302,-0.600000,0.862026,-0.600000,-0.600000,0.600000,-0.620439,0.600000,-0.265017,0.957513,0.600000,-0.417146,-0.417146,-0.681716,-0.600000,0.572122,-0.600000,0.600000,-0.600000,0.600000,0.600000,-0.600000,-0.600000,0.993337,-0.265017,-0.417146
71,0,0,0,0,S,0,25,40,1,-0.600000,1.000000,-0.703875,-0.849706,0.600000,-0.679358,-0.339684,-0.980096,-0.814061,-0.600000,-0.417146,-0.043776,0.339684,-0.924039,-0.043776,0.600000,-0.758806,-0.600000,0.703875,-0.417146,-0.600000,-0.600000,-0.993754,-0.980096,-0.600000,0.600000,0.097789,-0.758806,0.600000,-0.600000,-0.600000,0.600000,0.600000,-0.863804,0.981918,-0.020073,-0.993754,-0.600000,-0.600000,0.600000,0.980096,-0.600000,0.600000,-0.081075,-0.600000,-0.156299,-0.600000,0.863804,-0.600000,-0.600000,0.600000,-0.623968,0.600000,-0.262102,0.958918,0.600000,-0.417146,-0.417146,-0.684965,-0.600000,0.572122,-0.600000,0.600000,-0.600000,0.600000,0.600000,-0.600000,-0.600000,0.993754,-0.262102,-0.417146
72,0,0,0,0,W,0,23,39,1,-0.600000,1.000000,-0.703875,-0.849706,0.600000,-0.679358,-0.339684,-0.981051,-0.814061,-0.600000,-0.417146,-0.041726,0.339684,-0.924390,-0.041726,0.600000,-0.758806,-0.600000,0.703875,-0.417146,-0.600000,-0.600000,-0.994087,-0.981051,-0.600000,0.600000,0.093457,-0.758806,0.600000,-0.600000,-0.600000,0.600000,0.600000,-0.863804,0.982787,-0.019017,-0.994087,-0.600000,-0.600000,0.600000,0.981051,-0.600000,0.600000,-0.080703,-0.600000,-0.155639,-0.600000,0.863804,-0.600000,-0.600000,0.600000,-0.625142,0.600000,-0.262102,0.960847,0.600000,-0.417146,-0.417146,-0.684965,-0.600000,0.572122,-0.600000,0.600000,-0.600000,0.600000,0.600000,-0.600000,-0.600000,0.994087,-0.262102,-0.417146
73,0,0,0,1,W,0,21,38,1,-0.600000,1.000000,-0.703875,-0.852876,0.600000,-0.679358,-0.339684,-0.982137,-0.814061,-0.600000,-0.417146,-0.039386,0.339684,-0.928154,-0.039386,0.600000,-0.758806,-0.600000,0.703875,-0.417146,-0.600000,-0.600000,-0.994431,-0.982137,-0.600000,0.600000,0.090941,-0.758806,0.600000,-0.600000,-0.600000,0.600000,0.600000,-0.866723,0.983288,-0.018373,-0.994431,-0.600000,-0.600000,0.600000,0.982137,-0.600000,0.600000,-0.076707,-0.600000,-0.148535,-0.600000,0.866723,-0.600000,-0.600000,0.600000,-0.625142,0.600000,-0.257290,0.961963,0.600000,-0.417146,-0.417146,-0.690340,-0.600000,0.572122,-0.600000,0.600000,-0.600000,0.600000,0.600000,-0.600000,-0.600000,0.994431,-0.257290,-0.417146
74,1,0,0,0,W,0,19,37,1,-0.600000,1.000000,-0.703875,-0.860861,0.600000,-0.679358,-0.339684,-0.982572,-0.814061,-0.600000,-0.417146,-0.038449,0.339684,-0.928487,-0.038449,0.600000,-0.758806,-0.600000,0.703875,-0.417146,-0.600000,-0.600000,-0.994806,-0.982572,-0.600000,0.600000,0.089706,-0.758806,0.600000,-0.600000,-0.600000,0.600000,0.600000,-0.874068,0.983533,-0.018283,-0.994806,-0.600000,-0.600000,0.600000,0.982572,-0.600000,0.600000,-0.076353,-0.600000,-0.147903,-0.600000,0.874068,-0.600000,-0.600000,0.600000,-0.635633,0.600000,-0.245051,0.962509,0.600000,-0.417146,-0.417146,-0.704074,-0.600000,0.572122,-0.600000,0.600000,-0.600000,0.600000,0.600000,-0.600000,-0.600000,0.994806,-0.245051,-0.417146
75,0,0,1,1,N,0,17,36,1,-0.600000,1.000000,-0.709064,-0.861460,0.600000,-0.684784,-0.337443,-0.983491,-0.815572,-0.600000,-0.407449,-0.036462,0.337443,-0.932378,-0.036462,0.600000,-0.766060,-0.600000,0.709064,-0.407449,-0.600000,-0.600000,-0.995108,-0.983491,-0.600000,0.600000,0.087281,-0.766060,0.600000,-0.600000,-0.600000,0.600000,0.600000,-0.874618,0.984171,-0.017149,-0.995108,-0.600000,-0.600000,0.600000,0.983491,-0.600000,0.600000,-0.069568,-0.600000,-0.140487,-0.600000,0.874618,-0.600000,-0.600000,0.600000,-0.634476,0.600000,-0.244126,0.963579,0.600000,-0.407449,-0.407449,-0.703034,-0.600000,0.572122,-0.600000,0.600000,-0.600000,0.600000,0.600000,-0.600000,-0.600000,0.995108,-0.244126,-0.407449
76,0,0,1,1,stay,1,29,36,1,-0.600000,1.000000,-0.715220,-0.861460,0.600000,-0.691230,-0.331872,-0.984516,-0.819309,-0.600000,-0.400224,-0.034241,0.331872,-0.936371,-0.034241,0.600000,-0.771400,-0.600000,0.715220,-0.400224,-0.600000,-0.600000,-0.995415,-0.984516,-0.600000,0.600000,0.084141,-0.771400,0.600000,-0.600000,-0.600000,0.600000,0.600000,-0.874618,0.985157,-0.015691,-0.995415,-0.600000,-0.600000,0.600000,0.984516,-0.600000,0.600000,-0.063644,-0.600000,-0.132806,-0.600000,0.874618,-0.600000,-0.600000,0.600000,-0.628663,0.600000,-0.244126,0.964960,0.600000,-0.400224,-0.400224,-0.697793,-0.600000,0.572122,-0.600000,0.600000,-0.600000,0.600000,0.600000,-0.600000,-0.600000,0.995415,-0.244126,-0.400224
77,0,0,0,0,N,0,27,35,1,-0.600000,1.000000,-0.715220,-0.862056,0.600000,-0.691230,-0.331872,-0.985335,-0.819309,-0.600000,-0.400224,-0.032464,0.331872,-0.936669,-0.032464,0.600000,-0.771400,-0.600000,0.715220,-0.400224,-0.600000,-0.600000,-0.995682,-0.985335,-0.600000,0.600000,0.080359,-0.771400,0.600000,-0.600000,-0.600000,0.600000,0.600000,-0.875166,0.985872,-0.014862,-0.995682,-0.600000,-0.600000,0.600000,0.985335,-0.600000,0.600000,-0.063346,-0.600000,-0.132231,-0.600000,0.875166,-0.600000,-0.600000,0.600000,-0.629830,0.600000,-0.243203,0.966616,0.600000,-0.400224,-0.400224,-0.698848,-0.600000,0.572122,-0.600000,0.600000,-0.600000,0.600000,0.600000,-0.600000,-0.600000,0.995682,-0.243203,-0.400224
78,1,0,0,0,N,0,25,34,1,-0.600000,1.000000,-0.715220,-0.874096,0.600000,-0.691230,-0.331872,-0.985692,-0.819309,-0.600000,-0.400224,-0.031686,0.331872,-0.937848,-0.031686,0.600000,-0.771400,-0.600000,0.715220,-0.400224,-0.600000,-0.600000,-0.996131,-0.985692,-0.600000,0.600000,0.079622,-0.771400,0.600000,-0.600000,-0.600000,0.600000,0.600000,-0.886213,0.986011,-0.014788,-0.996131,-0.600000,-0.600000,0.600000,0.985692,-0.600000,0.600000,-0.062167,-0.600000,-0.129948,-0.600000,0.886213,-0.600000,-0.600000,0.600000,-0.649433,0.600000,-0.224377,0.966938,0.600000,-0.400224,-0.400224,-0.720497,-0.600000,0.572122,-0.600000,0.600000,-0.600000,0.600000,0.600000,-0.600000,-0.600000,0.996131,-0.224377,-0.400224
79,0,0,0,0,E,0,23,35,1,-0.600000,1.000000,-0.715220,-0.876284,0.600000,-0.691230,-0.331872,-0.986179,-0.819309,-0.600000,-0.400224,-0.030627,0.331872,-0.939006,-0.030627,0.600000,-0.771400,-0.600000,0.715220,-0.400224,-0.600000,-0.600000,-0.996356,-0.986179,-0.600000,0.600000,0.077446,-0.771400,0.600000,-0.600000,-0.600000,0.600000,0.600000,-0.888218,0.986420,-0.014215,-0.996356,-0.600000,-0.600000,0.600000,0.986179,-0.600000,0.600000,-0.061009,-0.600000,-0.127700,-0.600000,0.888218,-0.600000,-0.600000,0.600000,-0.655108,0.600000,-0.220911,0.967886,0.600000,-0.400224,-0.400224,-0.724511,-0.600000,0.572122,-0.600000,0.600000,-0.600000,0.600000,0.600000,-0.600000,-0.600000,0.996356,-0.220911,-0.400224
80,1,0,0,0,W,0,21,34,1,-0.600000,1.000000,-0.715220,-0.882136,0.600000,-0.691230,-0.331872,-0.986846,-0.819309,-0.600000,-0.400224,-0.029174,0.331872,-0.939578,-0.029174,0.600000,-0.771400,-0.600000,0.715220,-0.400224,-0.600000,-0.600000,-0.996568,-0.986846,-0.600000,0.600000,0.075325,-0.771400,0.600000,-0.600000,-0.600000,0.600000,0.600000,-0.893574,0.986817,-0.014145,-0.996568,-0.600000,-0.600000,0.600000,0.986846,-0.600000,0.600000,-0.060437,-0.600000,-0.126588,-0.600000,0.893574,-0.600000,-0.600000,0.600000,-0.657365,0.600000,-0.211577,0.968807,0.600000,-0.400224,-0.400224,-0.735364,-0.600000,0.572122,-0.600000,0.600000,-0.600000,0.600000,0.600000,-0.600000,-0.600000,0.996568,-0.211577,-0.400224
81,0,0,0,0,W,0,19,33,1,-0.600000,1.000000,-0.715220,-0.883689,0.600000,-0.691230,-0.331872,-0.987230,-0.819309,-0.600000,-0.400224,-0.028334,0.331872,-0.940425,-0.028334,0.600000,-0.771400,-0.600000,0.715220,-0.400224,-0.600000,-0.600000,-0.996735,-0.987230,-0.600000,0.600000,0.073599,-0.771400,0.600000,-0.600000,-0.600000,0.600000,0.600000,-0.894995,0.987139,-0.013664,-0.996735,-0.600000,-0.600000,0.600000,0.987230,-0.600000,0.600000,-0.059589,-0.600000,-0.124936,-0.600000,0.894995,-0.600000,-0.600000,0.600000,-0.661859,0.600000,-0.209082,0.969556,0.600000,-0.400224,-0.400224,-0.738277,-0.600000,0.572122,-0.600000,0.600000,-0.600000,0.600000,0.600000,-0.600000,-0.600000,0.996735,-0.209082,-0.400224
82,0,1,0,1,N,0,17,32,1,-0.600000,1.000000,-0.715220,-0.886239,0.600000,-0.691230,-0.327448,-0.987967,-0.822256,-0.600000,-0.400224,-0.026724,0.327448,-0.943440,-0.026724,0.600000,-0.771400,-0.600000,0.715220,-0.400224,-0.600000,-0.600000,-0.996925,-0.987967,-0.600000,0.600000,0.071243,-0.771400,0.600000,-0.600000,-0.600000,0.600000,0.600000,-0.897326,0.987821,-0.012941,-0.996925,-0.600000,-0.600000,0.600000,0.987967,-0.600000,0.600000,-0.056574,-0.600000,-0.119035,-0.600000,0.897326,-0.600000,-0.600000,0.600000,-0.657372,0.600000,-0.204972,0.970575,0.600000,-0.400224,-0.400224,-0.739243,-0.600000,0.572122,-0.600000,0.600000,-0.600000,0.600000,0.600000,-0.600000,-0.600000,0.996925,-0.204972,-0.400224
83,1,0,0,0,W,0,15,31,1,-0.600000,1.000000,-0.715220,-0.891678,0.600000,-0.691230,-0.326347,-0.988261,-0.822986,-0.600000,-0.400224,-0.026080,0.326347,-0.944500,-0.026080,0.600000,-0.771400,-0.600000,0.715220,-0.400224,-0.600000,-0.600000,-0.997104,-0.988261,-0.600000,0.600000,0.070254,-0.771400,0.600000,-0.600000,-0.600000,0.600000,0.600000,-0.902293,0.988061,-0.012813,-0.997104,-0.600000,-0.600000,0.600000,0.988261,-0.600000,0.600000,-0.055514,-0.600000,-0.116949,-0.600000,0.902293,-0.600000,-0.600000,0.600000,-0.664104,0.600000,-0.196142,0.971001,0.600000,-0.400224,-0.400224,-0.748777,-0.600000,0.572122,-0.600000,0.600000,-0.600000,0.600000,0.600000,-0.600000,-0.600000,0.997104,-0.196142,-0.400224
84,0,1,0,0,W,0,13,30,1,-0.600000,1.000000,-0.715220,-0.893121,0.600000,-0.691230,-0.320870,-0.988717,-0.826605,-0.600000,-0.400224,-0.025081,0.320870,-0.945541,-0.025081,0.600000,-0.771400,-0.600000,0.715220,-0.400224,-0.600000,-0.600000,-0.997259,-0.988717,-0.600000,0.600000,0.068316,-0.771400,0.600000,-0.600000,-0.600000,0.600000,0.600000,-0.903610,0.988694,-0.012014,-0.997259,-0.600000,-0.600000,0.600000,0.988717,-0.600000,0.600000,-0.054472,-0.600000,-0.114896,-0.600000,0.903610,-0.600000,-0.600000,0.600000,-0.661874,0.600000,-0.193784,0.971836,0.600000,-0.400224,-0.400224,-0.746895,-0.600000,0.572122,-0.600000,0.600000,-0.600000,0.600000,0.600000,-0.600000,-0.600000,0.997259,-0.193784,-0.400224
85,0,0,0,0,W,0,11,29,1,-0.600000,1.000000,-0.715220,-0.894074,0.600000,-0.691230,-0.318693,-0.989526,-0.828036,-0.600000,-0.400224,-0.023307,0.318693,-0.946817,-0.023307,0.600000,-0.771400,-0.600000,0.715220,-0.400224,-0.600000,-0.600000,-0.997495,-0.989526,-0.600000,0.600000,0.063684,-0.771400,0.600000,-0.600000,-0.600000,0.600000,0.600000,-0.904480,0.989608,-0.010988,-0.997495,-0.600000,-0.600000,0.600000,0.989526,-0.600000,0.600000,-0.053196,-0.600000,-0.112373,-0.600000,0.904480,-0.600000,-0.600000,0.600000,-0.662996,0.600000,-0.192224,0.973822,0.600000,-0.400224,-0.400224,-0.746900,-0.600000,0.572122,-0.600000,0.600000,-0.600000,0.600000,0.600000,-0.600000,-0.600000,0.997495,-0.192224,-0.400224
86,0,0,0,0,stay,0,10,29,1,-0.600000,1.000000,-0.715220,-0.895957,0.600000,-0.691230,-0.318693,-0.990229,-0.828036,-0.600000,-0.400224,-0.021762,0.318693,-0.948556,-0.021762,0.600000,-0.771400,-0.600000,0.715220,-0.400224,-0.600000,-0.600000,-0.997722,-0.990229,-0.600000,0.600000,0.060191,-0.771400,0.600000,-0.600000,-0.600000,0.600000,0.600000,-0.906197,0.990209,-0.010200,-0.997722,-0.600000,-0.600000,0.600000,0.990229,-0.600000,0.600000,-0.051457,-0.600000,-0.108922,-0.600000,0.906197,-0.600000,-0.600000,0.600000,-0.668564,0.600000,-0.189133,0.975312,0.600000,-0.400224,-0.400224,-0.750667,-0.600000,0.572122,-0.600000,0.600000,-0.600000,0.600000,0.600000,-0.600000,-0.600000,0.997722,-0.189133,-0.400224
87,0,0,1,1,W,0,8,28,1,-0.600000,1.000000,-0.715220,-0.898269,0.600000,-0.691230,-0.318693,-0.990794,-0.828036,-0.600000,-0.400224,-0.020518,0.318693,-0.951180,-0.020518,0.600000,-0.771400,-0.600000,0.715220,-0.400224,-0.600000,-0.600000,-0.997855,-0.990794,-0.600000,0.600000,0.058513,-0.771400,0.600000,-0.600000,-0.600000,0.600000,0.600000,-0.908305,0.990496,-0.009852,-0.997855,-0.600000,-0.600000,0.600000,0.990794,-0.600000,0.600000,-0.048832,-0.600000,-0.103688,-0.600000,0.908305,-0.600000,-0.600000,0.600000,-0.668564,0.600000,-0.185323,0.976026,0.600000,-0.400224,-0.400224,-0.755322,-0.600000,0.572122,-0.600000,0.600000,-0.600000,0.600000,0.600000,-0.600000,-0.600000,0.997855,-0.185323,-0.400224
88,0,0,0,0,N,0,6,27,1,-0.600000,1.000000,-0.715220,-0.899181,0.600000,-0.691230,-0.318693,-0.991240,-0.828036,-0.600000,-0.400224,-0.019534,0.318693,-0.951874,-0.019534,0.600000,-0.771400,-0.600000,0.715220,-0.400224,-0.600000,-0.600000,-0.997969,-0.991240,-0.600000,0.600000,0.056610,-0.771400,0.600000,-0.600000,-0.600000,0.600000,0.600000,-0.909136,0.990821,-0.009422,-0.997969,-0.600000,-0.600000,0.600000,0.991240,-0.600000,0.600000,-0.048138,-0.600000,-0.102299,-0.600000,0.909136,-0.600000,-0.600000,0.600000,-0.669672,0.600000,-0.183815,0.976834,0.600000,-0.400224,-0.400224,-0.757168,-0.600000,0.572122,-0.600000,0.600000,-0.600000,0.600000,0.600000,-0.600000,-0.600000,0.997969,-0.183815,-0.400224
89,0,0,1,1,W,0,4,26,1,-0.600000,1.000000,-0.715220,-0.900983,0.600000,-0.691230,-0.318693,-0.991747,-0.828036,-0.600000,-0.400224,-0.018415,0.318693,-0.954337,-0.018415,0.600000,-0.771400,-0.600000,0.715220,-0.400224,-0.600000,-0.600000,-0.998088,-0.991747,-0.600000,0.600000,0.055026,-0.771400,0.600000,-0.600000,-0.600000,0.600000,0.600000,-0.910778,0.991090,-0.009055,-0.998088,-0.600000,-0.600000,0.600000,0.991747,-0.600000,0.600000,-0.045674,-0.600000,-0.097348,-0.600000,0.910778,-0.600000,-0.600000,0.600000,-0.669672,0.600000,-0.180829,0.977504,0.600000,-0.400224,-0.400224,-0.760831,-0.600000,0.572122,-0.600000,0.600000,-0.600000,0.600000,0.600000,-0.600000,-0.600000,0.998088,-0.180829,-0.400224
90,1,0,0,0,W,0,2,25,1,-0.600000,1.000000,-0.715220,-0.906219,0.600000,-0.691230,-0.318693,-0.992147,-0.828036,-0.600000,-0.400224,-0.017531,0.318693,-0.955203,-0.017531,0.600000,-0.771400,-0.600000,0.715220,-0.400224,-0.600000,-0.600000,-0.998199,-0.992147,-0.600000,0.600000,0.053737,-0.771400,0.600000,-0.600000,-0.600000,0.600000,0.600000,-0.915545,0.991309,-0.009055,-0.998199,-0.600000,-0.600000,0.600000,0.992147,-0.600000,0.600000,-0.044809,-0.600000,-0.095601,-0.600000,0.915545,-0.600000,-0.600000,0.600000,-0.671882,0.600000,-0.172097,0.978049,0.600000,-0.400224,-0.400224,-0.771592,-0.600000,0.572122,-0.600000,0.600000,-0.600000,0.600000,0.600000,-0.600000,-0.600000,0.998199,-0.172097,-0.400224
91,0,0,1,1,N,0,0,24,1,-0.600000,1.000000,-0.724306,-0.906219,0.600000,-0.700760,-0.307927,-0.992856,-0.835051,-0.600000,-0.385903,-0.015964,0.307927,-0.958710,-0.015964,0.600000,-0.781822,-0.600000,0.724306,-0.385903,-0.600000,-0.600000,-0.998362,-0.992856,-0.600000,0.600000,0.051002,-0.781822,0.600000,-0.600000,-0.600000,0.600000,0.600000,-0.915545,0.992172,-0.007837,-0.998362,-0.600000,-0.600000,0.600000,0.992856,-0.600000,0.600000,-0.038974,-0.600000,-0.088486,-0.600000,0.915545,-0.600000,-0.600000,0.600000,-0.660775,0.600000,-0.172097,0.979202,0.600000,-0.385903,-0.385903,-0.762673,-0.600000,0.572122,-0.600000,0.600000,-0.600000,0.600000,0.600000,-0.600000,-0.600000,0.998362,-0.172097,-0.385903
