tick,food_sensed_N,food_sensed_E,food_sensed_S,food_sensed_W,movement,food_consumed,energy,manhattan_dist,decision_made,conn_0_3,conn_0_4,conn_0_5,conn_0_6,conn_0_7,conn_1_0,conn_1_1,conn_1_2,conn_1_3,conn_1_10,conn_2_0,conn_2_2,conn_2_3,conn_2_5,conn_2_9,conn_2_10,conn_3_0,conn_3_1,conn_3_2,conn_3_3,conn_3_5,conn_3_8,conn_3_9,conn_4_0,conn_4_1,conn_4_2,conn_4_3,conn_4_4,conn_4_5,conn_4_7,conn_4_8,conn_4_9,conn_4_10,conn_5_0,conn_5_1,conn_5_4,conn_5_5,conn_5_6,conn_5_7,conn_5_8,conn_5_9,conn_5_10,conn_6_0,conn_6_2,conn_6_4,conn_6_6,conn_6_8,conn_6_10,conn_7_0,conn_7_1,conn_7_4,conn_7_5,conn_7_6,conn_7_7,conn_7_8,conn_7_9,conn_7_10,conn_8_1,conn_8_2,conn_8_7,conn_8_8,conn_8_10,conn_9_3,conn_9_4,conn_9_5,conn_9_6,conn_9_8,conn_9_9,conn_10_1,conn_10_8,conn_10_10
0,0,0,0,0,stay,0,30,0,0,0.600000,-0.600000,1.000000,-0.600000,-0.600000,-0.600000,0.600000,-0.600000,0.600000,0.600000,-0.600000,-0.600000,-0.600000,0.600000,-0.600000,0.600000,-0.600000,-0.600000,-0.600000,0.600000,0.600000,-0.600000,-0.600000,-0.600000,-0.600000,-0.600000,0.600000,-0.600000,-0.600000,-0.600000,-0.600000,0.600000,0.600000,0.600000,-0.600000,-0.600000,-0.600000,-0.600000,0.600000,-0.600000,0.600000,-0.600000,-0.600000,-0.600000,-0.600000,0.600000,0.600000,-0.600000,-0.600000,0.600000,-0.600000,-0.600000,-0.600000,0.600000,0.600000,-0.600000,-0.600000,-0.600000,-0.600000,-0.600000,0.600000,0.600000,-0.600000,-0.600000,-0.600000,-0.600000,0.600000,-0.600000,0.600000,-0.600000,-0.600000
1,0,0,0,0,stay,0,29,0,1,0.600000,-0.600000,1.000000,-0.600000,-0.600000,-0.595193,0.600000,-0.605988,0.600000,0.600000,-0.600000,-0.610755,-0.600000,0.583102,-0.605989,0.610755,-0.600000,-0.600000,-0.600000,0.600000,0.605988,-0.600000,-0.610755,-0.600000,-0.600000,-0.600000,0.600000,-0.600000,-0.597599,-0.600000,-0.600000,0.604793,0.600000,0.600000,-0.595193,-0.600000,-0.600000,-0.600000,0.600000,-0.600000,0.600000,-0.591575,-0.600000,-0.600000,-0.600000,0.600000,0.600000,-0.596396,-0.600000,0.600000,-0.602399,-0.600000,-0.600000,0.602399,0.600000,-0.600000,-0.604793,-0.600000,-0.604793,-0.600000,0.589158,0.600000,-0.600000,-0.600000,-0.605988,-0.610755,0.600000,-0.589158,0.589158,-0.600000,-0.600000
2,0,0,0,0,E,0,27,1,1,0.600000,-0.600000,1.000000,-0.598800,-0.600000,-0.581881,0.593988,-0.620227,0.600000,0.600000,-0.600000,-0.627272,-0.600000,0.551217,-0.619050,0.627272,-0.600000,-0.600000,-0.600000,0.600000,0.620227,-0.600000,-0.627272,-0.598800,-0.600000,-0.600000,0.600000,-0.600000,-0.598806,-0.601200,-0.598800,0.617867,0.600000,0.600000,-0.581881,-0.600000,-0.600000,-0.600000,0.600000,-0.600000,0.600000,-0.572122,-0.600000,-0.600000,-0.600000,0.600000,0.600000,-0.587948,-0.600000,0.607182,-0.607182,-0.598800,-0.600000,0.607182,0.600000,-0.600000,-0.617867,-0.600000,-0.617867,-0.600000,0.570898,0.600000,-0.600000,-0.593988,-0.620227,-0.627272,0.600000,-0.572122,0.572122,-0.593988,-0.600000
3,1,0,0,0,E,0,25,2,1,0.600000,-0.600000,1.000000,-0.598800,-0.600000,-0.569673,0.592782,-0.631939,0.600000,0.600000,-0.600000,-0.644645,-0.600000,0.520146,-0.640052,0.644645,-0.600000,-0.600000,-0.600000,0.600000,0.631939,-0.600000,-0.644645,-0.598800,-0.600000,-0.600000,0.600000,-0.600000,-0.597606,-0.601200,-0.598800,0.629608,0.600000,0.600000,-0.569673,-0.600000,-0.600000,-0.600000,0.600000,-0.600000,0.600000,-0.557380,-0.600000,-0.600000,-0.600000,0.600000,0.600000,-0.568448,-0.600000,0.608374,-0.609565,-0.598800,-0.600000,0.609565,0.600000,-0.600000,-0.629608,-0.600000,-0.629608,-0.600000,0.552441,0.600000,-0.600000,-0.592782,-0.631939,-0.644645,0.600000,-0.553677,0.553677,-0.592782,-0.600000
4,0,1,1,0,E,0,23,3,1,0.600000,-0.600000,1.000000,-0.598800,-0.600000,-0.561076,0.592782,-0.645790,0.600000,0.600000,-0.600000,-0.658277,-0.600000,0.490160,-0.652633,0.658277,-0.600000,-0.600000,-0.600000,0.600000,0.645790,-0.600000,-0.658277,-0.598800,-0.600000,-0.600000,0.600000,-0.600000,-0.597606,-0.601200,-0.598800,0.637738,0.600000,0.600000,-0.561076,-0.600000,-0.600000,-0.600000,0.600000,-0.600000,0.600000,-0.542534,-0.600000,-0.600000,-0.600000,0.600000,0.600000,-0.554912,-0.600000,0.608374,-0.609565,-0.598800,-0.600000,0.609565,0.600000,-0.600000,-0.637738,-0.600000,-0.637738,-0.600000,0.537567,0.600000,-0.600000,-0.592782,-0.645790,-0.658277,0.600000,-0.538810,0.538810,-0.592782,-0.600000
5,0,1,1,0,E,0,21,4,1,0.600000,-0.600000,1.000000,-0.596396,-0.600000,-0.554912,0.592782,-0.652627,0.600000,0.600000,-0.600000,-0.671654,-0.600000,0.467700,-0.662773,0.671654,-0.600000,-0.600000,-0.600000,0.600000,0.652627,-0.600000,-0.671654,-0.596396,-0.600000,-0.600000,0.600000,-0.600000,-0.592789,-0.603596,-0.596396,0.643498,0.600000,0.600000,-0.554912,-0.600000,-0.600000,-0.600000,0.600000,-0.600000,0.600000,-0.530103,-0.600000,-0.600000,-0.600000,0.600000,0.600000,-0.548731,-0.600000,0.610755,-0.614317,-0.596396,-0.600000,0.614317,0.600000,-0.600000,-0.643498,-0.600000,-0.643498,-0.600000,0.520131,0.600000,-0.600000,-0.592782,-0.652627,-0.671654,0.600000,-0.523872,0.523872,-0.592782,-0.600000
6,0,1,1,0,stay,1,29,4,1,0.600000,-0.600000,1.000000,-0.595193,-0.600000,-0.553677,0.592782,-0.664999,0.598800,0.600000,-0.600000,-0.684759,-0.600000,0.439195,-0.665006,0.684759,-0.600000,-0.600000,-0.600000,0.600000,0.664999,-0.600000,-0.684759,-0.595193,-0.600000,-0.601200,0.600000,-0.600000,-0.590374,-0.605988,-0.595193,0.644645,0.600000,0.600000,-0.553677,-0.600000,-0.600000,-0.600000,0.600000,-0.600000,0.600000,-0.513888,-0.600000,-0.600000,-0.600000,0.600000,0.598800,-0.548731,-0.600000,0.611944,-0.616685,-0.595193,-0.600000,0.616685,0.601200,-0.600000,-0.644645,-0.600000,-0.644645,-0.600000,0.503893,0.600000,-0.600000,-0.592782,-0.664999,-0.684759,0.600000,-0.508891,0.508891,-0.592782,-0.600000
7,0,1,1,0,stay,0,28,4,1,0.600000,-0.600000,1.000000,-0.595193,-0.600000,-0.547493,0.592782,-0.677148,0.596396,0.600000,-0.600000,-0.698632,-0.600000,0.409866,-0.669450,0.698632,-0.600000,-0.600000,-0.600000,0.600000,0.677148,-0.600000,-0.698632,-0.595193,-0.600000,-0.603596,0.600000,-0.600000,-0.587955,-0.608374,-0.595193,0.650355,0.600000,0.600000,-0.547493,-0.600000,-0.600000,-0.600000,0.600000,-0.600000,0.600000,-0.497642,-0.600000,-0.600000,-0.600000,0.600000,0.596396,-0.546254,-0.600000,0.611944,-0.619048,-0.595193,-0.600000,0.619048,0.603596,-0.600000,-0.650355,-0.600000,-0.650355,-0.600000,0.487645,0.600000,-0.600000,-0.592782,-0.677148,-0.698632,0.600000,-0.492642,0.492642,-0.592782,-0.600000
8,0,1,1,0,E,0,26,5,1,0.600000,-0.600000,1.000000,-0.592782,-0.600000,-0.543775,0.592782,-0.685838,0.593988,0.600000,-0.600000,-0.711125,-0.600000,0.385893,-0.672764,0.711125,-0.600000,-0.600000,-0.600000,0.600000,0.685838,-0.600000,-0.711125,-0.592782,-0.600000,-0.605988,0.600000,-0.600000,-0.584318,-0.613131,-0.592782,0.653761,0.600000,0.600000,-0.543775,-0.600000,-0.600000,-0.600000,0.600000,-0.600000,0.600000,-0.483897,-0.600000,-0.600000,-0.600000,0.600000,0.593988,-0.546254,-0.600000,0.614317,-0.622581,-0.592782,-0.600000,0.622581,0.605988,-0.600000,-0.653761,-0.600000,-0.653761,-0.600000,0.470175,0.600000,-0.600000,-0.592782,-0.685838,-0.711125,0.600000,-0.477656,0.477656,-0.592782,-0.600000
9,0,1,1,0,stay,1,29,5,1,0.600000,-0.600000,1.000000,-0.591575,-0.600000,-0.536324,0.592782,-0.694400,0.591575,0.600000,-0.600000,-0.724306,-0.600000,0.361300,-0.680431,0.724306,-0.600000,-0.600000,-0.600000,0.600000,0.694400,-0.600000,-0.724306,-0.591575,-0.600000,-0.608374,0.600000,-0.600000,-0.580672,-0.616685,-0.591575,0.660525,0.600000,0.600000,-0.536324,-0.600000,-0.600000,-0.600000,0.600000,-0.600000,0.600000,-0.470175,-0.600000,-0.600000,-0.600000,0.600000,0.591575,-0.541293,-0.600000,0.615502,-0.626101,-0.591575,-0.600000,0.626101,0.608374,-0.600000,-0.660525,-0.600000,-0.660525,-0.600000,0.452777,0.600000,-0.600000,-0.592782,-0.694400,-0.724306,0.600000,-0.461465,0.461465,-0.592782,-0.600000
10,0,0,1,0,E,0,27,6,1,0.600000,-0.600000,1.000000,-0.587948,-0.600000,-0.528858,0.592782,-0.699685,0.591575,0.600000,-0.600000,-0.736138,-0.600000,0.341903,-0.689077,0.736138,-0.600000,-0.600000,-0.600000,0.600000,0.699685,-0.600000,-0.736138,-0.587948,-0.600000,-0.608374,0.600000,-0.600000,-0.574575,-0.620227,-0.587948,0.667225,0.600000,0.600000,-0.528858,-0.600000,-0.600000,-0.600000,0.600000,-0.600000,0.600000,-0.457739,-0.600000,-0.600000,-0.600000,0.600000,0.591575,-0.537567,-0.600000,0.619048,-0.631939,-0.587948,-0.600000,0.631939,0.608374,-0.600000,-0.667225,-0.600000,-0.667225,-0.600000,0.434262,0.600000,-0.600000,-0.592782,-0.699685,-0.736138,0.600000,-0.446589,0.446589,-0.592782,-0.600000
11,0,0,0,1,E,0,25,7,1,0.600000,-0.600000,1.000000,-0.587948,-0.600000,-0.522625,0.592782,-0.703875,0.591575,0.596396,-0.600000,-0.745746,-0.600000,0.328515,-0.691217,0.745746,-0.600000,-0.600000,-0.600000,0.597599,0.701788,-0.602399,-0.745746,-0.587948,-0.596396,-0.608374,0.600000,-0.600000,-0.572129,-0.620227,-0.587948,0.672757,0.600000,0.602399,-0.522625,-0.600000,-0.602399,-0.600000,0.600000,-0.600000,0.600000,-0.450301,-0.600000,-0.600000,-0.600000,0.600000,0.591575,-0.537567,-0.600000,0.619048,-0.637741,-0.587948,-0.600000,0.634263,0.608374,-0.600000,-0.672757,-0.597599,-0.672757,-0.600000,0.419576,0.600000,-0.600000,-0.592782,-0.703875,-0.745746,0.600000,-0.434264,0.434264,-0.595195,-0.600000
12,0,0,1,0,W,0,23,6,1,0.600000,-0.600000,1.000000,-0.580664,-0.600000,-0.517634,0.592782,-0.708031,0.591575,0.596396,-0.600000,-0.756968,-0.600000,0.311093,-0.697590,0.756968,-0.600000,-0.600000,-0.600000,0.597599,0.705961,-0.602399,-0.756968,-0.580664,-0.596396,-0.608374,0.600000,-0.600000,-0.564773,-0.627272,-0.580664,0.677148,0.600000,0.602399,-0.517634,-0.600000,-0.602399,-0.600000,0.600000,-0.600000,0.600000,-0.437954,-0.600000,-0.600000,-0.600000,0.600000,0.591575,-0.537567,-0.600000,0.626101,-0.644648,-0.580664,-0.600000,0.641199,0.608374,-0.600000,-0.677148,-0.597599,-0.677148,-0.600000,0.397814,0.600000,-0.600000,-0.592782,-0.708031,-0.756968,0.600000,-0.419580,0.419580,-0.595195,-0.600000
13,0,0,1,0,stay,1,29,6,1,0.600000,-0.600000,1.000000,-0.579447,-0.600000,-0.515137,0.592782,-0.719281,0.591575,0.596396,-0.600000,-0.767850,-0.600000,0.286950,-0.699697,0.767850,-0.600000,-0.600000,-0.600000,0.597599,0.717259,-0.602399,-0.767850,-0.579447,-0.596396,-0.608374,0.600000,-0.600000,-0.563544,-0.628441,-0.579447,0.679333,0.600000,0.602399,-0.515137,-0.600000,-0.602399,-0.600000,0.600000,-0.600000,0.600000,-0.423239,-0.600000,-0.600000,-0.600000,0.600000,0.591575,-0.536324,-0.600000,0.627272,-0.645793,-0.579447,-0.600000,0.642349,0.608374,-0.600000,-0.679333,-0.597599,-0.679333,-0.600000,0.382341,0.600000,-0.600000,-0.592782,-0.719281,-0.767850,0.600000,-0.405036,0.405036,-0.595195,-0.600000
14,0,0,0,0,E,0,27,7,1,0.600000,-0.600000,1.000000,-0.579447,-0.600000,-0.508891,0.592782,-0.731248,0.591575,0.596396,-0.600000,-0.777522,-0.600000,0.263958,-0.708043,0.777522,-0.600000,-0.600000,-0.600000,0.597599,0.729280,-0.602399,-0.777522,-0.579447,-0.596396,-0.608374,0.600000,-0.600000,-0.563544,-0.628441,-0.579447,0.684759,0.600000,0.602399,-0.508891,-0.600000,-0.602399,-0.600000,0.600000,-0.600000,0.600000,-0.408658,-0.600000,-0.600000,-0.600000,0.600000,0.591575,-0.526366,-0.600000,0.627272,-0.645793,-0.579447,-0.600000,0.642349,0.608374,-0.600000,-0.684759,-0.597599,-0.684759,-0.600000,0.369431,0.600000,-0.600000,-0.592782,-0.731248,-0.777522,0.600000,-0.391848,0.391848,-0.595195,-0.600000
15,0,1,0,0,E,0,25,8,1,0.600000,-0.600000,1.000000,-0.579447,-0.600000,-0.501392,0.590367,-0.739045,0.587948,0.596396,-0.600000,-0.784374,-0.600000,0.248684,-0.717267,0.784374,-0.600000,-0.600000,-0.600000,0.597599,0.737114,-0.602399,-0.784374,-0.579447,-0.596396,-0.611944,0.600000,-0.600000,-0.563545,-0.631939,-0.579447,0.691205,0.600000,0.602399,-0.501392,-0.600000,-0.602399,-0.600000,0.600000,-0.600000,0.600000,-0.396627,-0.600000,-0.600000,-0.600000,0.600000,0.587948,-0.517634,-0.600000,0.629608,-0.648079,-0.579447,-0.600000,0.644645,0.611944,-0.600000,-0.691205,-0.597599,-0.691205,-0.600000,0.360157,0.600000,-0.600000,-0.590367,-0.739045,-0.784374,0.600000,-0.382353,0.382353,-0.592785,-0.600000
16,0,1,0,0,E,0,23,9,1,0.600000,-0.600000,1.000000,-0.570898,-0.600000,-0.486395,0.586737,-0.745746,0.583096,0.596396,-0.600000,-0.792722,-0.600000,0.234016,-0.730277,0.792722,-0.600000,-0.600000,-0.600000,0.596396,0.742892,-0.603596,-0.792722,-0.570898,-0.596396,-0.616685,0.600000,-0.600000,-0.559856,-0.644648,-0.570898,0.703875,0.600000,0.603596,-0.486395,-0.600000,-0.603596,-0.600000,0.600000,-0.600000,0.600000,-0.381172,-0.600000,-0.600000,-0.600000,0.600000,0.583096,-0.508891,-0.600000,0.641199,-0.654896,-0.570898,-0.600000,0.651492,0.616685,-0.600000,-0.703875,-0.596396,-0.703875,-0.600000,0.339665,0.600000,-0.600000,-0.586737,-0.745746,-0.792722,0.600000,-0.370609,0.370609,-0.590371,-0.600000
17,0,1,0,0,stay,1,29,9,1,0.600000,-0.600000,1.000000,-0.569673,-0.600000,-0.480151,0.584311,-0.753265,0.581881,0.596396,-0.600000,-0.800029,-0.600000,0.219091,-0.734203,0.800029,-0.600000,-0.600000,-0.600000,0.596396,0.750467,-0.603596,-0.800029,-0.569673,-0.596396,-0.617867,0.600000,-0.600000,-0.559857,-0.646937,-0.569673,0.709064,0.600000,0.603596,-0.480151,-0.600000,-0.603596,-0.600000,0.600000,-0.600000,0.600000,-0.369443,-0.600000,-0.600000,-0.600000,0.600000,0.581881,-0.506391,-0.600000,0.644645,-0.657154,-0.569673,-0.600000,0.653761,0.617867,-0.600000,-0.709064,-0.596396,-0.709064,-0.600000,0.328530,0.600000,-0.600000,-0.584311,-0.753265,-0.800029,0.600000,-0.360168,0.360168,-0.587951,-0.600000
18,0,0,1,0,E,0,27,10,1,0.600000,-0.600000,1.000000,-0.567221,-0.600000,-0.477656,0.584311,-0.759721,0.581881,0.596396,-0.600000,-0.809470,-0.600000,0.203233,-0.737123,0.809470,-0.600000,-0.600000,-0.600000,0.596396,0.756972,-0.603596,-0.809470,-0.567221,-0.596396,-0.617867,0.600000,-0.600000,-0.556159,-0.649219,-0.567221,0.711125,0.600000,0.603596,-0.477656,-0.600000,-0.603596,-0.600000,0.600000,-0.600000,0.600000,-0.357865,-0.600000,-0.600000,-0.600000,0.600000,0.581881,-0.506391,-0.600000,0.646934,-0.660528,-0.567221,-0.600000,0.657151,0.617867,-0.600000,-0.711125,-0.596396,-0.711125,-0.600000,0.313260,0.600000,-0.600000,-0.584311,-0.759721,-0.809470,0.600000,-0.346450,0.346450,-0.587951,-0.600000
19,0,0,1,0,stay,1,29,10,1,0.600000,-0.600000,1.000000,-0.565994,-0.600000,-0.475161,0.584311,-0.768741,0.581881,0.596396,-0.600000,-0.818566,-0.600000,0.185952,-0.738092,0.818566,-0.600000,-0.600000,-0.600000,0.596396,0.766063,-0.603596,-0.818566,-0.565994,-0.596396,-0.617867,0.600000,-0.600000,-0.554925,-0.650358,-0.565994,0.713177,0.600000,0.603596,-0.475161,-0.600000,-0.603596,-0.600000,0.600000,-0.600000,0.600000,-0.345318,-0.600000,-0.600000,-0.600000,0.600000,0.581881,-0.506391,-0.600000,0.648076,-0.661649,-0.565994,-0.600000,0.658277,0.617867,-0.600000,-0.713177,-0.596396,-0.713177,-0.600000,0.299434,0.600000,-0.600000,-0.584311,-0.768741,-0.818566,0.600000,-0.332982,0.332982,-0.587951,-0.600000
20,0,1,0,0,E,0,27,11,1,0.600000,-0.600000,1.000000,-0.565994,-0.600000,-0.461465,0.580664,-0.777522,0.577009,0.596396,-0.600000,-0.827321,-0.600000,0.169834,-0.744809,0.827321,-0.600000,-0.600000,-0.600000,0.596396,0.774916,-0.603596,-0.827321,-0.565994,-0.596396,-0.622581,0.600000,-0.600000,-0.554927,-0.654896,-0.565994,0.724306,0.600000,0.603596,-0.461465,-0.600000,-0.603596,-0.600000,0.600000,-0.600000,0.600000,-0.330763,-0.600000,-0.600000,-0.600000,0.600000,0.577009,-0.501392,-0.600000,0.651492,-0.665002,-0.565994,-0.600000,0.661646,0.622581,-0.600000,-0.724306,-0.596396,-0.724306,-0.600000,0.286989,0.600000,-0.600000,-0.580664,-0.777522,-0.827321,0.600000,-0.319781,0.319781,-0.584314,-0.600000
21,0,1,0,0,stay,0,26,11,1,0.600000,-0.600000,1.000000,-0.565994,-0.600000,-0.445354,0.580664,-0.777522,0.563536,0.596396,-0.600000,-0.827321,-0.600000,0.169834,-0.744809,0.827321,-0.600000,-0.600000,-0.600000,0.596396,0.774916,-0.603596,-0.827321,-0.565994,-0.596396,-0.635423,0.600000,-0.600000,-0.554927,-0.667228,-0.565994,0.737110,0.600000,0.603596,-0.445354,-0.600000,-0.603596,-0.600000,0.600000,-0.600000,0.600000,-0.330763,-0.600000,-0.600000,-0.600000,0.600000,0.563536,-0.501392,-0.600000,0.651492,-0.665002,-0.565994,-0.600000,0.661646,0.635423,-0.600000,-0.737110,-0.596396,-0.737110,-0.600000,0.286989,0.600000,-0.600000,-0.580664,-0.777522,-0.827321,0.600000,-0.319781,0.319781,-0.584314,-0.600000
22,0,0,1,0,W,0,24,10,1,0.600000,-0.600000,1.000000,-0.565994,-0.600000,-0.442884,0.580664,-0.784374,0.562307,0.596396,-0.600000,-0.834359,-0.600000,0.157481,-0.746708,0.834359,-0.600000,-0.600000,-0.600000,0.596396,0.781826,-0.603596,-0.834359,-0.565994,-0.596396,-0.636581,0.600000,-0.600000,-0.553692,-0.668338,-0.565994,0.739045,0.600000,0.603596,-0.442884,-0.600000,-0.603596,-0.600000,0.600000,-0.600000,0.600000,-0.320870,-0.600000,-0.600000,-0.600000,0.600000,0.562307,-0.500142,-0.600000,0.651492,-0.666116,-0.565994,-0.600000,0.662766,0.636581,-0.600000,-0.739045,-0.596396,-0.739045,-0.600000,0.276856,0.600000,-0.600000,-0.580664,-0.784374,-0.834359,0.600000,-0.308994,0.308994,-0.584314,-0.600000
23,0,1,0,0,E,0,22,11,1,0.600000,-0.600000,1.000000,-0.565994,-0.600000,-0.426906,0.577009,-0.790243,0.553677,0.596396,-0.600000,-0.838471,-0.600000,0.149028,-0.756059,0.838471,-0.600000,-0.600000,-0.600000,0.596396,0.787745,-0.603596,-0.838471,-0.565994,-0.596396,-0.644645,0.600000,-0.600000,-0.554929,-0.676057,-0.565994,0.751400,0.600000,0.603596,-0.426906,-0.600000,-0.603596,-0.600000,0.600000,-0.600000,0.600000,-0.311136,-0.600000,-0.600000,-0.600000,0.600000,0.553677,-0.490143,-0.600000,0.654892,-0.668338,-0.565994,-0.600000,0.664999,0.644645,-0.600000,-0.751400,-0.596396,-0.751400,-0.600000,0.270884,0.600000,-0.600000,-0.577009,-0.790243,-0.838471,0.600000,-0.302619,0.302619,-0.580668,-0.600000
24,0,0,1,0,W,0,20,10,1,0.600000,-0.600000,1.000000,-0.565994,-0.600000,-0.422018,0.577009,-0.794363,0.553677,0.596396,-0.600000,-0.845794,-0.600000,0.139137,-0.758818,0.845794,-0.600000,-0.600000,-0.600000,0.596396,0.791901,-0.603596,-0.845794,-0.565994,-0.596396,-0.644645,0.600000,-0.600000,-0.551222,-0.676057,-0.565994,0.755122,0.600000,0.603596,-0.422018,-0.600000,-0.603596,-0.600000,0.600000,-0.600000,0.600000,-0.302620,-0.600000,-0.600000,-0.600000,0.600000,0.553677,-0.490143,-0.600000,0.654892,-0.671657,-0.565994,-0.600000,0.668335,0.644645,-0.600000,-0.755122,-0.596396,-0.755122,-0.600000,0.260146,0.600000,-0.600000,-0.577009,-0.794363,-0.845794,0.600000,-0.291128,0.291128,-0.580668,-0.600000
25,0,1,0,0,E,0,18,11,1,0.600000,-0.600000,1.000000,-0.565994,-0.600000,-0.407449,0.569673,-0.804005,0.547493,0.596396,-0.600000,-0.852215,-0.600000,0.126451,-0.771413,0.852215,-0.600000,-0.600000,-0.600000,0.596396,0.801630,-0.603596,-0.852215,-0.565994,-0.596396,-0.650355,0.600000,-0.600000,-0.552462,-0.681512,-0.565994,0.766060,0.600000,0.603596,-0.407449,-0.600000,-0.603596,-0.600000,0.600000,-0.600000,0.600000,-0.284968,-0.600000,-0.600000,-0.600000,0.600000,0.547493,-0.478903,-0.600000,0.661646,-0.677151,-0.565994,-0.600000,0.673858,0.650355,-0.600000,-0.766060,-0.596396,-0.766060,-0.600000,0.250627,0.600000,-0.600000,-0.569673,-0.804005,-0.852215,0.600000,-0.280907,0.280907,-0.573349,-0.600000
26,0,1,0,0,stay,0,17,11,1,0.600000,-0.600000,1.000000,-0.565994,-0.600000,-0.393041,0.567221,-0.805578,0.535081,0.596396,-0.600000,-0.853472,-0.600000,0.124254,-0.774051,0.853472,-0.600000,-0.600000,-0.600000,0.596396,0.803218,-0.603596,-0.853472,-0.565994,-0.596396,-0.661646,0.600000,-0.600000,-0.553699,-0.692275,-0.565994,0.776655,0.600000,0.603596,-0.393041,-0.600000,-0.603596,-0.600000,0.600000,-0.600000,0.600000,-0.281918,-0.600000,-0.600000,-0.600000,0.600000,0.535081,-0.476408,-0.600000,0.663883,-0.678245,-0.565994,-0.600000,0.674957,0.661646,-0.600000,-0.776655,-0.596396,-0.776655,-0.600000,0.248752,0.600000,-0.600000,-0.567221,-0.805578,-0.853472,0.600000,-0.278890,0.278890,-0.570902,-0.600000
27,0,0,0,1,S,0,15,12,1,0.600000,-0.600000,1.000000,-0.565994,-0.600000,-0.382353,0.567221,-0.805578,0.533837,0.591575,-0.600000,-0.855341,-0.600000,0.124798,-0.774051,0.855341,-0.600000,-0.600000,-0.600000,0.591575,0.800042,-0.608374,-0.855341,-0.565994,-0.591575,-0.662766,0.600000,-0.600000,-0.553699,-0.693340,-0.565994,0.784374,0.600000,0.608374,-0.382353,-0.600000,-0.608374,-0.600000,0.600000,-0.600000,0.600000,-0.281918,-0.600000,-0.600000,-0.600000,0.600000,0.533837,-0.476408,-0.600000,0.663883,-0.682597,-0.565994,-0.600000,0.674957,0.662766,-0.600000,-0.784374,-0.591575,-0.784374,-0.600000,0.242253,0.600000,-0.600000,-0.567221,-0.805578,-0.855341,0.600000,-0.275880,0.275880,-0.575796,-0.600000
28,0,0,1,0,W,0,13,11,1,0.600000,-0.600000,1.000000,-0.558612,-0.600000,-0.375289,0.567221,-0.808696,0.533837,0.591575,-0.600000,-0.862621,-0.600000,0.116296,-0.779261,0.862621,-0.600000,-0.600000,-0.600000,0.591575,0.803227,-0.608374,-0.862621,-0.558612,-0.591575,-0.662766,0.600000,-0.600000,-0.546276,-0.699688,-0.558612,0.789412,0.600000,0.608374,-0.375289,-0.600000,-0.608374,-0.600000,0.600000,-0.600000,0.600000,-0.271896,-0.600000,-0.600000,-0.600000,0.600000,0.533837,-0.476408,-0.600000,0.670550,-0.689067,-0.558612,-0.600000,0.681509,0.662766,-0.600000,-0.789412,-0.591575,-0.789412,-0.600000,0.226083,0.600000,-0.600000,-0.567221,-0.808696,-0.862621,0.600000,-0.264043,0.264043,-0.575796,-0.600000
29,0,0,1,0,stay,1,29,11,1,0.600000,-0.600000,1.000000,-0.557380,-0.600000,-0.372946,0.567221,-0.817074,0.533837,0.591575,-0.600000,-0.869590,-0.600000,0.104947,-0.780122,0.869590,-0.600000,-0.600000,-0.600000,0.591575,0.811789,-0.608374,-0.869590,-0.557380,-0.591575,-0.662766,0.600000,-0.600000,-0.545037,-0.700738,-0.557380,0.791072,0.600000,0.608374,-0.372946,-0.600000,-0.608374,-0.600000,0.600000,-0.600000,0.600000,-0.260168,-0.600000,-0.600000,-0.600000,0.600000,0.533837,-0.476408,-0.600000,0.671654,-0.690138,-0.557380,-0.600000,0.682594,0.662766,-0.600000,-0.791072,-0.591575,-0.791072,-0.600000,0.214895,0.600000,-0.600000,-0.567221,-0.817074,-0.869590,0.600000,-0.252536,0.252536,-0.575796,-0.600000
30,0,0,0,0,E,0,27,12,1,0.600000,-0.600000,1.000000,-0.557380,-0.600000,-0.368278,0.562307,-0.827321,0.533837,0.591575,-0.600000,-0.877339,-0.600000,0.092464,-0.784386,0.877339,-0.600000,-0.600000,-0.600000,0.591575,0.822267,-0.608374,-0.877339,-0.557380,-0.591575,-0.662766,0.600000,-0.600000,-0.547517,-0.700738,-0.557380,0.794363,0.600000,0.608374,-0.368278,-0.600000,-0.608374,-0.600000,0.600000,-0.600000,0.600000,-0.245049,-0.600000,-0.600000,-0.600000,0.600000,0.533837,-0.472667,-0.600000,0.676053,-0.692275,-0.557380,-0.600000,0.684759,0.662766,-0.600000,-0.794363,-0.591575,-0.794363,-0.600000,0.203304,0.600000,-0.600000,-0.562307,-0.827321,-0.877339,0.600000,-0.239536,0.239536,-0.570905,-0.600000
31,1,0,1,0,E,0,25,13,1,0.600000,-0.600000,1.000000,-0.557380,-0.600000,-0.362477,0.562307,-0.835739,0.533837,0.591575,-0.600000,-0.883663,-0.600000,0.082837,-0.794377,0.883663,-0.600000,-0.600000,-0.600000,0.591575,0.830881,-0.608374,-0.883663,-0.557380,-0.591575,-0.662766,0.600000,-0.600000,-0.546278,-0.700738,-0.557380,0.798422,0.600000,0.608374,-0.362477,-0.600000,-0.608374,-0.600000,0.600000,-0.600000,0.600000,-0.233207,-0.600000,-0.600000,-0.600000,0.600000,0.533837,-0.458980,-0.600000,0.676053,-0.693340,-0.557380,-0.600000,0.685838,0.662766,-0.600000,-0.798422,-0.591575,-0.798422,-0.600000,0.193744,0.600000,-0.600000,-0.562307,-0.835739,-0.883663,0.600000,-0.228764,0.228764,-0.570905,-0.600000
32,0,0,0,0,E,0,23,14,1,0.600000,-0.600000,1.000000,-0.557380,-0.600000,-0.355569,0.562307,-0.843824,0.533837,0.591575,-0.600000,-0.889702,-0.600000,0.074130,-0.804018,0.889702,-0.600000,-0.600000,-0.600000,0.591575,0.839159,-0.608374,-0.889702,-0.557380,-0.591575,-0.662766,0.600000,-0.600000,-0.546278,-0.700738,-0.557380,0.803215,0.600000,0.608374,-0.355569,-0.600000,-0.608374,-0.600000,0.600000,-0.600000,0.600000,-0.222636,-0.600000,-0.600000,-0.600000,0.600000,0.533837,-0.444119,-0.600000,0.676053,-0.693340,-0.557380,-0.600000,0.685838,0.662766,-0.600000,-0.803215,-0.591575,-0.803215,-0.600000,0.184530,0.600000,-0.600000,-0.562307,-0.843824,-0.889702,0.600000,-0.218337,0.218337,-0.570905,-0.600000
33,1,0,0,0,E,0,21,15,1,0.600000,-0.600000,1.000000,-0.557380,-0.600000,-0.347584,0.562307,-0.850948,0.533837,0.591575,-0.600000,-0.895933,-0.600000,0.066272,-0.814076,0.895933,-0.600000,-0.600000,-0.600000,0.591575,0.846457,-0.608374,-0.895933,-0.557380,-0.591575,-0.662766,0.600000,-0.600000,-0.545039,-0.700738,-0.557380,0.808696,0.600000,0.608374,-0.347584,-0.600000,-0.608374,-0.600000,0.600000,-0.600000,0.600000,-0.212410,-0.600000,-0.600000,-0.600000,0.600000,0.533837,-0.429355,-0.600000,0.676053,-0.694403,-0.557380,-0.600000,0.686916,0.662766,-0.600000,-0.808696,-0.591575,-0.808696,-0.600000,0.174933,0.600000,-0.600000,-0.562307,-0.850948,-0.895933,0.600000,-0.207431,0.207431,-0.570905,-0.600000
34,1,0,0,0,stay,0,20,15,1,0.600000,-0.600000,1.000000,-0.557380,-0.600000,-0.340807,0.562307,-0.858412,0.533837,0.591575,-0.600000,-0.901406,-0.600000,0.059193,-0.823001,0.901406,-0.600000,-0.600000,-0.600000,0.591575,0.854107,-0.608374,-0.901406,-0.557380,-0.591575,-0.662766,0.600000,-0.600000,-0.545039,-0.700738,-0.557380,0.813302,0.600000,0.608374,-0.340807,-0.600000,-0.608374,-0.600000,0.600000,-0.600000,0.600000,-0.202532,-0.600000,-0.600000,-0.600000,0.600000,0.533837,-0.414715,-0.600000,0.676053,-0.694403,-0.557380,-0.600000,0.686916,0.662766,-0.600000,-0.813302,-0.591575,-0.813302,-0.600000,0.166428,0.600000,-0.600000,-0.562307,-0.858412,-0.901406,0.600000,-0.197726,0.197726,-0.570905,-0.600000
35,0,1,1,0,E,0,18,16,1,0.600000,-0.600000,1.000000,-0.557380,-0.600000,-0.334095,0.562307,-0.865562,0.533837,0.591575,-0.600000,-0.906622,-0.600000,0.052826,-0.830884,0.906622,-0.600000,-0.600000,-0.600000,0.591575,0.861439,-0.608374,-0.906622,-0.557380,-0.591575,-0.662766,0.600000,-0.600000,-0.543799,-0.700738,-0.557380,0.817821,0.600000,0.608374,-0.334095,-0.600000,-0.608374,-0.600000,0.600000,-0.600000,0.600000,-0.192218,-0.600000,-0.600000,-0.600000,0.600000,0.533837,-0.402628,-0.600000,0.676053,-0.695464,-0.557380,-0.600000,0.687991,0.662766,-0.600000,-0.817821,-0.591575,-0.817821,-0.600000,0.158256,0.600000,-0.600000,-0.562307,-0.865562,-0.906622,0.600000,-0.188366,0.188366,-0.570905,-0.600000
36,0,1,1,0,stay,0,17,16,1,0.600000,-0.600000,1.000000,-0.557380,-0.600000,-0.331872,0.562307,-0.872404,0.531348,0.591575,-0.600000,-0.911589,-0.600000,0.047110,-0.830884,0.911589,-0.600000,-0.600000,-0.600000,0.591575,0.868459,-0.608374,-0.911589,-0.557380,-0.591575,-0.664999,0.600000,-0.600000,-0.543799,-0.702833,-0.557380,0.819309,0.600000,0.608374,-0.331872,-0.600000,-0.608374,-0.600000,0.600000,-0.600000,0.600000,-0.183060,-0.600000,-0.600000,-0.600000,0.600000,0.531348,-0.402628,-0.600000,0.676053,-0.695464,-0.557380,-0.600000,0.687991,0.664999,-0.600000,-0.819309,-0.591575,-0.819309,-0.600000,0.150413,0.600000,-0.600000,-0.562307,-0.872404,-0.911589,0.600000,-0.179350,0.179350,-0.570905,-0.600000
37,0,0,0,0,E,0,15,17,1,0.600000,-0.600000,1.000000,-0.552441,-0.600000,-0.327448,0.558612,-0.875713,0.531348,0.591575,-0.600000,-0.915156,-0.600000,0.043845,-0.835753,0.915156,-0.600000,-0.600000,-0.600000,0.591575,0.871855,-0.608374,-0.915156,-0.552441,-0.591575,-0.664999,0.600000,-0.600000,-0.542560,-0.706998,-0.552441,0.822256,0.600000,0.608374,-0.327448,-0.600000,-0.608374,-0.600000,0.600000,-0.600000,0.600000,-0.175689,-0.600000,-0.600000,-0.600000,0.600000,0.531348,-0.399023,-0.600000,0.683680,-0.699688,-0.552441,-0.600000,0.692272,0.664999,-0.600000,-0.822256,-0.591575,-0.822256,-0.600000,0.142274,0.600000,-0.600000,-0.558612,-0.875713,-0.915156,0.600000,-0.172812,0.172812,-0.567228,-0.600000
38,0,0,0,0,stay,1,29,17,1,0.600000,-0.600000,1.000000,-0.551205,-0.600000,-0.315442,0.558612,-0.877339,0.531348,0.591575,-0.600000,-0.916700,-0.600000,0.042396,-0.837123,0.916700,-0.600000,-0.600000,-0.600000,0.591575,0.873524,-0.608374,-0.916700,-0.551205,-0.591575,-0.664999,0.600000,-0.600000,-0.541319,-0.708033,-0.551205,0.830165,0.600000,0.608374,-0.315442,-0.600000,-0.608374,-0.600000,0.600000,-0.600000,0.600000,-0.172806,-0.600000,-0.600000,-0.600000,0.600000,0.531348,-0.397824,-0.600000,0.684761,-0.700738,-0.551205,-0.600000,0.693337,0.664999,-0.600000,-0.830165,-0.591575,-0.830165,-0.600000,0.139245,0.600000,-0.600000,-0.558612,-0.877339,-0.916700,0.600000,-0.169967,0.169967,-0.567228,-0.600000
39,0,0,1,0,W,0,27,16,1,0.600000,-0.600000,1.000000,-0.551205,-0.600000,-0.312209,0.558612,-0.881063,0.531348,0.591575,-0.600000,-0.920813,-0.600000,0.038875,-0.838485,0.920813,-0.600000,-0.600000,-0.600000,0.591575,0.877348,-0.608374,-0.920813,-0.551205,-0.591575,-0.664999,0.600000,-0.600000,-0.538836,-0.708033,-0.551205,0.832273,0.600000,0.608374,-0.312209,-0.600000,-0.608374,-0.600000,0.600000,-0.600000,0.600000,-0.166458,-0.600000,-0.600000,-0.600000,0.600000,0.531348,-0.397824,-0.600000,0.684761,-0.702833,-0.551205,-0.600000,0.695461,0.664999,-0.600000,-0.832273,-0.591575,-0.832273,-0.600000,0.132771,0.600000,-0.600000,-0.558612,-0.881063,-0.920813,0.600000,-0.162335,0.162335,-0.567228,-0.600000
40,0,0,0,0,E,0,25,17,1,0.600000,-0.600000,1.000000,-0.551205,-0.600000,-0.310064,0.556146,-0.886213,0.531348,0.591575,-0.600000,-0.924039,-0.600000,0.035464,-0.840509,0.924039,-0.600000,-0.600000,-0.600000,0.591575,0.882637,-0.608374,-0.924039,-0.551205,-0.591575,-0.664999,0.600000,-0.600000,-0.540079,-0.708033,-0.551205,0.833666,0.600000,0.608374,-0.310064,-0.600000,-0.608374,-0.600000,0.600000,-0.600000,0.600000,-0.158954,-0.600000,-0.600000,-0.600000,0.600000,0.531348,-0.395430,-0.600000,0.686918,-0.703877,-0.551205,-0.600000,0.696520,0.664999,-0.600000,-0.833666,-0.591575,-0.833666,-0.600000,0.127665,0.600000,-0.600000,-0.556146,-0.886213,-0.924039,0.600000,-0.156299,0.156299,-0.564772,-0.600000
41,0,0,0,0,E,0,23,18,1,0.600000,-0.600000,1.000000,-0.551205,-0.600000,-0.307927,0.553677,-0.891168,0.531348,0.591575,-0.600000,-0.927819,-0.600000,0.032028,-0.843176,0.927819,-0.600000,-0.600000,-0.600000,0.591575,0.887728,-0.608374,-0.927819,-0.551205,-0.591575,-0.664999,0.600000,-0.600000,-0.540080,-0.708033,-0.551205,0.835051,0.600000,0.608374,-0.307927,-0.600000,-0.608374,-0.600000,0.600000,-0.600000,0.600000,-0.151080,-0.600000,-0.600000,-0.600000,0.600000,0.531348,-0.393041,-0.600000,0.689066,-0.705960,-0.551205,-0.600000,0.698632,0.664999,-0.600000,-0.835051,-0.591575,-0.835051,-0.600000,0.121654,0.600000,-0.600000,-0.553677,-0.891168,-0.927819,0.600000,-0.149170,0.149170,-0.562314,-0.600000
42,0,0,0,0,stay,0,22,18,1,0.600000,-0.600000,1.000000,-0.551205,-0.600000,-0.301564,0.549968,-0.895465,0.531348,0.591575,-0.600000,-0.930781,-0.600000,0.029343,-0.847109,0.930781,-0.600000,-0.600000,-0.600000,0.591575,0.892144,-0.608374,-0.930781,-0.551205,-0.591575,-0.664999,0.600000,-0.600000,-0.541323,-0.708033,-0.551205,0.839148,0.600000,0.608374,-0.301564,-0.600000,-0.608374,-0.600000,0.600000,-0.600000,0.600000,-0.144149,-0.600000,-0.600000,-0.600000,0.600000,0.531348,-0.388277,-0.600000,0.692274,-0.708033,-0.551205,-0.600000,0.700735,0.664999,-0.600000,-0.839148,-0.591575,-0.839148,-0.600000,0.116917,0.600000,-0.600000,-0.549968,-0.895465,-0.930781,0.600000,-0.143538,0.143538,-0.558620,-0.600000
43,1,1,1,0,E,0,20,19,1,0.600000,-0.600000,1.000000,-0.551205,-0.600000,-0.296320,0.549968,-0.900960,0.531348,0.591575,-0.600000,-0.934556,-0.600000,0.026097,-0.854110,0.934556,-0.600000,-0.600000,-0.600000,0.591575,0.897794,-0.608374,-0.934556,-0.551205,-0.591575,-0.664999,0.600000,-0.600000,-0.541323,-0.708033,-0.551205,0.842500,0.600000,0.608374,-0.296320,-0.600000,-0.608374,-0.600000,0.600000,-0.600000,0.600000,-0.136890,-0.600000,-0.600000,-0.600000,0.600000,0.531348,-0.375289,-0.600000,0.692274,-0.708033,-0.551205,-0.600000,0.700735,0.664999,-0.600000,-0.842500,-0.591575,-0.842500,-0.600000,0.110852,0.600000,-0.600000,-0.549968,-0.900960,-0.934556,0.600000,-0.136306,0.136306,-0.558620,-0.600000
44,0,0,0,0,E,0,18,20,1,0.600000,-0.600000,1.000000,-0.551205,-0.600000,-0.291128,0.549968,-0.906197,0.531348,0.591575,-0.600000,-0.937848,-0.600000,0.023316,-0.859032,0.937848,-0.600000,-0.600000,-0.600000,0.591575,0.903180,-0.608374,-0.937848,-0.551205,-0.591575,-0.664999,0.600000,-0.600000,-0.541323,-0.708033,-0.551205,0.845794,0.600000,0.608374,-0.291128,-0.600000,-0.608374,-0.600000,0.600000,-0.600000,0.600000,-0.129942,-0.600000,-0.600000,-0.600000,0.600000,0.531348,-0.365953,-0.600000,0.692274,-0.708033,-0.551205,-0.600000,0.700735,0.664999,-0.600000,-0.845794,-0.591575,-0.845794,-0.600000,0.105536,0.600000,-0.600000,-0.549968,-0.906197,-0.937848,0.600000,-0.129948,0.129948,-0.558620,-0.600000
45,0,0,1,1,E,0,16,21,1,0.600000,-0.600000,1.000000,-0.551205,-0.600000,-0.282934,0.547493,-0.906622,0.531348,0.584311,-0.600000,-0.941539,-0.600000,0.021985,-0.863225,0.941539,-0.600000,-0.600000,-0.600000,0.589158,0.902745,-0.610755,-0.941539,-0.551205,-0.584311,-0.664999,0.600000,-0.600000,-0.537598,-0.708033,-0.551205,0.850948,0.600000,0.610755,-0.282934,-0.600000,-0.610755,-0.600000,0.600000,-0.600000,0.600000,-0.126582,-0.600000,-0.600000,-0.600000,0.600000,0.531348,-0.363634,-0.600000,0.694402,-0.719292,-0.551205,-0.600000,0.705957,0.664999,-0.600000,-0.850948,-0.589158,-0.850948,-0.600000,0.098646,0.600000,-0.600000,-0.547493,-0.906622,-0.941539,0.600000,-0.122761,0.122761,-0.558621,-0.600000
46,0,0,1,1,stay,0,15,21,1,0.600000,-0.600000,1.000000,-0.551205,-0.600000,-0.274881,0.547493,-0.906622,0.531348,0.577009,-0.600000,-0.945283,-0.600000,0.020728,-0.866735,0.945283,-0.600000,-0.600000,-0.600000,0.586737,0.901865,-0.613131,-0.945283,-0.551205,-0.577009,-0.664999,0.600000,-0.600000,-0.530134,-0.708033,-0.551205,0.855960,0.600000,0.613131,-0.274881,-0.600000,-0.613131,-0.600000,0.600000,-0.600000,0.600000,-0.123296,-0.600000,-0.600000,-0.600000,0.600000,0.531348,-0.363634,-0.600000,0.694402,-0.731273,-0.551205,-0.600000,0.712152,0.664999,-0.600000,-0.855960,-0.586737,-0.855960,-0.600000,0.091740,0.600000,-0.600000,-0.547493,-0.906622,-0.945283,0.600000,-0.115406,0.115406,-0.561086,-0.600000
47,0,0,1,1,stay,0,14,21,1,0.600000,-0.600000,1.000000,-0.551205,-0.600000,-0.262102,0.547493,-0.906622,0.531348,0.567221,-0.600000,-0.950478,-0.600000,0.019256,-0.870733,0.950478,-0.600000,-0.600000,-0.600000,0.579447,0.899183,-0.620227,-0.950478,-0.551205,-0.567221,-0.664999,0.600000,-0.600000,-0.521409,-0.708033,-0.551205,0.863804,0.600000,0.620227,-0.262102,-0.600000,-0.620227,-0.600000,0.600000,-0.600000,0.600000,-0.119555,-0.600000,-0.600000,-0.600000,0.600000,0.531348,-0.363634,-0.600000,0.694402,-0.745786,-0.551205,-0.600000,0.719281,0.664999,-0.600000,-0.863804,-0.579447,-0.863804,-0.600000,0.081064,0.600000,-0.600000,-0.547493,-0.906622,-0.950478,0.600000,-0.105093,0.105093,-0.568462,-0.600000
48,0,0,1,1,stay,0,13,21,1,0.600000,-0.600000,1.000000,-0.551205,-0.600000,-0.248775,0.547493,-0.906622,0.531348,0.556146,-0.600000,-0.955417,-0.600000,0.017711,-0.875177,0.955417,-0.600000,-0.600000,-0.600000,0.573345,0.896899,-0.626101,-0.955417,-0.551205,-0.556146,-0.664999,0.600000,-0.600000,-0.511420,-0.708033,-0.551205,0.871846,0.600000,0.626101,-0.248775,-0.600000,-0.626101,-0.600000,0.600000,-0.600000,0.600000,-0.115401,-0.600000,-0.600000,-0.600000,0.600000,0.531348,-0.363634,-0.600000,0.694402,-0.761600,-0.551205,-0.600000,0.727295,0.664999,-0.600000,-0.871846,-0.573345,-0.871846,-0.600000,0.071534,0.600000,-0.600000,-0.547493,-0.906622,-0.955417,0.600000,-0.095169,0.095169,-0.574586,-0.600000
49,0,0,0,0,W,0,11,20,1,0.600000,-0.600000,1.000000,-0.541293,-0.600000,-0.241365,0.547493,-0.908721,0.531348,0.554912,-0.600000,-0.958511,-0.600000,0.016047,-0.880548,0.958511,-0.600000,-0.600000,-0.600000,0.573345,0.899192,-0.626101,-0.958511,-0.541293,-0.554912,-0.664999,0.600000,-0.600000,-0.501423,-0.716242,-0.541293,0.876257,0.600000,0.626101,-0.241365,-0.600000,-0.626101,-0.600000,0.600000,-0.600000,0.600000,-0.108917,-0.600000,-0.600000,-0.600000,0.600000,0.531348,-0.361322,-0.600000,0.702832,-0.769685,-0.541293,-0.600000,0.735165,0.664999,-0.600000,-0.876257,-0.573345,-0.876257,-0.600000,0.064241,0.600000,-0.600000,-0.547493,-0.908721,-0.958511,0.600000,-0.088891,0.088891,-0.574586,-0.600000
50,0,0,0,0,stay,1,29,20,1,0.600000,-0.600000,1.000000,-0.540052,-0.600000,-0.237717,0.545015,-0.912793,0.531348,0.554912,-0.600000,-0.960649,-0.600000,0.014465,-0.883157,0.960649,-0.600000,-0.600000,-0.600000,0.573345,0.903643,-0.626101,-0.960649,-0.540052,-0.554912,-0.664999,0.600000,-0.600000,-0.500173,-0.717258,-0.540052,0.878413,0.600000,0.626101,-0.237717,-0.600000,-0.626101,-0.600000,0.600000,-0.600000,0.600000,-0.102755,-0.600000,-0.600000,-0.600000,0.600000,0.531348,-0.359016,-0.600000,0.705959,-0.772336,-0.540052,-0.600000,0.738079,0.664999,-0.600000,-0.878413,-0.573345,-0.878413,-0.600000,0.060718,0.600000,-0.600000,-0.545015,-0.912793,-0.960649,0.600000,-0.084527,0.084527,-0.572141,-0.600000
51,0,0,1,0,E,0,27,21,1,0.600000,-0.600000,1.000000,-0.540052,-0.600000,-0.233211,0.542534,-0.914375,0.531348,0.554912,-0.600000,-0.962681,-0.600000,0.013430,-0.886224,0.962681,-0.600000,-0.600000,-0.600000,0.573345,0.905374,-0.626101,-0.962681,-0.540052,-0.554912,-0.664999,0.600000,-0.600000,-0.497673,-0.717258,-0.540052,0.881063,0.600000,0.626101,-0.233211,-0.600000,-0.626101,-0.600000,0.600000,-0.600000,0.600000,-0.099118,-0.600000,-0.600000,-0.600000,0.600000,0.531348,-0.356716,-0.600000,0.708032,-0.775839,-0.540052,-0.600000,0.741931,0.664999,-0.600000,-0.881063,-0.573345,-0.881063,-0.600000,0.057649,0.600000,-0.600000,-0.542534,-0.914375,-0.962681,0.600000,-0.080359,0.080359,-0.569692,-0.600000
52,0,1,0,0,E,0,25,22,1,0.600000,-0.600000,1.000000,-0.540052,-0.600000,-0.224377,0.541293,-0.917462,0.521378,0.554912,-0.600000,-0.963571,-0.600000,0.012592,-0.887730,0.963571,-0.600000,-0.600000,-0.600000,0.573345,0.908753,-0.626101,-0.963571,-0.540052,-0.554912,-0.673858,0.600000,-0.600000,-0.498923,-0.725308,-0.540052,0.886213,0.600000,0.626101,-0.224377,-0.600000,-0.626101,-0.600000,0.600000,-0.600000,0.600000,-0.095596,-0.600000,-0.600000,-0.600000,0.600000,0.521378,-0.353279,-0.600000,0.709066,-0.775839,-0.540052,-0.600000,0.741931,0.673858,-0.600000,-0.886213,-0.573345,-0.886213,-0.600000,0.056303,0.600000,-0.600000,-0.541293,-0.917462,-0.963571,0.600000,-0.078527,0.078527,-0.568467,-0.600000
53,0,0,0,0,E,0,23,23,1,0.600000,-0.600000,1.000000,-0.527612,-0.600000,-0.219192,0.541293,-0.917462,0.520130,0.554912,-0.600000,-0.965121,-0.600000,0.012044,-0.892146,0.965121,-0.600000,-0.600000,-0.600000,0.573345,0.908753,-0.626101,-0.965121,-0.527612,-0.554912,-0.674957,0.600000,-0.600000,-0.487675,-0.736141,-0.527612,0.889209,0.600000,0.626101,-0.219192,-0.600000,-0.626101,-0.600000,0.600000,-0.600000,0.600000,-0.091768,-0.600000,-0.600000,-0.600000,0.600000,0.520130,-0.353279,-0.600000,0.719283,-0.783578,-0.527612,-0.600000,0.750463,0.674957,-0.600000,-0.889209,-0.573345,-0.889209,-0.600000,0.051443,0.600000,-0.600000,-0.541293,-0.917462,-0.965121,0.600000,-0.075325,0.075325,-0.568467,-0.600000
54,0,0,0,0,stay,1,29,23,1,0.600000,-0.600000,1.000000,-0.526366,-0.600000,-0.211577,0.535081,-0.921902,0.520130,0.554912,-0.600000,-0.967249,-0.600000,0.010639,-0.898255,0.967249,-0.600000,-0.600000,-0.600000,0.573345,0.913617,-0.626101,-0.967249,-0.526366,-0.554912,-0.674957,0.600000,-0.600000,-0.486425,-0.737112,-0.526366,0.893574,0.600000,0.626101,-0.211577,-0.600000,-0.626101,-0.600000,0.600000,-0.600000,0.600000,-0.084522,-0.600000,-0.600000,-0.600000,0.600000,0.520130,-0.345318,-0.600000,0.725307,-0.788630,-0.526366,-0.600000,0.756046,0.674957,-0.600000,-0.893574,-0.573345,-0.893574,-0.600000,0.048124,0.600000,-0.600000,-0.535081,-0.921902,-0.967249,0.600000,-0.070912,0.070912,-0.562326,-0.600000
55,0,0,0,0,stay,0,28,23,1,0.600000,-0.600000,1.000000,-0.525119,-0.600000,-0.209082,0.535081,-0.925088,0.520130,0.554912,-0.600000,-0.968648,-0.600000,0.009728,-0.900523,0.968648,-0.600000,-0.600000,-0.600000,0.573345,0.917110,-0.626101,-0.968648,-0.525119,-0.554912,-0.674957,0.600000,-0.600000,-0.481430,-0.738081,-0.525119,0.894995,0.600000,0.626101,-0.209082,-0.600000,-0.626101,-0.600000,0.600000,-0.600000,0.600000,-0.079613,-0.600000,-0.600000,-0.600000,0.600000,0.520130,-0.344188,-0.600000,0.726303,-0.791949,-0.525119,-0.600000,0.759721,0.674957,-0.600000,-0.894995,-0.573345,-0.894995,-0.600000,0.045880,0.600000,-0.600000,-0.535081,-0.925088,-0.968648,0.600000,-0.067998,0.067998,-0.562326,-0.600000
56,0,1,0,0,E,0,26,24,1,0.600000,-0.600000,1.000000,-0.525119,-0.600000,-0.199319,0.527612,-0.929150,0.516385,0.554912,-0.600000,-0.970424,-0.600000,0.008635,-0.907055,0.970424,-0.600000,-0.600000,-0.600000,0.573345,0.921568,-0.626101,-0.970424,-0.525119,-0.554912,-0.678242,0.600000,-0.600000,-0.482677,-0.740974,-0.525119,0.900512,0.600000,0.626101,-0.199319,-0.600000,-0.626101,-0.600000,0.600000,-0.600000,0.600000,-0.073591,-0.600000,-0.600000,-0.600000,0.600000,0.516385,-0.332982,-0.600000,0.732233,-0.796044,-0.525119,-0.600000,0.764261,0.678242,-0.600000,-0.900512,-0.573345,-0.900512,-0.600000,0.043318,0.600000,-0.600000,-0.527612,-0.929150,-0.970424,0.600000,-0.064284,0.064284,-0.554931,-0.600000
57,1,1,0,0,E,0,24,25,1,0.600000,-0.600000,1.000000,-0.520130,-0.600000,-0.195354,0.525119,-0.930781,0.513888,0.554912,-0.600000,-0.971829,-0.600000,0.008014,-0.912007,0.971829,-0.600000,-0.600000,-0.600000,0.573345,0.923360,-0.626101,-0.971829,-0.520130,-0.554912,-0.680422,0.600000,-0.600000,-0.477684,-0.746699,-0.520130,0.902734,0.600000,0.626101,-0.195354,-0.600000,-0.626101,-0.600000,0.600000,-0.600000,0.600000,-0.069919,-0.600000,-0.600000,-0.600000,0.600000,0.513888,-0.326347,-0.600000,0.738080,-0.800879,-0.520130,-0.600000,0.769630,0.680422,-0.600000,-0.902734,-0.573345,-0.902734,-0.600000,0.040500,0.600000,-0.600000,-0.525119,-0.930781,-0.971829,0.600000,-0.061335,0.061335,-0.552461,-0.600000
58,1,1,0,0,stay,1,29,25,1,0.600000,-0.600000,1.000000,-0.518882,-0.600000,-0.190674,0.525119,-0.934249,0.513888,0.554912,-0.600000,-0.973430,-0.600000,0.007145,-0.917479,0.973430,-0.600000,-0.600000,-0.600000,0.573345,0.927170,-0.626101,-0.973430,-0.518882,-0.554912,-0.680422,0.600000,-0.600000,-0.475189,-0.747645,-0.518882,0.905342,0.600000,0.626101,-0.190674,-0.600000,-0.626101,-0.600000,0.600000,-0.600000,0.600000,-0.065798,-0.600000,-0.600000,-0.600000,0.600000,0.513888,-0.313285,-0.600000,0.739047,-0.802471,-0.518882,-0.600000,0.771400,0.680422,-0.600000,-0.905342,-0.573345,-0.905342,-0.600000,0.038042,0.600000,-0.600000,-0.525119,-0.934249,-0.973430,0.600000,-0.057963,0.057963,-0.552461,-0.600000
59,0,1,0,0,W,0,27,27,1,0.600000,-0.600000,1.000000,-0.512639,-0.600000,-0.186080,0.523872,-0.937261,0.510140,0.554912,-0.600000,-0.974819,-0.600000,0.006435,-0.921195,0.974819,-0.600000,-0.600000,-0.600000,0.573345,0.930482,-0.626101,-0.974819,-0.512639,-0.554912,-0.683678,0.600000,-0.600000,-0.468958,-0.755133,-0.512639,0.907887,0.600000,0.626101,-0.186080,-0.600000,-0.626101,-0.600000,0.600000,-0.600000,0.600000,-0.061036,-0.600000,-0.600000,-0.600000,0.600000,0.510140,-0.308994,-0.600000,0.744798,-0.807190,-0.512639,-0.600000,0.776655,0.683678,-0.600000,-0.907887,-0.573345,-0.907887,-0.600000,0.035212,0.600000,-0.600000,-0.523872,-0.937261,-0.974819,0.600000,-0.055026,0.055026,-0.551224,-0.600000
60,0,1,0,0,stay,1,29,27,1,0.600000,-0.600000,1.000000,-0.511390,-0.600000,-0.180829,0.521378,-0.939861,0.506391,0.554912,-0.600000,-0.975547,-0.600000,0.005971,-0.923704,0.975547,-0.600000,-0.600000,-0.600000,0.573345,0.933344,-0.626101,-0.975547,-0.511390,-0.554912,-0.686916,0.600000,-0.600000,-0.468957,-0.758817,-0.511390,0.910778,0.600000,0.626101,-0.180829,-0.600000,-0.626101,-0.600000,0.600000,-0.600000,0.600000,-0.057952,-0.600000,-0.600000,-0.600000,0.600000,0.506391,-0.303677,-0.600000,0.747642,-0.808744,-0.511390,-0.600000,0.778387,0.686916,-0.600000,-0.910778,-0.573345,-0.910778,-0.600000,0.034039,0.600000,-0.600000,-0.521378,-0.939861,-0.975547,0.600000,-0.053483,0.053483,-0.548750,-0.600000
61,0,0,0,0,E,0,27,26,1,0.600000,-0.600000,1.000000,-0.497642,-0.600000,-0.175694,0.521378,-0.939861,0.506391,0.554912,-0.600000,-0.976714,-0.600000,0.005681,-0.927835,0.976714,-0.600000,-0.600000,-0.600000,0.573345,0.933344,-0.626101,-0.976714,-0.497642,-0.554912,-0.686916,0.600000,-0.600000,-0.456525,-0.768752,-0.497642,0.913587,0.600000,0.626101,-0.175694,-0.600000,-0.626101,-0.600000,0.600000,-0.600000,0.600000,-0.055276,-0.600000,-0.600000,-0.600000,0.600000,0.506391,-0.301564,-0.600000,0.757890,-0.816371,-0.497642,-0.600000,0.786904,0.686916,-0.600000,-0.913587,-0.573345,-0.913587,-0.600000,0.030736,0.600000,-0.600000,-0.521378,-0.939861,-0.976714,0.600000,-0.051002,0.051002,-0.548750,-0.600000
62,0,0,0,0,stay,1,29,26,1,0.600000,-0.600000,1.000000,-0.496392,-0.600000,-0.172097,0.518882,-0.942088,0.506391,0.554912,-0.600000,-0.977827,-0.600000,0.005193,-0.929823,0.977827,-0.600000,-0.600000,-0.600000,0.573345,0.935795,-0.626101,-0.977827,-0.496392,-0.554912,-0.686916,0.600000,-0.600000,-0.454043,-0.769641,-0.496392,0.915545,0.600000,0.626101,-0.172097,-0.600000,-0.626101,-0.600000,0.600000,-0.600000,0.600000,-0.052217,-0.600000,-0.600000,-0.600000,0.600000,0.506391,-0.299460,-0.600000,0.760635,-0.819355,-0.496392,-0.600000,0.790243,0.686916,-0.600000,-0.915545,-0.573345,-0.915545,-0.600000,0.029135,0.600000,-0.600000,-0.518882,-0.942088,-0.977827,0.600000,-0.048631,0.048631,-0.546273,-0.600000
63,1,0,0,0,E,0,27,25,1,0.600000,-0.600000,1.000000,-0.496392,-0.600000,-0.167858,0.517634,-0.944762,0.506391,0.554912,-0.600000,-0.978888,-0.600000,0.004699,-0.934267,0.978888,-0.600000,-0.600000,-0.600000,0.573345,0.938740,-0.626101,-0.978888,-0.496392,-0.554912,-0.686916,0.600000,-0.600000,-0.451564,-0.769641,-0.496392,0.917840,0.600000,0.626101,-0.167858,-0.600000,-0.626101,-0.600000,0.600000,-0.600000,0.600000,-0.049084,-0.600000,-0.600000,-0.600000,0.600000,0.506391,-0.288039,-0.600000,0.761545,-0.821568,-0.496392,-0.600000,0.792722,0.686916,-0.600000,-0.917840,-0.573345,-0.917840,-0.600000,0.027750,0.600000,-0.600000,-0.517634,-0.944762,-0.978888,0.600000,-0.046364,0.046364,-0.545034,-0.600000
64,0,0,1,0,E,0,25,24,1,0.600000,-0.600000,1.000000,-0.496392,-0.600000,-0.164389,0.517634,-0.947817,0.506391,0.554912,-0.600000,-0.980096,-0.600000,0.004167,-0.939028,0.980096,-0.600000,-0.600000,-0.600000,0.573345,0.942109,-0.626101,-0.980096,-0.496392,-0.554912,-0.686916,0.600000,-0.600000,-0.446615,-0.769641,-0.496392,0.919710,0.600000,0.626101,-0.164389,-0.600000,-0.626101,-0.600000,0.600000,-0.600000,0.600000,-0.045470,-0.600000,-0.600000,-0.600000,0.600000,0.506391,-0.275880,-0.600000,0.761545,-0.824486,-0.496392,-0.600000,0.795994,0.686916,-0.600000,-0.919710,-0.573345,-0.919710,-0.600000,0.026173,0.600000,-0.600000,-0.517634,-0.947817,-0.980096,0.600000,-0.043776,0.043776,-0.545034,-0.600000
65,0,0,0,0,E,0,23,23,1,0.600000,-0.600000,1.000000,-0.496392,-0.600000,-0.157624,0.515137,-0.950004,0.506391,0.554912,-0.600000,-0.980769,-0.600000,0.003846,-0.940448,0.980769,-0.600000,-0.600000,-0.600000,0.573345,0.944520,-0.626101,-0.980769,-0.496392,-0.554912,-0.686916,0.600000,-0.600000,-0.447850,-0.769641,-0.496392,0.923333,0.600000,0.626101,-0.157624,-0.600000,-0.626101,-0.600000,0.600000,-0.600000,0.600000,-0.043343,-0.600000,-0.600000,-0.600000,0.600000,0.506391,-0.271898,-0.600000,0.763359,-0.825209,-0.496392,-0.600000,0.796806,0.686916,-0.600000,-0.923333,-0.573345,-0.923333,-0.600000,0.025293,0.600000,-0.600000,-0.515137,-0.950004,-0.980769,0.600000,-0.042331,0.042331,-0.542554,-0.600000
66,0,0,0,0,N,0,21,22,1,0.600000,-0.600000,1.000000,-0.496392,-0.600000,-0.149170,0.515137,-0.950004,0.506391,0.554912,-0.600000,-0.980769,-0.600000,0.003846,-0.940448,0.980769,-0.600000,-0.600000,-0.600000,0.573345,0.944520,-0.626101,-0.980769,-0.496392,-0.554912,-0.686916,0.600000,-0.600000,-0.447850,-0.769641,-0.496392,0.927819,0.600000,0.626101,-0.149170,-0.600000,-0.626101,-0.600000,0.600000,-0.600000,0.600000,-0.043343,-0.600000,-0.600000,-0.600000,0.600000,0.506391,-0.271898,-0.600000,0.763359,-0.825209,-0.496392,-0.600000,0.796806,0.686916,-0.600000,-0.927819,-0.573345,-0.927819,-0.600000,0.025293,0.600000,-0.600000,-0.515137,-0.950004,-0.980769,0.600000,-0.042331,0.042331,-0.542554,-0.600000
67,0,0,0,0,stay,0,20,22,1,0.600000,-0.600000,1.000000,-0.496392,-0.600000,-0.142311,0.515137,-0.950004,0.506391,0.554912,-0.600000,-0.980769,-0.600000,0.003846,-0.940448,0.980769,-0.600000,-0.600000,-0.600000,0.573345,0.944520,-0.626101,-0.980769,-0.496392,-0.554912,-0.686916,0.600000,-0.600000,-0.447850,-0.769641,-0.496392,0.931424,0.600000,0.626101,-0.142311,-0.600000,-0.626101,-0.600000,0.600000,-0.600000,0.600000,-0.043343,-0.600000,-0.600000,-0.600000,0.600000,0.506391,-0.271898,-0.600000,0.763359,-0.825209,-0.496392,-0.600000,0.796806,0.686916,-0.600000,-0.931424,-0.573345,-0.931424,-0.600000,0.025293,0.600000,-0.600000,-0.515137,-0.950004,-0.980769,0.600000,-0.042331,0.042331,-0.542554,-0.600000
68,0,0,0,0,S,0,18,23,1,0.600000,-0.600000,1.000000,-0.496392,-0.600000,-0.135131,0.515137,-0.950004,0.506391,0.554912,-0.600000,-0.980769,-0.600000,0.003846,-0.940448,0.980769,-0.600000,-0.600000,-0.600000,0.573345,0.944520,-0.626101,-0.980769,-0.496392,-0.554912,-0.686916,0.600000,-0.600000,-0.447850,-0.769641,-0.496392,0.935167,0.600000,0.626101,-0.135131,-0.600000,-0.626101,-0.600000,0.600000,-0.600000,0.600000,-0.043343,-0.600000,-0.600000,-0.600000,0.600000,0.506391,-0.271898,-0.600000,0.763359,-0.825209,-0.496392,-0.600000,0.796806,0.686916,-0.600000,-0.935167,-0.573345,-0.935167,-0.600000,0.025293,0.600000,-0.600000,-0.515137,-0.950004,-0.980769,0.600000,-0.042331,0.042331,-0.542554,-0.600000
69,0,0,0,0,N,0,16,22,1,0.600000,-0.600000,1.000000,-0.496392,-0.600000,-0.128259,0.515137,-0.950004,0.506391,0.554912,-0.600000,-0.980769,-0.600000,0.003846,-0.940448,0.980769,-0.600000,-0.600000,-0.600000,0.573345,0.944520,-0.626101,-0.980769,-0.496392,-0.554912,-0.686916,0.600000,-0.600000,-0.447850,-0.769641,-0.496392,0.938718,0.600000,0.626101,-0.128259,-0.600000,-0.626101,-0.600000,0.600000,-0.600000,0.600000,-0.043343,-0.600000,-0.600000,-0.600000,0.600000,0.506391,-0.271898,-0.600000,0.763359,-0.825209,-0.496392,-0.600000,0.796806,0.686916,-0.600000,-0.938718,-0.573345,-0.938718,-0.600000,0.025293,0.600000,-0.600000,-0.515137,-0.950004,-0.980769,0.600000,-0.042331,0.042331,-0.542554,-0.600000
70,0,0,0,0,stay,0,15,22,1,0.600000,-0.600000,1.000000,-0.496392,-0.600000,-0.121686,0.515137,-0.950004,0.506391,0.554912,-0.600000,-0.980769,-0.600000,0.003846,-0.940448,0.980769,-0.600000,-0.600000,-0.600000,0.573345,0.944520,-0.626101,-0.980769,-0.496392,-0.554912,-0.686916,0.600000,-0.600000,-0.447850,-0.769641,-0.496392,0.942088,0.600000,0.626101,-0.121686,-0.600000,-0.626101,-0.600000,0.600000,-0.600000,0.600000,-0.043343,-0.600000,-0.600000,-0.600000,0.600000,0.506391,-0.271898,-0.600000,0.763359,-0.825209,-0.496392,-0.600000,0.796806,0.686916,-0.600000,-0.942088,-0.573345,-0.942088,-0.600000,0.025293,0.600000,-0.600000,-0.515137,-0.950004,-0.980769,0.600000,-0.042331,0.042331,-0.542554,-0.600000
71,1,0,0,0,N,0,13,23,1,0.600000,-0.600000,1.000000,-0.496392,-0.600000,-0.115406,0.515137,-0.951180,0.506391,0.554912,-0.600000,-0.981960,-0.600000,0.003515,-0.945826,0.981960,-0.600000,-0.600000,-0.600000,0.573345,0.945818,-0.626101,-0.981960,-0.496392,-0.554912,-0.686916,0.600000,-0.600000,-0.440442,-0.769641,-0.496392,0.945283,0.600000,0.626101,-0.115406,-0.600000,-0.626101,-0.600000,0.600000,-0.600000,0.600000,-0.041112,-0.600000,-0.600000,-0.600000,0.600000,0.506391,-0.258247,-0.600000,0.763359,-0.829501,-0.496392,-0.600000,0.801627,0.686916,-0.600000,-0.945283,-0.573345,-0.945283,-0.600000,0.023736,0.600000,-0.600000,-0.515137,-0.951180,-0.981960,0.600000,-0.039767,0.039767,-0.542554,-0.600000
72,0,0,0,0,E,0,11,22,1,0.600000,-0.600000,1.000000,-0.496392,-0.600000,-0.112373,0.515137,-0.953898,0.506391,0.554912,-0.600000,-0.982996,-0.600000,0.003117,-0.949554,0.982996,-0.600000,-0.600000,-0.600000,0.573345,0.948819,-0.626101,-0.982996,-0.496392,-0.554912,-0.686916,0.600000,-0.600000,-0.436747,-0.769641,-0.496392,0.946817,0.600000,0.626101,-0.112373,-0.600000,-0.626101,-0.600000,0.600000,-0.600000,0.600000,-0.038246,-0.600000,-0.600000,-0.600000,0.600000,0.506391,-0.246908,-0.600000,0.763359,-0.831616,-0.496392,-0.600000,0.804005,0.686916,-0.600000,-0.946817,-0.573345,-0.946817,-0.600000,0.022381,0.600000,-0.600000,-0.515137,-0.953898,-0.982996,0.600000,-0.037533,0.037533,-0.542554,-0.600000
73,0,0,1,0,E,0,9,21,1,0.600000,-0.600000,1.000000,-0.496392,-0.600000,-0.109899,0.515137,-0.956472,0.506391,0.554912,-0.600000,-0.983972,-0.600000,0.002764,-0.953039,0.983972,-0.600000,-0.600000,-0.600000,0.573345,0.951661,-0.626101,-0.983972,-0.496392,-0.554912,-0.686916,0.600000,-0.600000,-0.433059,-0.769641,-0.496392,0.948065,0.600000,0.626101,-0.109899,-0.600000,-0.626101,-0.600000,0.600000,-0.600000,0.600000,-0.035572,-0.600000,-0.600000,-0.600000,0.600000,0.506391,-0.235907,-0.600000,0.763359,-0.833709,-0.496392,-0.600000,0.806362,0.686916,-0.600000,-0.948065,-0.573345,-0.948065,-0.600000,0.021102,0.600000,-0.600000,-0.515137,-0.956472,-0.983972,0.600000,-0.035420,0.035420,-0.542554,-0.600000
74,0,0,0,0,E,0,7,20,1,0.600000,-0.600000,1.000000,-0.496392,-0.600000,-0.107954,0.515137,-0.958908,0.506391,0.554912,-0.600000,-0.984894,-0.600000,0.002451,-0.956083,0.984894,-0.600000,-0.600000,-0.600000,0.573345,0.954354,-0.626101,-0.984894,-0.496392,-0.554912,-0.686916,0.600000,-0.600000,-0.430605,-0.769641,-0.496392,0.949043,0.600000,0.626101,-0.107954,-0.600000,-0.626101,-0.600000,0.600000,-0.600000,0.600000,-0.033240,-0.600000,-0.600000,-0.600000,0.600000,0.506391,-0.225250,-0.600000,0.763359,-0.835093,-0.496392,-0.600000,0.807921,0.686916,-0.600000,-0.949043,-0.573345,-0.949043,-0.600000,0.019895,0.600000,-0.600000,-0.515137,-0.958908,-0.984894,0.600000,-0.033422,0.033422,-0.542554,-0.600000
75,0,0,0,0,E,0,5,19,1,0.600000,-0.600000,1.000000,-0.496392,-0.600000,-0.106992,0.515137,-0.961213,0.506391,0.554912,-0.600000,-0.985622,-0.600000,0.002195,-0.957533,0.985622,-0.600000,-0.600000,-0.600000,0.573345,0.956903,-0.626101,-0.985622,-0.496392,-0.554912,-0.686916,0.600000,-0.600000,-0.425707,-0.769641,-0.496392,0.949525,0.600000,0.626101,-0.106992,-0.600000,-0.626101,-0.600000,0.600000,-0.600000,0.600000,-0.030755,-0.600000,-0.600000,-0.600000,0.600000,0.506391,-0.222639,-0.600000,0.763359,-0.837834,-0.496392,-0.600000,0.811010,0.686916,-0.600000,-0.949525,-0.573345,-0.949525,-0.600000,0.018941,0.600000,-0.600000,-0.515137,-0.961213,-0.985622,0.600000,-0.031840,0.031840,-0.542554,-0.600000
76,0,0,0,0,E,0,3,18,1,0.600000,-0.600000,1.000000,-0.495142,-0.600000,-0.101383,0.508891,-0.963039,0.506391,0.554912,-0.600000,-0.986382,-0.600000,0.001986,-0.960296,0.986382,-0.600000,-0.600000,-0.600000,0.572122,0.958725,-0.627272,-0.986382,-0.495142,-0.554912,-0.686916,0.600000,-0.600000,-0.425702,-0.770528,-0.495142,0.952331,0.600000,0.627272,-0.101383,-0.600000,-0.627272,-0.600000,0.600000,-0.600000,0.600000,-0.028591,-0.600000,-0.600000,-0.600000,0.600000,0.506391,-0.214938,-0.600000,0.768742,-0.841207,-0.495142,-0.600000,0.814818,0.686916,-0.600000,-0.952331,-0.572122,-0.952331,-0.600000,0.017767,0.600000,-0.600000,-0.508891,-0.963039,-0.986382,0.600000,-0.030184,0.030184,-0.537587,-0.600000
77,0,0,0,0,E,0,1,17,1,0.600000,-0.600000,1.000000,-0.495142,-0.600000,-0.098677,0.503892,-0.965624,0.506391,0.554912,-0.600000,-0.987419,-0.600000,0.001700,-0.962164,0.987419,-0.600000,-0.600000,-0.600000,0.572122,0.961599,-0.627272,-0.987419,-0.495142,-0.554912,-0.686916,0.600000,-0.600000,-0.423254,-0.770528,-0.495142,0.953677,0.600000,0.627272,-0.098677,-0.600000,-0.627272,-0.600000,0.600000,-0.600000,0.600000,-0.025806,-0.600000,-0.600000,-0.600000,0.600000,0.506391,-0.211577,-0.600000,0.772284,-0.845181,-0.495142,-0.600000,0.819309,0.686916,-0.600000,-0.953677,-0.572122,-0.953677,-0.600000,0.016420,0.600000,-0.600000,-0.503892,-0.965624,-0.987419,0.600000,-0.027923,0.027923,-0.532613,-0.600000
78,1,1,0,0,E,0,0,16,1,0.600000,-0.600000,1.000000,-0.495142,-0.600000,-0.095601,0.502642,-0.967249,0.506391,0.554912,-0.600000,-0.988026,-0.600000,0.001538,-0.964810,0.988026,-0.600000,-0.600000,-0.600000,0.572122,0.963408,-0.627272,-0.988026,-0.495142,-0.554912,-0.686916,0.600000,-0.600000,-0.420813,-0.770528,-0.495142,0.955203,0.600000,0.627272,-0.095601,-0.600000,-0.627272,-0.600000,0.600000,-0.600000,0.600000,-0.024217,-0.600000,-0.600000,-0.600000,0.600000,0.506391,-0.201728,-0.600000,0.773163,-0.847136,-0.495142,-0.600000,0.821522,0.686916,-0.600000,-0.955203,-0.572122,-0.955203,-0.600000,0.015630,0.600000,-0.600000,-0.502642,-0.967249,-0.988026,0.600000,-0.026594,0.026594,-0.531368,-0.600000
