tick,food_sensed_N,food_sensed_E,food_sensed_S,food_sensed_W,movement,food_consumed,energy,manhattan_dist,decision_made,conn_0_0,conn_0_1,conn_0_2,conn_0_5,conn_0_6,conn_0_7,conn_0_8,conn_1_0,conn_1_2,conn_1_3,conn_1_4,conn_1_5,conn_1_6,conn_1_7,conn_1_9,conn_1_10,conn_2_3,conn_2_4,conn_2_5,conn_2_6,conn_2_7,conn_2_9,conn_3_0,conn_3_1,conn_3_6,conn_3_7,conn_3_8,conn_3_9,conn_3_10,conn_4_1,conn_4_4,conn_4_6,conn_4_10,conn_5_0,conn_5_1,conn_5_3,conn_5_4,conn_5_6,conn_5_7,conn_5_8,conn_5_10,conn_6_3,conn_6_4,conn_6_5,conn_6_6,conn_6_7,conn_6_10,conn_7_0,conn_7_2,conn_7_4,conn_7_7,conn_7_9,conn_7_10,conn_8_0,conn_8_2,conn_8_3,conn_8_4,conn_8_5,conn_8_6,conn_8_9,conn_9_0,conn_9_1,conn_9_2,conn_9_4,conn_9_5,conn_9_6,conn_9_7,conn_9_9,conn_10_3,conn_10_4,conn_10_5,conn_10_9
0,0,0,0,0,stay,0,30,0,0,-0.600000,0.600000,-0.600000,1.000000,-0.600000,-0.600000,-0.600000,0.600000,-0.600000,-0.600000,0.600000,-0.600000,-0.600000,0.600000,0.600000,-0.600000,-0.600000,0.600000,0.600000,-0.600000,-0.600000,-0.600000,-0.600000,-0.600000,-0.600000,0.600000,0.600000,-0.600000,0.600000,0.600000,-0.600000,-0.600000,-0.600000,-0.600000,0.600000,-0.600000,-0.600000,-0.600000,-0.600000,-0.600000,0.600000,0.600000,-0.600000,0.600000,-0.600000,-0.600000,-0.600000,-0.600000,-0.600000,-0.600000,-0.600000,0.600000,-0.600000,-0.600000,-0.600000,0.600000,0.600000,-0.600000,0.600000,-0.600000,-0.600000,-0.600000,0.600000,-0.600000,-0.600000,-0.600000,-0.600000,-0.600000,-0.600000,0.600000,0.600000,0.600000
1,1,0,1,1,stay,0,29,0,1,-0.591575,0.600000,-0.600000,1.000000,-0.591575,-0.600000,-0.600000,0.600000,-0.600000,-0.600000,0.600000,-0.600000,-0.613131,0.600000,0.591575,-0.586737,-0.603599,0.608374,0.600000,-0.591575,-0.586737,-0.600000,-0.600000,-0.600000,-0.586737,0.586737,0.600000,-0.586737,0.600000,0.581885,-0.600000,-0.634294,-0.600000,-0.604793,0.600000,-0.586737,-0.600000,-0.600000,-0.591575,-0.608374,0.600000,0.613131,-0.591575,0.600000,-0.591575,-0.600000,-0.600000,-0.600008,-0.591575,-0.600000,-0.600000,0.600000,-0.595193,-0.604793,-0.600000,0.600000,0.600000,-0.595195,0.591575,-0.600000,-0.600000,-0.608374,0.600000,-0.613131,-0.600000,-0.600000,-0.613131,-0.600000,-0.613131,0.600000,0.600000,0.591575
2,1,1,0,0,E,0,27,1,1,-0.591575,0.600000,-0.600000,1.000000,-0.591575,-0.595193,-0.600000,0.600000,-0.600000,-0.600000,0.600000,-0.600000,-0.616685,0.600000,0.591575,-0.573345,-0.597605,0.617871,0.605988,-0.591575,-0.579447,-0.600000,-0.600000,-0.600000,-0.573345,0.573345,0.603596,-0.570902,0.600000,0.573350,-0.600000,-0.657201,-0.600000,-0.610755,0.600000,-0.573345,-0.605988,-0.600000,-0.591575,-0.608374,0.600000,0.626101,-0.596403,0.600000,-0.595197,-0.600000,-0.593988,-0.600008,-0.591575,-0.600000,-0.600000,0.600000,-0.589158,-0.607182,-0.600000,0.600000,0.600000,-0.593995,0.591575,-0.600000,-0.600000,-0.598809,0.600000,-0.620227,-0.600000,-0.600000,-0.626101,-0.600000,-0.615509,0.600000,0.600000,0.591575
3,1,1,0,0,stay,0,26,1,1,-0.591575,0.600000,-0.600000,1.000000,-0.591575,-0.590367,-0.600000,0.600000,-0.600000,-0.600000,0.600000,-0.600000,-0.620228,0.600000,0.591575,-0.548731,-0.590373,0.627283,0.614317,-0.587948,-0.568448,-0.600000,-0.600000,-0.600000,-0.548731,0.548731,0.610755,-0.545022,0.600000,0.556151,-0.600000,-0.695546,-0.600000,-0.623756,0.600000,-0.548731,-0.614317,-0.600000,-0.591575,-0.608374,0.600000,0.649216,-0.607193,0.600000,-0.602409,-0.600000,-0.585524,-0.596405,-0.591575,-0.600000,-0.600000,0.600000,-0.578228,-0.613131,-0.600000,0.600000,0.600000,-0.591588,0.591575,-0.600000,-0.600000,-0.583105,0.600000,-0.630774,-0.600000,-0.600000,-0.649216,-0.600000,-0.615518,0.600000,0.600000,0.591575
4,1,1,0,0,stay,0,25,1,1,-0.591575,0.600000,-0.600000,1.000000,-0.591575,-0.585524,-0.600000,0.600000,-0.600000,-0.600000,0.600000,-0.600000,-0.626103,0.600000,0.591575,-0.531348,-0.584318,0.634282,0.621405,-0.585524,-0.558612,-0.600000,-0.600000,-0.600000,-0.531348,0.531348,0.614317,-0.523881,0.600000,0.540058,-0.600000,-0.721406,-0.600000,-0.634265,0.600000,-0.531348,-0.621405,-0.600000,-0.591575,-0.608374,0.600000,0.664999,-0.613144,0.600000,-0.608388,-0.600000,-0.578228,-0.593997,-0.591575,-0.600000,-0.600000,0.600000,-0.569673,-0.620227,-0.600000,0.600000,0.600000,-0.589175,0.591575,-0.600000,-0.600000,-0.572131,0.600000,-0.640047,-0.600000,-0.600000,-0.664999,-0.600000,-0.619070,0.600000,0.600000,0.591575
5,0,0,1,0,E,0,23,2,1,-0.591575,0.600000,-0.600000,1.000000,-0.591575,-0.577009,-0.600000,0.600000,-0.600000,-0.600000,0.600000,-0.600000,-0.623760,0.600000,0.591575,-0.521378,-0.573352,0.633127,0.621405,-0.585524,-0.554912,-0.600000,-0.600000,-0.600000,-0.521378,0.521378,0.620227,-0.520140,0.600000,0.515145,-0.600000,-0.737229,-0.600000,-0.652637,0.600000,-0.521378,-0.621405,-0.600000,-0.591575,-0.608374,0.600000,0.673858,-0.610775,0.600000,-0.631964,-0.600000,-0.578228,-0.593997,-0.591575,-0.600000,-0.600000,0.600000,-0.558612,-0.633102,-0.600000,0.600000,0.600000,-0.585541,0.591575,-0.600000,-0.600000,-0.566003,0.600000,-0.643498,-0.600000,-0.600000,-0.673858,-0.600000,-0.624953,0.600000,0.600000,0.591575
6,1,1,0,0,W,0,21,1,1,-0.591575,0.600000,-0.600000,1.000000,-0.591575,-0.570898,-0.600000,0.600000,-0.600000,-0.600000,0.600000,-0.600000,-0.631946,0.600000,0.591575,-0.500142,-0.566001,0.640081,0.634263,-0.583096,-0.541293,-0.600000,-0.600000,-0.600000,-0.500142,0.500142,0.624929,-0.490153,0.600000,0.492651,-0.600000,-0.767103,-0.600000,-0.668346,0.600000,-0.500142,-0.634263,-0.600000,-0.591575,-0.608374,0.600000,0.692272,-0.622604,0.600000,-0.641230,-0.600000,-0.564765,-0.591584,-0.591575,-0.600000,-0.600000,0.600000,-0.548731,-0.644645,-0.600000,0.600000,0.600000,-0.585549,0.591575,-0.600000,-0.600000,-0.547502,0.600000,-0.656023,-0.600000,-0.600000,-0.692272,-0.600000,-0.626142,0.600000,0.600000,0.591575
7,1,0,1,1,W,0,19,0,1,-0.587948,0.600000,-0.600000,1.000000,-0.587948,-0.568448,-0.600000,0.600000,-0.600000,-0.600000,0.600000,-0.600000,-0.641206,0.600000,0.587948,-0.485146,-0.562315,0.644683,0.634263,-0.577009,-0.530103,-0.600000,-0.600000,-0.600000,-0.485146,0.485146,0.626101,-0.476418,0.600000,0.468937,-0.600000,-0.789581,-0.600000,-0.677161,0.600000,-0.485146,-0.634263,-0.600000,-0.587948,-0.613131,0.600000,0.704917,-0.617898,0.600000,-0.642385,-0.600000,-0.564765,-0.590380,-0.587948,-0.600000,-0.600000,0.600000,-0.538810,-0.652627,-0.600000,0.600000,0.600000,-0.578253,0.587948,-0.600000,-0.600000,-0.551217,0.600000,-0.666113,-0.600000,-0.600000,-0.704917,-0.600000,-0.637780,0.600000,0.600000,0.587948
8,0,0,1,1,S,0,17,1,1,-0.581881,0.600000,-0.600000,1.000000,-0.581881,-0.557380,-0.600000,0.600000,-0.600000,-0.600000,0.600000,-0.600000,-0.650362,0.600000,0.581881,-0.476408,-0.554921,0.653809,0.635423,-0.574567,-0.512639,-0.600000,-0.600000,-0.600000,-0.476408,0.476408,0.633102,-0.475169,0.600000,0.430582,-0.600000,-0.817274,-0.600000,-0.699705,0.600000,-0.476408,-0.635423,-0.600000,-0.583097,-0.622581,0.600000,0.712152,-0.609612,0.601200,-0.660568,-0.600000,-0.563536,-0.597621,-0.581881,-0.600000,-0.600000,0.600000,-0.530104,-0.669443,-0.600000,0.600000,0.600000,-0.568475,0.581881,-0.600000,-0.600000,-0.552458,0.600000,-0.681509,-0.600000,-0.600000,-0.712152,-0.600000,-0.656072,0.600000,0.600000,0.581881
9,0,0,1,1,stay,1,29,1,1,-0.577009,0.600000,-0.600000,1.000000,-0.577009,-0.548731,-0.600000,0.600000,-0.600000,-0.600000,0.600000,-0.600000,-0.663890,0.600000,0.577009,-0.467684,-0.549978,0.659455,0.637738,-0.570898,-0.496392,-0.600000,-0.600000,-0.600000,-0.467684,0.467684,0.634263,-0.465203,0.600000,0.396618,-0.600000,-0.836627,-0.600000,-0.716261,0.600000,-0.467684,-0.637738,-0.600000,-0.578230,-0.629608,0.600000,0.719281,-0.600064,0.601200,-0.671702,-0.600000,-0.561076,-0.601228,-0.577009,-0.600000,-0.600000,0.600000,-0.521378,-0.685838,-0.600000,0.600000,0.600000,-0.559874,0.577009,-0.600000,-0.600000,-0.556166,0.600000,-0.695461,-0.600000,-0.600000,-0.719281,-0.600000,-0.675017,0.600000,0.600000,0.577009
10,0,1,0,0,S,0,27,2,1,-0.574567,0.600000,-0.600000,1.000000,-0.574567,-0.537567,-0.600000,0.600000,-0.600000,-0.600000,0.600000,-0.600000,-0.667235,0.600000,0.574567,-0.457739,-0.542544,0.661707,0.646934,-0.570898,-0.486395,-0.600000,-0.600000,-0.600000,-0.457739,0.457739,0.640047,-0.451545,0.600000,0.370591,-0.600000,-0.851157,-0.600000,-0.736168,0.600000,-0.457739,-0.646934,-0.600000,-0.575790,-0.630774,0.600000,0.727295,-0.602469,0.601200,-0.694464,-0.600000,-0.551205,-0.602427,-0.574567,-0.600000,-0.600000,0.600000,-0.513888,-0.701784,-0.600000,0.600000,0.600000,-0.562340,0.574567,-0.600000,-0.600000,-0.541316,0.600000,-0.703875,-0.600000,-0.600000,-0.727295,-0.600000,-0.679408,0.600000,0.600000,0.574567
11,0,1,0,0,stay,1,29,2,1,-0.574567,0.600000,-0.600000,1.000000,-0.574567,-0.523872,-0.600000,0.600000,-0.600000,-0.600000,0.600000,-0.600000,-0.672767,0.600000,0.574567,-0.442884,-0.532603,0.666180,0.659402,-0.569673,-0.475161,-0.600000,-0.600000,-0.600000,-0.442884,0.442884,0.644645,-0.428131,0.600000,0.341904,-0.600000,-0.866353,-0.600000,-0.755156,0.600000,-0.442884,-0.659402,-0.600000,-0.575790,-0.630774,0.600000,0.739045,-0.607257,0.601200,-0.717328,-0.600000,-0.537567,-0.601229,-0.574567,-0.600000,-0.600000,0.600000,-0.502642,-0.718269,-0.600000,0.600000,0.600000,-0.564806,0.574567,-0.600000,-0.600000,-0.522647,0.600000,-0.713177,-0.600000,-0.600000,-0.739045,-0.600000,-0.684850,0.600000,0.600000,0.574567
12,1,0,1,0,W,0,27,3,1,-0.574567,0.600000,-0.600000,1.000000,-0.574567,-0.520130,-0.600000,0.600000,-0.600000,-0.600000,0.600000,-0.600000,-0.677159,0.600000,0.574567,-0.430581,-0.523883,0.660608,0.661646,-0.568448,-0.470175,-0.600000,-0.600000,-0.600000,-0.430581,0.430581,0.644645,-0.413503,0.600000,0.319744,-0.600000,-0.874275,-0.600000,-0.766094,0.600000,-0.430581,-0.661646,-0.600000,-0.575790,-0.630774,0.600000,0.748584,-0.606067,0.601200,-0.728358,-0.600000,-0.535081,-0.600030,-0.574567,-0.600000,-0.600000,0.600000,-0.492643,-0.730263,-0.600000,0.600000,0.600000,-0.562349,0.574567,-0.600000,-0.600000,-0.520152,0.600000,-0.717255,-0.600000,-0.600000,-0.748584,-0.600000,-0.690235,0.600000,0.600000,0.574567
13,1,0,0,0,W,0,25,4,1,-0.573345,0.600000,-0.600000,1.000000,-0.573345,-0.517634,-0.600000,0.600000,-0.600000,-0.600000,0.600000,-0.600000,-0.679343,0.600000,0.573345,-0.419580,-0.517644,0.656116,0.662766,-0.565994,-0.465195,-0.600000,-0.600000,-0.600000,-0.419580,0.419580,0.646934,-0.403832,0.600000,0.300464,-0.600000,-0.882838,-0.600000,-0.776692,0.600000,-0.419580,-0.662766,-0.600000,-0.574569,-0.631939,0.600000,0.756968,-0.606072,0.601200,-0.738148,-0.600000,-0.533837,-0.598832,-0.573345,-0.600000,-0.600000,0.600000,-0.483897,-0.740009,-0.600000,0.600000,0.600000,-0.559887,0.573345,-0.600000,-0.600000,-0.517656,0.600000,-0.721298,-0.600000,-0.600000,-0.756968,-0.600000,-0.693442,0.600000,0.600000,0.573345
14,0,0,0,1,W,0,23,5,1,-0.573345,0.600000,-0.600000,1.000000,-0.573345,-0.513888,-0.600000,0.600000,-0.600000,-0.600000,0.600000,-0.600000,-0.686926,0.600000,0.573345,-0.414715,-0.508901,0.656123,0.666113,-0.565994,-0.456497,-0.600000,-0.600000,-0.600000,-0.414715,0.414715,0.646934,-0.395431,0.600000,0.282875,-0.600000,-0.888420,-0.600000,-0.785256,0.600000,-0.414715,-0.666113,-0.600000,-0.574569,-0.631939,0.600000,0.760633,-0.606076,0.601200,-0.743915,-0.600000,-0.530103,-0.598832,-0.573345,-0.600000,-0.600000,0.600000,-0.475161,-0.749525,-0.600000,0.600000,0.600000,-0.554957,0.573345,-0.600000,-0.600000,-0.513910,0.600000,-0.728287,-0.600000,-0.600000,-0.760633,-0.600000,-0.700852,0.600000,0.600000,0.573345
15,1,0,1,0,W,0,21,6,1,-0.573345,0.600000,-0.600000,1.000000,-0.573345,-0.511390,-0.600000,0.600000,-0.600000,-0.600000,0.600000,-0.600000,-0.684775,0.600000,0.573345,-0.396627,-0.501402,0.658381,0.667225,-0.563536,-0.447826,-0.600000,-0.600000,-0.600000,-0.396627,0.396627,0.657151,-0.387089,0.600000,0.267884,-0.600000,-0.902949,-0.600000,-0.798469,0.600000,-0.396627,-0.667225,-0.600000,-0.574569,-0.631939,0.600000,0.774038,-0.615591,0.601200,-0.754264,-0.600000,-0.528858,-0.596428,-0.573345,-0.600000,-0.600000,0.600000,-0.465196,-0.756046,-0.600000,0.600000,0.600000,-0.547538,0.573345,-0.600000,-0.600000,-0.501414,0.600000,-0.735165,-0.600000,-0.600000,-0.774038,-0.600000,-0.699810,0.600000,0.600000,0.573345
16,0,1,1,0,W,0,19,7,1,-0.573345,0.600000,-0.600000,1.000000,-0.573345,-0.502642,-0.600000,0.600000,-0.600000,-0.600000,0.600000,-0.600000,-0.689082,0.600000,0.573345,-0.389466,-0.495152,0.659513,0.676053,-0.563536,-0.441650,-0.600000,-0.600000,-0.600000,-0.389466,0.389466,0.658277,-0.371772,0.600000,0.252461,-0.600000,-0.908099,-0.600000,-0.807965,0.600000,-0.389466,-0.676053,-0.600000,-0.574569,-0.631939,0.600000,0.779249,-0.617957,0.601200,-0.767027,-0.600000,-0.518882,-0.596428,-0.573345,-0.600000,-0.600000,0.600000,-0.458981,-0.766060,-0.600000,0.600000,0.600000,-0.551253,0.573345,-0.600000,-0.600000,-0.490165,0.600000,-0.740009,-0.600000,-0.600000,-0.779249,-0.600000,-0.702963,0.600000,0.600000,0.573345
17,1,0,0,0,W,0,17,8,1,-0.573345,0.600000,-0.600000,1.000000,-0.573345,-0.500142,-0.600000,0.600000,-0.600000,-0.600000,0.600000,-0.600000,-0.693355,0.600000,0.573345,-0.372946,-0.488904,0.657269,0.677148,-0.559845,-0.434264,-0.600000,-0.600000,-0.600000,-0.372946,0.372946,0.660525,-0.356712,0.600000,0.235825,-0.600000,-0.916906,-0.600000,-0.817120,0.600000,-0.372946,-0.677148,-0.600000,-0.574569,-0.631939,0.600000,0.791072,-0.619139,0.601200,-0.774110,-0.600000,-0.517634,-0.592814,-0.573345,-0.600000,-0.600000,0.600000,-0.449063,-0.774913,-0.600000,0.600000,0.600000,-0.545063,0.573345,-0.600000,-0.600000,-0.486417,0.600000,-0.745746,-0.600000,-0.600000,-0.791072,-0.600000,-0.708162,0.600000,0.600000,0.573345
18,0,0,1,0,W,0,15,9,1,-0.563536,0.600000,-0.600000,1.000000,-0.563536,-0.498892,-0.600000,0.600000,-0.600000,-0.600000,0.600000,-0.600000,-0.699703,0.600000,0.563536,-0.371777,-0.490153,0.656147,0.677148,-0.557380,-0.425683,-0.600000,-0.600000,-0.600000,-0.371777,0.371777,0.661646,-0.356710,0.600000,0.219095,-0.600000,-0.923533,-0.600000,-0.824485,0.600000,-0.371777,-0.677148,-0.600000,-0.564766,-0.642349,0.600000,0.791898,-0.609671,0.601200,-0.777593,-0.600000,-0.517634,-0.601239,-0.563536,-0.600000,-0.600000,0.600000,-0.447826,-0.782675,-0.600000,0.600000,0.600000,-0.546303,0.563536,-0.600000,-0.600000,-0.496413,0.600000,-0.752334,-0.600000,-0.600000,-0.791898,-0.600000,-0.715352,0.600000,0.600000,0.563536
19,0,0,1,0,stay,0,14,9,1,-0.551205,0.600000,-0.600000,1.000000,-0.551205,-0.498892,-0.600000,0.600000,-0.600000,-0.600000,0.600000,-0.600000,-0.709082,0.600000,0.551205,-0.370609,-0.490153,0.653889,0.677148,-0.556146,-0.414715,-0.600000,-0.600000,-0.600000,-0.370609,0.370609,0.661646,-0.355563,0.600000,0.200003,-0.600000,-0.930653,-0.600000,-0.832315,0.600000,-0.370609,-0.677148,-0.600000,-0.552442,-0.654892,0.600000,0.792722,-0.597716,0.601200,-0.779320,-0.600000,-0.517634,-0.613172,-0.551205,-0.600000,-0.600000,0.600000,-0.446590,-0.791898,-0.600000,0.600000,0.600000,-0.547543,0.551205,-0.600000,-0.600000,-0.510162,0.600000,-0.760633,-0.600000,-0.600000,-0.792722,-0.600000,-0.724435,0.600000,0.600000,0.551205
20,0,0,0,0,S,0,12,10,1,-0.548731,0.600000,-0.600000,1.000000,-0.548731,-0.493892,-0.600000,0.600000,-0.600000,-0.600000,0.600000,-0.600000,-0.709086,0.600000,0.548731,-0.367115,-0.483907,0.651626,0.677148,-0.556146,-0.408658,-0.600000,-0.600000,-0.600000,-0.367115,0.367115,0.667225,-0.357852,0.600000,0.186717,-0.600000,-0.935054,-0.600000,-0.843213,0.600000,-0.367115,-0.677148,-0.600000,-0.549969,-0.656023,0.600000,0.795179,-0.596517,0.601200,-0.791980,-0.600000,-0.517634,-0.614358,-0.548731,-0.600000,-0.600000,0.600000,-0.440418,-0.800829,-0.600000,0.600000,0.600000,-0.543825,0.548731,-0.600000,-0.600000,-0.505164,0.600000,-0.765161,-0.600000,-0.600000,-0.795179,-0.600000,-0.728417,0.600000,0.600000,0.548731
21,0,0,0,0,stay,1,29,10,1,-0.548731,0.600000,-0.600000,1.000000,-0.548731,-0.481400,-0.600000,0.600000,-0.600000,-0.600000,0.600000,-0.600000,-0.716260,0.600000,0.548731,-0.357865,-0.473924,0.648224,0.680422,-0.556146,-0.400224,-0.600000,-0.600000,-0.600000,-0.357865,0.357865,0.667225,-0.345306,0.600000,0.166333,-0.600000,-0.939473,-0.600000,-0.856006,0.600000,-0.357865,-0.680422,-0.600000,-0.549969,-0.656023,0.600000,0.801627,-0.588072,0.601200,-0.810330,-0.600000,-0.513888,-0.614358,-0.548731,-0.600000,-0.600000,0.600000,-0.430582,-0.816324,-0.600000,0.600000,0.600000,-0.538862,0.548731,-0.600000,-0.600000,-0.501414,0.600000,-0.771400,-0.600000,-0.600000,-0.801627,-0.600000,-0.742075,0.600000,0.600000,0.548731
22,0,0,0,0,W,0,27,11,1,-0.548731,0.600000,-0.600000,1.000000,-0.548731,-0.468930,-0.600000,0.600000,-0.600000,-0.600000,0.600000,-0.600000,-0.724328,0.600000,0.548731,-0.350996,-0.462718,0.645952,0.685838,-0.556146,-0.390656,-0.600000,-0.600000,-0.600000,-0.350996,0.350996,0.667225,-0.332970,0.600000,0.147138,-0.600000,-0.943343,-0.600000,-0.867919,0.600000,-0.350996,-0.685838,-0.600000,-0.549969,-0.656023,0.600000,0.806362,-0.582011,0.601200,-0.826696,-0.600000,-0.507641,-0.614358,-0.548731,-0.600000,-0.600000,0.600000,-0.419580,-0.830870,-0.600000,0.600000,0.600000,-0.535135,0.548731,-0.600000,-0.600000,-0.495164,0.600000,-0.778387,-0.600000,-0.600000,-0.806362,-0.600000,-0.754359,0.600000,0.600000,0.548731
23,0,0,0,0,stay,0,26,11,1,-0.548731,0.600000,-0.600000,1.000000,-0.548731,-0.463951,-0.600000,0.600000,-0.600000,-0.600000,0.600000,-0.600000,-0.728308,0.600000,0.548731,-0.346450,-0.455267,0.642521,0.687991,-0.556146,-0.385903,-0.600000,-0.600000,-0.600000,-0.346450,0.346450,0.667225,-0.326335,0.600000,0.136759,-0.600000,-0.945449,-0.600000,-0.874109,0.600000,-0.346450,-0.687991,-0.600000,-0.549969,-0.656023,0.600000,0.809470,-0.579579,0.601200,-0.834450,-0.600000,-0.505142,-0.614358,-0.548731,-0.600000,-0.600000,0.600000,-0.412290,-0.838471,-0.600000,0.600000,0.600000,-0.532648,0.548731,-0.600000,-0.600000,-0.492664,0.600000,-0.781822,-0.600000,-0.600000,-0.809470,-0.600000,-0.759894,0.600000,0.600000,0.548731
24,0,0,0,0,W,0,24,12,1,-0.548731,0.600000,-0.600000,1.000000,-0.548731,-0.455257,-0.600000,0.600000,-0.600000,-0.600000,0.600000,-0.600000,-0.732252,0.600000,0.548731,-0.343059,-0.450310,0.643675,0.690136,-0.556146,-0.381172,-0.600000,-0.600000,-0.600000,-0.343059,0.343059,0.667225,-0.320858,0.600000,0.128683,-0.600000,-0.947230,-0.600000,-0.879519,0.600000,-0.343059,-0.690136,-0.600000,-0.549969,-0.656023,0.600000,0.811776,-0.573480,0.601200,-0.843261,-0.600000,-0.502642,-0.614358,-0.548731,-0.600000,-0.600000,0.600000,-0.407450,-0.845140,-0.600000,0.600000,0.600000,-0.530159,0.548731,-0.600000,-0.600000,-0.490165,0.600000,-0.785219,-0.600000,-0.600000,-0.811776,-0.600000,-0.768031,0.600000,0.600000,0.548731
25,0,0,0,0,stay,0,23,12,1,-0.548731,0.600000,-0.600000,1.000000,-0.548731,-0.445354,-0.600000,0.600000,-0.600000,-0.600000,0.600000,-0.600000,-0.737130,0.600000,0.548731,-0.336325,-0.442894,0.640238,0.693337,-0.552441,-0.372946,-0.600000,-0.600000,-0.600000,-0.336325,0.336325,0.669443,-0.313269,0.600000,0.114248,-0.600000,-0.950867,-0.600000,-0.889742,0.600000,-0.336325,-0.693337,-0.600000,-0.549969,-0.656023,0.600000,0.816324,-0.569813,0.601200,-0.856674,-0.600000,-0.498892,-0.610800,-0.548731,-0.600000,-0.600000,0.600000,-0.396627,-0.856576,-0.600000,0.600000,0.600000,-0.525176,0.548731,-0.600000,-0.600000,-0.483919,0.600000,-0.791072,-0.600000,-0.600000,-0.816324,-0.600000,-0.776845,0.600000,0.600000,0.548731
26,0,0,0,0,stay,0,22,12,1,-0.548731,0.600000,-0.600000,1.000000,-0.548731,-0.431808,-0.600000,0.600000,-0.600000,-0.600000,0.600000,-0.600000,-0.743864,0.600000,0.548731,-0.330763,-0.431818,0.636787,0.697577,-0.552441,-0.364793,-0.600000,-0.600000,-0.600000,-0.330763,0.330763,0.669443,-0.303661,0.600000,0.099884,-0.600000,-0.953602,-0.600000,-0.899648,0.600000,-0.330763,-0.697577,-0.600000,-0.549969,-0.656023,0.600000,0.820049,-0.561219,0.601200,-0.871384,-0.600000,-0.493892,-0.610800,-0.548731,-0.600000,-0.600000,0.600000,-0.385904,-0.869021,-0.600000,0.600000,0.600000,-0.521436,0.548731,-0.600000,-0.600000,-0.478925,0.600000,-0.796806,-0.600000,-0.600000,-0.820049,-0.600000,-0.788785,0.600000,0.600000,0.548731
27,0,0,0,0,stay,0,21,12,1,-0.548731,0.600000,-0.600000,1.000000,-0.548731,-0.424460,-0.600000,0.600000,-0.600000,-0.600000,0.600000,-0.600000,-0.748604,0.600000,0.548731,-0.326347,-0.426916,0.634477,0.699685,-0.552441,-0.359016,-0.600000,-0.600000,-0.600000,-0.326347,0.326347,0.669443,-0.297349,0.600000,0.092476,-0.600000,-0.955560,-0.600000,-0.905377,0.600000,-0.326347,-0.699685,-0.600000,-0.549969,-0.656023,0.600000,0.822986,-0.556291,0.601200,-0.879047,-0.600000,-0.491393,-0.610800,-0.548731,-0.600000,-0.600000,0.600000,-0.381172,-0.876257,-0.600000,0.600000,0.600000,-0.517692,0.548731,-0.600000,-0.600000,-0.476430,0.600000,-0.800829,-0.600000,-0.600000,-0.822986,-0.600000,-0.796207,0.600000,0.600000,0.548731
28,0,0,0,0,stay,0,20,12,1,-0.548731,0.600000,-0.600000,1.000000,-0.548731,-0.417146,-0.600000,0.600000,-0.600000,-0.600000,0.600000,-0.600000,-0.752353,0.600000,0.548731,-0.321962,-0.417156,0.629836,0.702830,-0.552441,-0.354423,-0.600000,-0.600000,-0.600000,-0.321962,0.321962,0.669443,-0.290081,0.600000,0.083620,-0.600000,-0.957231,-0.600000,-0.911218,0.600000,-0.321962,-0.702830,-0.600000,-0.549969,-0.656023,0.600000,0.825886,-0.552589,0.601200,-0.887318,-0.600000,-0.487644,-0.610800,-0.548731,-0.600000,-0.600000,0.600000,-0.371777,-0.883663,-0.600000,0.600000,0.600000,-0.516445,0.548731,-0.600000,-0.600000,-0.472689,0.600000,-0.804005,-0.600000,-0.600000,-0.825886,-0.600000,-0.801850,0.600000,0.600000,0.548731
29,0,0,1,0,W,0,18,13,1,-0.541293,0.600000,-0.600000,1.000000,-0.541293,-0.411078,-0.600000,0.600000,-0.600000,-0.600000,0.600000,-0.600000,-0.758825,0.600000,0.541293,-0.317607,-0.414725,0.627509,0.704917,-0.549968,-0.345318,-0.600000,-0.600000,-0.600000,-0.317607,0.317607,0.670550,-0.284952,0.600000,0.074151,-0.600000,-0.961156,-0.600000,-0.917495,0.600000,-0.317607,-0.704917,-0.600000,-0.542535,-0.663883,0.600000,0.828748,-0.542685,0.601200,-0.893669,-0.600000,-0.485146,-0.616732,-0.541293,-0.600000,-0.600000,0.600000,-0.367115,-0.891168,-0.600000,0.600000,0.600000,-0.516445,0.541293,-0.600000,-0.600000,-0.477676,0.600000,-0.810241,-0.600000,-0.600000,-0.828748,-0.600000,-0.809698,0.600000,0.600000,0.541293
30,0,0,1,0,S,0,16,14,1,-0.527612,0.600000,-0.600000,1.000000,-0.527612,-0.403831,-0.600000,0.600000,-0.600000,-0.600000,0.600000,-0.600000,-0.764284,0.600000,0.527612,-0.313285,-0.412298,0.621654,0.705957,-0.547493,-0.334095,-0.600000,-0.600000,-0.600000,-0.313285,0.313285,0.674957,-0.283927,0.600000,0.062661,-0.600000,-0.966241,-0.600000,-0.926500,0.600000,-0.313285,-0.705957,-0.600000,-0.528859,-0.676053,0.600000,0.831572,-0.527766,0.601200,-0.903273,-0.600000,-0.483897,-0.627320,-0.527612,-0.600000,-0.600000,0.600000,-0.362478,-0.900960,-0.600000,0.600000,0.600000,-0.518943,0.527612,-0.600000,-0.600000,-0.485164,0.600000,-0.817821,-0.600000,-0.600000,-0.831572,-0.600000,-0.818049,0.600000,0.600000,0.527612
31,0,0,1,0,stay,1,29,14,1,-0.527612,0.600000,-0.600000,1.000000,-0.527612,-0.391848,-0.600000,0.600000,-0.600000,-0.600000,0.600000,-0.600000,-0.769656,0.600000,0.527612,-0.307927,-0.401434,0.616950,0.709064,-0.547493,-0.326347,-0.600000,-0.600000,-0.600000,-0.307927,0.307927,0.676053,-0.276858,0.600000,0.054122,-0.600000,-0.968458,-0.600000,-0.933664,0.600000,-0.307927,-0.709064,-0.600000,-0.528859,-0.677148,0.600000,0.835051,-0.520285,0.601200,-0.913686,-0.600000,-0.480151,-0.628488,-0.527612,-0.600000,-0.600000,0.600000,-0.352137,-0.909960,-0.600000,0.600000,0.600000,-0.513949,0.527612,-0.600000,-0.600000,-0.481417,0.600000,-0.822986,-0.600000,-0.600000,-0.835051,-0.600000,-0.827563,0.600000,0.600000,0.527612
32,0,0,1,0,stay,0,28,14,1,-0.527612,0.600000,-0.600000,1.000000,-0.527612,-0.384718,-0.600000,0.600000,-0.600000,-0.600000,0.600000,-0.600000,-0.774064,0.600000,0.527612,-0.306861,-0.394243,0.615775,0.710096,-0.547493,-0.320870,-0.600000,-0.600000,-0.600000,-0.306861,0.306861,0.676053,-0.274858,0.600000,0.049680,-0.600000,-0.969364,-0.600000,-0.937293,0.600000,-0.306861,-0.710096,-0.600000,-0.528859,-0.677148,0.600000,0.835739,-0.514043,0.601200,-0.918687,-0.600000,-0.478903,-0.628488,-0.527612,-0.600000,-0.600000,0.600000,-0.345319,-0.914767,-0.600000,0.600000,0.600000,-0.508952,0.527612,-0.600000,-0.600000,-0.480169,0.600000,-0.826605,-0.600000,-0.600000,-0.835739,-0.600000,-0.834607,0.600000,0.600000,0.527612
33,0,0,1,0,stay,0,27,14,1,-0.527612,0.600000,-0.600000,1.000000,-0.527612,-0.372946,-0.600000,0.600000,-0.600000,-0.600000,0.600000,-0.600000,-0.780134,0.600000,0.527612,-0.300511,-0.384727,0.609855,0.714200,-0.547493,-0.313285,-0.600000,-0.600000,-0.600000,-0.300511,0.300511,0.676053,-0.264994,0.600000,0.043036,-0.600000,-0.971241,-0.600000,-0.943469,0.600000,-0.300511,-0.714200,-0.600000,-0.528859,-0.677148,0.600000,0.839823,-0.506548,0.601200,-0.927573,-0.600000,-0.473914,-0.628488,-0.527612,-0.600000,-0.600000,0.600000,-0.336325,-0.922977,-0.600000,0.600000,0.600000,-0.505204,0.527612,-0.600000,-0.600000,-0.475179,0.600000,-0.831572,-0.600000,-0.600000,-0.839823,-0.600000,-0.843422,0.600000,0.600000,0.527612
34,0,0,1,0,W,0,25,15,1,-0.516385,0.600000,-0.600000,1.000000,-0.516385,-0.371777,-0.600000,0.600000,-0.600000,-0.600000,0.600000,-0.600000,-0.786087,0.600000,0.516385,-0.299460,-0.384727,0.607475,0.714200,-0.546254,-0.305798,-0.600000,-0.600000,-0.600000,-0.299460,0.299460,0.676053,-0.264020,0.600000,0.038896,-0.600000,-0.973661,-0.600000,-0.946083,0.600000,-0.299460,-0.714200,-0.600000,-0.517635,-0.687991,0.600000,0.840496,-0.494048,0.601200,-0.928908,-0.600000,-0.473914,-0.638942,-0.516385,-0.600000,-0.600000,0.600000,-0.335209,-0.926465,-0.600000,0.600000,0.600000,-0.507703,0.516385,-0.600000,-0.600000,-0.487659,0.600000,-0.836426,-0.600000,-0.600000,-0.840496,-0.600000,-0.848641,0.600000,0.600000,0.516385
35,0,1,1,0,S,0,23,16,1,-0.511390,0.600000,-0.600000,1.000000,-0.511390,-0.364793,-0.600000,0.600000,-0.600000,-0.600000,0.600000,-0.600000,-0.789436,0.600000,0.511390,-0.295277,-0.382361,0.606286,0.719281,-0.546254,-0.300511,-0.600000,-0.600000,-0.600000,-0.295277,0.295277,0.677148,-0.256308,0.600000,0.035655,-0.600000,-0.975405,-0.600000,-0.949312,0.600000,-0.295277,-0.719281,-0.600000,-0.512640,-0.692272,0.600000,0.843163,-0.489050,0.601200,-0.933411,-0.600000,-0.467684,-0.643546,-0.511390,-0.600000,-0.600000,0.600000,-0.332983,-0.930458,-0.600000,0.600000,0.600000,-0.512702,0.511390,-0.600000,-0.600000,-0.485161,0.600000,-0.839823,-0.600000,-0.600000,-0.843163,-0.600000,-0.851837,0.600000,0.600000,0.511390
36,0,1,1,0,stay,1,29,16,1,-0.511390,0.600000,-0.600000,1.000000,-0.511390,-0.355569,-0.600000,0.600000,-0.600000,-0.600000,0.600000,-0.600000,-0.793567,0.600000,0.511390,-0.288039,-0.380001,0.609867,0.727295,-0.546254,-0.294237,-0.600000,-0.600000,-0.600000,-0.288039,0.288039,0.678242,-0.243170,0.600000,0.033481,-0.600000,-0.977036,-0.600000,-0.952130,0.600000,-0.288039,-0.727295,-0.600000,-0.512640,-0.692272,0.600000,0.847744,-0.490298,0.601200,-0.937644,-0.600000,-0.457739,-0.643546,-0.511390,-0.600000,-0.600000,0.600000,-0.330763,-0.933941,-0.600000,0.600000,0.600000,-0.515201,0.511390,-0.600000,-0.600000,-0.473929,0.600000,-0.843824,-0.600000,-0.600000,-0.847744,-0.600000,-0.854983,0.600000,0.600000,0.511390
37,0,1,1,0,stay,0,28,16,1,-0.511390,0.600000,-0.600000,1.000000,-0.511390,-0.346450,-0.600000,0.600000,-0.600000,-0.600000,0.600000,-0.600000,-0.797639,0.600000,0.511390,-0.280907,-0.376471,0.613434,0.735165,-0.546254,-0.289067,-0.600000,-0.600000,-0.600000,-0.280907,0.280907,0.678242,-0.229610,0.600000,0.031433,-0.600000,-0.978349,-0.600000,-0.954363,0.600000,-0.280907,-0.735165,-0.600000,-0.512640,-0.692272,0.600000,0.852215,-0.490298,0.601200,-0.941351,-0.600000,-0.447826,-0.643546,-0.511390,-0.600000,-0.600000,0.600000,-0.327449,-0.936966,-0.600000,0.600000,0.600000,-0.518947,0.511390,-0.600000,-0.600000,-0.463966,0.600000,-0.847096,-0.600000,-0.600000,-0.852215,-0.600000,-0.858065,0.600000,0.600000,0.511390
38,0,1,1,0,stay,0,27,16,1,-0.511390,0.600000,-0.600000,1.000000,-0.511390,-0.337443,-0.600000,0.600000,-0.600000,-0.600000,0.600000,-0.600000,-0.801650,0.600000,0.511390,-0.273884,-0.372955,0.614625,0.742888,-0.546254,-0.283951,-0.600000,-0.600000,-0.600000,-0.273884,0.273884,0.678242,-0.216588,0.600000,0.029221,-0.600000,-0.979588,-0.600000,-0.956911,0.600000,-0.273884,-0.742888,-0.600000,-0.512640,-0.692272,0.600000,0.856576,-0.490298,0.601200,-0.945370,-0.600000,-0.437954,-0.643546,-0.511390,-0.600000,-0.600000,0.600000,-0.324151,-0.940425,-0.600000,0.600000,0.600000,-0.522691,0.511390,-0.600000,-0.600000,-0.454032,0.600000,-0.850312,-0.600000,-0.600000,-0.856576,-0.600000,-0.861095,0.600000,0.600000,0.511390
39,0,1,1,0,stay,0,26,16,1,-0.511390,0.600000,-0.600000,1.000000,-0.511390,-0.327448,-0.600000,0.600000,-0.600000,-0.600000,0.600000,-0.600000,-0.805601,0.600000,0.511390,-0.265993,-0.368286,0.614632,0.751400,-0.546254,-0.278890,-0.600000,-0.600000,-0.600000,-0.265993,0.265993,0.678242,-0.202486,0.600000,0.026766,-0.600000,-0.980853,-0.600000,-0.959713,0.600000,-0.265993,-0.751400,-0.600000,-0.512640,-0.692272,0.600000,0.861429,-0.490298,0.601200,-0.949850,-0.600000,-0.426906,-0.643546,-0.511390,-0.600000,-0.600000,0.600000,-0.319781,-0.944237,-0.600000,0.600000,0.600000,-0.527680,0.511390,-0.600000,-0.600000,-0.442899,0.600000,-0.853472,-0.600000,-0.600000,-0.861429,-0.600000,-0.864076,0.600000,0.600000,0.511390
40,0,1,1,0,stay,0,25,16,1,-0.511390,0.600000,-0.600000,1.000000,-0.511390,-0.318693,-0.600000,0.600000,-0.600000,-0.600000,0.600000,-0.600000,-0.809492,0.600000,0.511390,-0.258247,-0.365961,0.615821,0.757888,-0.546254,-0.273884,-0.600000,-0.600000,-0.600000,-0.258247,0.258247,0.678242,-0.190620,0.600000,0.024996,-0.600000,-0.982040,-0.600000,-0.961975,0.600000,-0.258247,-0.757888,-0.600000,-0.512640,-0.692272,0.600000,0.866144,-0.489048,0.601200,-0.953315,-0.600000,-0.418362,-0.643546,-0.511390,-0.600000,-0.600000,0.600000,-0.317608,-0.947320,-0.600000,0.600000,0.600000,-0.530173,0.511390,-0.600000,-0.600000,-0.434278,0.600000,-0.856576,-0.600000,-0.600000,-0.866144,-0.600000,-0.867578,0.600000,0.600000,0.511390
41,0,1,1,0,stay,0,24,16,1,-0.511390,0.600000,-0.600000,1.000000,-0.511390,-0.311135,-0.600000,0.600000,-0.600000,-0.600000,0.600000,-0.600000,-0.812562,0.600000,0.511390,-0.250650,-0.362486,0.614644,0.765161,-0.546254,-0.269920,-0.600000,-0.600000,-0.600000,-0.250650,0.250650,0.678242,-0.178554,0.600000,0.023226,-0.600000,-0.983071,-0.600000,-0.964115,0.600000,-0.250650,-0.765161,-0.600000,-0.512640,-0.692272,0.600000,0.870722,-0.490297,0.601200,-0.956551,-0.600000,-0.408658,-0.643546,-0.511390,-0.600000,-0.600000,0.600000,-0.314363,-0.950241,-0.600000,0.600000,0.600000,-0.535153,0.511390,-0.600000,-0.600000,-0.424475,0.600000,-0.859020,-0.600000,-0.600000,-0.870722,-0.600000,-0.869303,0.600000,0.600000,0.511390
42,0,0,0,1,W,0,22,17,1,-0.511390,0.600000,-0.600000,1.000000,-0.511390,-0.306861,-0.600000,0.600000,-0.600000,-0.600000,0.600000,-0.600000,-0.818588,0.600000,0.511390,-0.248775,-0.359024,0.618197,0.766956,-0.545015,-0.262102,-0.600000,-0.600000,-0.600000,-0.248775,0.248775,0.678242,-0.175634,0.600000,0.021792,-0.600000,-0.983886,-0.600000,-0.965643,0.600000,-0.248775,-0.766956,-0.600000,-0.512640,-0.692272,0.600000,0.871846,-0.487798,0.601200,-0.957583,-0.600000,-0.406242,-0.642399,-0.511390,-0.600000,-0.600000,0.600000,-0.310064,-0.952331,-0.600000,0.600000,0.600000,-0.527684,0.511390,-0.600000,-0.600000,-0.422033,0.600000,-0.863804,-0.600000,-0.600000,-0.871846,-0.600000,-0.874898,0.600000,0.600000,0.511390
43,0,0,0,1,stay,0,21,17,1,-0.511390,0.600000,-0.600000,1.000000,-0.511390,-0.295277,-0.600000,0.600000,-0.600000,-0.600000,0.600000,-0.600000,-0.827342,0.600000,0.511390,-0.243203,-0.351004,0.622917,0.769630,-0.545015,-0.250650,-0.600000,-0.600000,-0.600000,-0.243203,0.243203,0.678242,-0.169203,0.600000,0.019177,-0.600000,-0.985256,-0.600000,-0.968666,0.600000,-0.243203,-0.769630,-0.600000,-0.512640,-0.692272,0.600000,0.875166,-0.477808,0.601200,-0.961104,-0.600000,-0.402628,-0.642399,-0.511390,-0.600000,-0.600000,0.600000,-0.302620,-0.956472,-0.600000,0.600000,0.600000,-0.516459,0.511390,-0.600000,-0.600000,-0.418377,0.600000,-0.870722,-0.600000,-0.600000,-0.875166,-0.600000,-0.885478,0.600000,0.600000,0.511390
44,1,0,0,0,W,0,19,18,1,-0.511390,0.600000,-0.600000,1.000000,-0.511390,-0.289067,-0.600000,0.600000,-0.600000,-0.600000,0.600000,-0.600000,-0.824476,0.600000,0.511390,-0.225250,-0.341940,0.621749,0.769630,-0.541293,-0.243203,-0.600000,-0.600000,-0.600000,-0.225250,0.225250,0.691205,-0.163643,0.600000,0.016871,-0.600000,-0.987909,-0.600000,-0.972529,0.600000,-0.225250,-0.769630,-0.600000,-0.512640,-0.692272,0.600000,0.885707,-0.485297,0.601200,-0.965534,-0.600000,-0.402628,-0.638948,-0.511390,-0.600000,-0.600000,0.600000,-0.291129,-0.959496,-0.600000,0.600000,0.600000,-0.506465,0.511390,-0.600000,-0.600000,-0.403846,0.600000,-0.875166,-0.600000,-0.600000,-0.885707,-0.600000,-0.886502,0.600000,0.600000,0.511390
45,1,0,1,0,N,0,17,17,1,-0.511390,0.600000,-0.600000,1.000000,-0.511390,-0.283951,-0.600000,0.600000,-0.600000,-0.600000,0.600000,-0.600000,-0.821568,0.600000,0.511390,-0.207431,-0.331880,0.617042,0.769630,-0.535081,-0.235907,-0.600000,-0.600000,-0.600000,-0.207431,0.207431,0.703875,-0.157565,0.600000,0.014403,-0.600000,-0.990189,-0.600000,-0.976163,0.600000,-0.207431,-0.769630,-0.600000,-0.512640,-0.693337,0.600000,0.895933,-0.494042,0.601200,-0.969623,-0.600000,-0.402628,-0.634327,-0.511390,-0.600000,-0.600000,0.600000,-0.276881,-0.962681,-0.600000,0.600000,0.600000,-0.496465,0.511390,-0.600000,-0.600000,-0.390670,0.600000,-0.879479,-0.600000,-0.600000,-0.895933,-0.600000,-0.887013,0.600000,0.600000,0.511390
46,1,1,0,0,W,0,15,18,1,-0.511390,0.600000,-0.600000,1.000000,-0.511390,-0.274881,-0.600000,0.600000,-0.600000,-0.600000,0.600000,-0.600000,-0.823762,0.600000,0.511390,-0.191448,-0.320878,0.613505,0.778387,-0.533837,-0.228764,-0.600000,-0.600000,-0.600000,-0.191448,0.191448,0.709064,-0.141632,0.600000,0.012353,-0.600000,-0.991676,-0.600000,-0.978913,0.600000,-0.191448,-0.778387,-0.600000,-0.512640,-0.693337,0.600000,0.904912,-0.501542,0.601200,-0.973239,-0.600000,-0.390656,-0.633167,-0.511390,-0.600000,-0.600000,0.600000,-0.265993,-0.966119,-0.600000,0.600000,0.600000,-0.498965,0.511390,-0.600000,-0.600000,-0.372959,0.600000,-0.883663,-0.600000,-0.600000,-0.904912,-0.600000,-0.888031,0.600000,0.600000,0.511390
47,0,0,1,1,W,0,13,19,1,-0.511390,0.600000,-0.600000,1.000000,-0.511390,-0.266971,-0.600000,0.600000,-0.600000,-0.600000,0.600000,-0.600000,-0.828794,0.600000,0.511390,-0.189133,-0.317615,0.617060,0.780109,-0.533837,-0.222639,-0.600000,-0.600000,-0.600000,-0.189133,0.189133,0.709064,-0.138614,0.600000,0.011411,-0.600000,-0.992119,-0.600000,-0.980119,0.600000,-0.189133,-0.780109,-0.600000,-0.512640,-0.694400,0.600000,0.906197,-0.494042,0.601200,-0.974886,-0.600000,-0.388277,-0.634328,-0.511390,-0.600000,-0.600000,0.600000,-0.263071,-0.968034,-0.600000,0.600000,0.600000,-0.492715,0.511390,-0.600000,-0.600000,-0.371788,0.600000,-0.887220,-0.600000,-0.600000,-0.906197,-0.600000,-0.894356,0.600000,0.600000,0.511390
48,0,0,1,1,stay,0,12,19,1,-0.501392,0.600000,-0.600000,1.000000,-0.501392,-0.265993,-0.600000,0.600000,-0.600000,-0.600000,0.600000,-0.600000,-0.835784,0.600000,0.501392,-0.188366,-0.316532,0.618242,0.780109,-0.533837,-0.214094,-0.600000,-0.600000,-0.600000,-0.188366,0.188366,0.709064,-0.138017,0.600000,0.010331,-0.600000,-0.992867,-0.600000,-0.981073,0.600000,-0.188366,-0.780109,-0.600000,-0.502643,-0.703875,0.600000,0.906622,-0.482798,0.601200,-0.975010,-0.600000,-0.388277,-0.644709,-0.501392,-0.600000,-0.600000,0.600000,-0.262102,-0.969549,-0.600000,0.600000,0.600000,-0.490216,0.501392,-0.600000,-0.600000,-0.382351,0.600000,-0.892136,-0.600000,-0.600000,-0.906622,-0.600000,-0.899451,0.600000,0.600000,0.501392
49,0,0,0,1,S,0,10,20,1,-0.498892,0.600000,-0.600000,1.000000,-0.498892,-0.259208,-0.600000,0.600000,-0.600000,-0.600000,0.600000,-0.600000,-0.839199,0.600000,0.498892,-0.182318,-0.310071,0.627647,0.780967,-0.533837,-0.201728,-0.600000,-0.600000,-0.600000,-0.182318,0.182318,0.719281,-0.138601,0.600000,0.009307,-0.600000,-0.993981,-0.600000,-0.983185,0.600000,-0.182318,-0.780967,-0.600000,-0.500143,-0.704917,0.600000,0.909960,-0.485294,0.601200,-0.976895,-0.600000,-0.387090,-0.645854,-0.498892,-0.600000,-0.600000,0.600000,-0.256335,-0.971553,-0.600000,0.600000,0.600000,-0.475234,0.498892,-0.600000,-0.600000,-0.370606,0.600000,-0.899158,-0.600000,-0.600000,-0.909960,-0.600000,-0.904337,0.600000,0.600000,0.498892
50,0,0,0,1,stay,1,29,20,1,-0.498892,0.600000,-0.600000,1.000000,-0.498892,-0.250650,-0.600000,0.600000,-0.600000,-0.600000,0.600000,-0.600000,-0.845843,0.600000,0.498892,-0.177881,-0.301572,0.627657,0.784374,-0.532593,-0.193784,-0.600000,-0.600000,-0.600000,-0.177881,0.177881,0.719281,-0.132728,0.600000,0.008097,-0.600000,-0.994442,-0.600000,-0.984689,0.600000,-0.177881,-0.784374,-0.600000,-0.500143,-0.704917,0.600000,0.912393,-0.479050,0.601200,-0.978849,-0.600000,-0.382353,-0.644710,-0.498892,-0.600000,-0.600000,0.600000,-0.247840,-0.974070,-0.600000,0.600000,0.600000,-0.467756,0.498892,-0.600000,-0.600000,-0.365950,0.600000,-0.903610,-0.600000,-0.600000,-0.912393,-0.600000,-0.910659,0.600000,0.600000,0.498892
51,0,0,0,1,N,0,27,19,1,-0.498892,0.600000,-0.600000,1.000000,-0.498892,-0.243203,-0.600000,0.600000,-0.600000,-0.600000,0.600000,-0.600000,-0.849721,0.600000,0.498892,-0.176421,-0.299468,0.632327,0.785219,-0.532593,-0.189133,-0.600000,-0.600000,-0.600000,-0.176421,0.176421,0.719281,-0.131008,0.600000,0.007628,-0.600000,-0.994660,-0.600000,-0.985426,0.600000,-0.176421,-0.785219,-0.600000,-0.500143,-0.704917,0.600000,0.913191,-0.470321,0.601200,-0.980060,-0.600000,-0.381172,-0.644710,-0.498892,-0.600000,-0.600000,0.600000,-0.245979,-0.975307,-0.600000,0.600000,0.600000,-0.461536,0.498892,-0.600000,-0.600000,-0.364790,0.600000,-0.906197,-0.600000,-0.600000,-0.913191,-0.600000,-0.915828,0.600000,0.600000,0.498892
52,0,0,0,1,stay,0,26,19,1,-0.498892,0.600000,-0.600000,1.000000,-0.498892,-0.234107,-0.600000,0.600000,-0.600000,-0.600000,0.600000,-0.600000,-0.856622,0.600000,0.498892,-0.172812,-0.293206,0.636980,0.786904,-0.531348,-0.180088,-0.600000,-0.600000,-0.600000,-0.172812,0.172812,0.720290,-0.127622,0.600000,0.006734,-0.600000,-0.995118,-0.600000,-0.986733,0.600000,-0.172812,-0.786904,-0.600000,-0.500143,-0.704917,0.600000,0.915156,-0.461609,0.601200,-0.981661,-0.600000,-0.378814,-0.643565,-0.498892,-0.600000,-0.600000,0.600000,-0.239537,-0.977389,-0.600000,0.600000,0.600000,-0.449132,0.498892,-0.600000,-0.600000,-0.361318,0.600000,-0.911184,-0.600000,-0.600000,-0.915156,-0.600000,-0.922895,0.600000,0.600000,0.498892
53,0,0,1,0,W,0,24,20,1,-0.495142,0.600000,-0.600000,1.000000,-0.495142,-0.225250,-0.600000,0.600000,-0.600000,-0.600000,0.600000,-0.600000,-0.857238,0.600000,0.495142,-0.169261,-0.285998,0.635836,0.787742,-0.528858,-0.174970,-0.600000,-0.600000,-0.600000,-0.169261,0.169261,0.726301,-0.127612,0.600000,0.005769,-0.600000,-0.995626,-0.600000,-0.988221,0.600000,-0.169261,-0.787742,-0.600000,-0.496393,-0.709064,0.600000,0.917082,-0.454158,0.601200,-0.983947,-0.600000,-0.377638,-0.645861,-0.495142,-0.600000,-0.600000,0.600000,-0.231425,-0.979299,-0.600000,0.600000,0.600000,-0.445422,0.495142,-0.600000,-0.600000,-0.357857,0.600000,-0.913982,-0.600000,-0.600000,-0.917082,-0.600000,-0.926392,0.600000,0.600000,0.495142
54,0,0,1,0,stay,1,29,20,1,-0.485146,0.600000,-0.600000,1.000000,-0.485146,-0.223507,-0.600000,0.600000,-0.600000,-0.600000,0.600000,-0.600000,-0.860877,0.600000,0.485146,-0.167159,-0.284977,0.631197,0.787742,-0.526366,-0.169967,-0.600000,-0.600000,-0.600000,-0.167159,0.167159,0.727295,-0.126498,0.600000,0.005092,-0.600000,-0.996043,-0.600000,-0.989010,0.600000,-0.167159,-0.787742,-0.600000,-0.486396,-0.718269,0.600000,0.918217,-0.443023,0.601200,-0.984644,-0.600000,-0.377638,-0.653834,-0.485146,-0.600000,-0.600000,0.600000,-0.228764,-0.980579,-0.600000,0.600000,0.600000,-0.446656,0.485146,-0.600000,-0.600000,-0.367092,0.600000,-0.916700,-0.600000,-0.600000,-0.918217,-0.600000,-0.929079,0.600000,0.600000,0.485146
55,0,0,0,0,S,0,27,21,1,-0.482648,0.600000,-0.600000,1.000000,-0.482648,-0.216632,-0.600000,0.600000,-0.600000,-0.600000,0.600000,-0.600000,-0.860888,0.600000,0.482648,-0.162335,-0.279905,0.630040,0.787742,-0.526366,-0.165078,-0.600000,-0.600000,-0.600000,-0.162335,0.162335,0.734189,-0.126488,0.600000,0.004562,-0.600000,-0.996455,-0.600000,-0.990197,0.600000,-0.162335,-0.787742,-0.600000,-0.483898,-0.719281,0.600000,0.920813,-0.439321,0.601200,-0.986365,-0.600000,-0.377638,-0.654966,-0.482648,-0.600000,-0.600000,0.600000,-0.224378,-0.982049,-0.600000,0.600000,0.600000,-0.440484,0.482648,-0.600000,-0.600000,-0.360144,0.600000,-0.919339,-0.600000,-0.600000,-0.920813,-0.600000,-0.931684,0.600000,0.600000,0.482648
56,0,0,0,0,stay,1,29,21,1,-0.482648,0.600000,-0.600000,1.000000,-0.482648,-0.211577,-0.600000,0.600000,-0.600000,-0.600000,0.600000,-0.600000,-0.862086,0.600000,0.482648,-0.160302,-0.276888,0.627710,0.787742,-0.526366,-0.163018,-0.600000,-0.600000,-0.600000,-0.160302,0.160302,0.735165,-0.125383,0.600000,0.004254,-0.600000,-0.996577,-0.600000,-0.990764,0.600000,-0.160302,-0.787742,-0.600000,-0.483898,-0.719281,0.600000,0.921902,-0.433170,0.601200,-0.987341,-0.600000,-0.377638,-0.654966,-0.482648,-0.600000,-0.600000,0.600000,-0.221774,-0.982996,-0.600000,0.600000,0.600000,-0.436789,0.482648,-0.600000,-0.600000,-0.358992,0.600000,-0.920447,-0.600000,-0.600000,-0.921902,-0.600000,-0.934196,0.600000,0.600000,0.482648
57,0,0,0,0,stay,0,28,21,1,-0.482648,0.600000,-0.600000,1.000000,-0.482648,-0.204972,-0.600000,0.600000,-0.600000,-0.600000,0.600000,-0.600000,-0.864451,0.600000,0.482648,-0.156960,-0.272897,0.625378,0.788578,-0.526366,-0.160302,-0.600000,-0.600000,-0.600000,-0.156960,0.156960,0.735165,-0.122124,0.600000,0.003888,-0.600000,-0.996727,-0.600000,-0.991384,0.600000,-0.156960,-0.788578,-0.600000,-0.483898,-0.719281,0.600000,0.923687,-0.424593,0.601200,-0.988422,-0.600000,-0.376463,-0.654966,-0.482648,-0.600000,-0.600000,0.600000,-0.218337,-0.984130,-0.600000,0.600000,0.600000,-0.433101,0.482648,-0.600000,-0.600000,-0.357841,0.600000,-0.921902,-0.600000,-0.600000,-0.923687,-0.600000,-0.937510,0.600000,0.600000,0.482648
58,0,0,0,0,stay,0,27,21,1,-0.482648,0.600000,-0.600000,1.000000,-0.482648,-0.197726,-0.600000,0.600000,-0.600000,-0.600000,0.600000,-0.600000,-0.867934,0.600000,0.482648,-0.152376,-0.266978,0.620693,0.791072,-0.525119,-0.155639,-0.600000,-0.600000,-0.600000,-0.152376,0.152376,0.736138,-0.117370,0.600000,0.003397,-0.600000,-0.996964,-0.600000,-0.992239,0.600000,-0.152376,-0.791072,-0.600000,-0.483898,-0.719281,0.600000,0.926123,-0.418491,0.601200,-0.989670,-0.600000,-0.372946,-0.653836,-0.482648,-0.600000,-0.600000,0.600000,-0.212414,-0.985622,-0.600000,0.600000,0.600000,-0.428193,0.482648,-0.600000,-0.600000,-0.353255,0.600000,-0.924390,-0.600000,-0.600000,-0.926123,-0.600000,-0.940952,0.600000,0.600000,0.482648
59,0,0,0,0,N,0,25,20,1,-0.482648,0.600000,-0.600000,1.000000,-0.482648,-0.189902,-0.600000,0.600000,-0.600000,-0.600000,0.600000,-0.600000,-0.870778,0.600000,0.482648,-0.150446,-0.262109,0.620702,0.793544,-0.523872,-0.151731,-0.600000,-0.600000,-0.600000,-0.150446,0.150446,0.737110,-0.114798,0.600000,0.003043,-0.600000,-0.997112,-0.600000,-0.992868,0.600000,-0.150446,-0.793544,-0.600000,-0.483898,-0.719281,0.600000,0.927145,-0.411201,0.601200,-0.990693,-0.600000,-0.369443,-0.652704,-0.482648,-0.600000,-0.600000,0.600000,-0.207432,-0.986715,-0.600000,0.600000,0.600000,-0.424520,0.482648,-0.600000,-0.600000,-0.348696,0.600000,-0.926465,-0.600000,-0.600000,-0.927145,-0.600000,-0.944215,0.600000,0.600000,0.482648
60,0,0,0,0,stay,0,24,20,1,-0.482648,0.600000,-0.600000,1.000000,-0.482648,-0.182318,-0.600000,0.600000,-0.600000,-0.600000,0.600000,-0.600000,-0.874673,0.600000,0.482648,-0.146645,-0.255388,0.615993,0.796806,-0.522625,-0.147273,-0.600000,-0.600000,-0.600000,-0.146645,0.146645,0.737110,-0.109805,0.600000,0.002632,-0.600000,-0.997293,-0.600000,-0.993576,0.600000,-0.146645,-0.796806,-0.600000,-0.483898,-0.719281,0.600000,0.929150,-0.403950,0.601200,-0.991740,-0.600000,-0.364793,-0.651571,-0.482648,-0.600000,-0.600000,0.600000,-0.200923,-0.988026,-0.600000,0.600000,0.600000,-0.420855,0.482648,-0.600000,-0.600000,-0.344164,0.600000,-0.928819,-0.600000,-0.600000,-0.929150,-0.600000,-0.947560,0.600000,0.600000,0.482648
61,0,0,0,0,stay,0,23,20,1,-0.482648,0.600000,-0.600000,1.000000,-0.482648,-0.175694,-0.600000,0.600000,-0.600000,-0.600000,0.600000,-0.600000,-0.878467,0.600000,0.482648,-0.142311,-0.250657,0.612449,0.798422,-0.521378,-0.142311,-0.600000,-0.600000,-0.600000,-0.142311,0.142311,0.738079,-0.105946,0.600000,0.002311,-0.600000,-0.997502,-0.600000,-0.994214,0.600000,-0.142311,-0.798422,-0.600000,-0.483898,-0.719281,0.600000,0.931424,-0.396741,0.601200,-0.992597,-0.600000,-0.362477,-0.650435,-0.482648,-0.600000,-0.600000,0.600000,-0.196142,-0.989156,-0.600000,0.600000,0.600000,-0.413555,0.482648,-0.600000,-0.600000,-0.340784,0.600000,-0.931424,-0.600000,-0.600000,-0.931424,-0.600000,-0.950946,0.600000,0.600000,0.482648
62,0,0,0,0,E,0,21,19,1,-0.482648,0.600000,-0.600000,1.000000,-0.482648,-0.169967,-0.600000,0.600000,-0.600000,-0.600000,0.600000,-0.600000,-0.880590,0.600000,0.482648,-0.139883,-0.246915,0.611268,0.800029,-0.520130,-0.139282,-0.600000,-0.600000,-0.600000,-0.139883,0.139883,0.739045,-0.103595,0.600000,0.002101,-0.600000,-0.997624,-0.600000,-0.994631,0.600000,-0.139883,-0.800029,-0.600000,-0.483898,-0.719281,0.600000,0.932693,-0.390766,0.601200,-0.993232,-0.600000,-0.360168,-0.649299,-0.482648,-0.600000,-0.600000,0.600000,-0.192224,-0.989883,-0.600000,0.600000,0.600000,-0.409919,0.482648,-0.600000,-0.600000,-0.337420,0.600000,-0.933007,-0.600000,-0.600000,-0.932693,-0.600000,-0.953235,0.600000,0.600000,0.482648
63,0,0,0,0,stay,0,20,19,1,-0.482648,0.600000,-0.600000,1.000000,-0.482648,-0.164389,-0.600000,0.600000,-0.600000,-0.600000,0.600000,-0.600000,-0.882681,0.600000,0.482648,-0.136897,-0.243210,0.608897,0.800829,-0.518882,-0.136306,-0.600000,-0.600000,-0.600000,-0.136897,0.136897,0.740009,-0.101290,0.600000,0.001901,-0.600000,-0.997751,-0.600000,-0.995043,0.600000,-0.136897,-0.800829,-0.600000,-0.483898,-0.719281,0.600000,0.934249,-0.383641,0.601200,-0.993843,-0.600000,-0.359016,-0.648160,-0.482648,-0.600000,-0.600000,0.600000,-0.188367,-0.990609,-0.600000,0.600000,0.600000,-0.405086,0.482648,-0.600000,-0.600000,-0.335186,0.600000,-0.934556,-0.600000,-0.600000,-0.934249,-0.600000,-0.955636,0.600000,0.600000,0.482648
64,0,0,0,0,stay,0,19,19,1,-0.482648,0.600000,-0.600000,1.000000,-0.482648,-0.158290,-0.600000,0.600000,-0.600000,-0.600000,0.600000,-0.600000,-0.884740,0.600000,0.482648,-0.133384,-0.237724,0.606522,0.802422,-0.515137,-0.132231,-0.600000,-0.600000,-0.600000,-0.133384,0.133384,0.742888,-0.099027,0.600000,0.001660,-0.600000,-0.997924,-0.600000,-0.995537,0.600000,-0.133384,-0.802422,-0.600000,-0.483898,-0.719281,0.600000,0.936072,-0.378914,0.601200,-0.994510,-0.600000,-0.356716,-0.644734,-0.482648,-0.600000,-0.600000,0.600000,-0.181572,-0.991412,-0.600000,0.600000,0.600000,-0.399071,0.482648,-0.600000,-0.600000,-0.329633,0.600000,-0.936669,-0.600000,-0.600000,-0.936072,-0.600000,-0.957920,0.600000,0.600000,0.482648
65,1,1,0,0,E,0,17,18,1,-0.482648,0.600000,-0.600000,1.000000,-0.482648,-0.149807,-0.600000,0.600000,-0.600000,-0.600000,0.600000,-0.600000,-0.886264,0.600000,0.482648,-0.121686,-0.233210,0.607725,0.809470,-0.511390,-0.127143,-0.600000,-0.600000,-0.600000,-0.121686,0.121686,0.748584,-0.088789,0.600000,0.001436,-0.600000,-0.998267,-0.600000,-0.996100,0.600000,-0.121686,-0.809470,-0.600000,-0.483898,-0.719281,0.600000,0.942088,-0.381258,0.601200,-0.995298,-0.600000,-0.346450,-0.641294,-0.482648,-0.600000,-0.600000,0.600000,-0.175695,-0.992264,-0.600000,0.600000,0.600000,-0.399062,0.482648,-0.600000,-0.600000,-0.313262,0.600000,-0.939292,-0.600000,-0.600000,-0.942088,-0.600000,-0.959319,0.600000,0.600000,0.482648
66,1,1,0,0,stay,0,16,18,1,-0.482648,0.600000,-0.600000,1.000000,-0.482648,-0.142924,-0.600000,0.600000,-0.600000,-0.600000,0.600000,-0.600000,-0.886768,0.600000,0.482648,-0.110390,-0.228759,0.607738,0.815572,-0.507641,-0.122761,-0.600000,-0.600000,-0.600000,-0.110390,0.110390,0.755122,-0.079886,0.600000,0.001254,-0.600000,-0.998561,-0.600000,-0.996575,0.600000,-0.110390,-0.815572,-0.600000,-0.483898,-0.719281,0.600000,0.947817,-0.385978,0.601200,-0.995933,-0.600000,-0.337443,-0.637838,-0.482648,-0.600000,-0.600000,0.600000,-0.169967,-0.992962,-0.600000,0.600000,0.600000,-0.399055,0.482648,-0.600000,-0.600000,-0.297341,0.600000,-0.941539,-0.600000,-0.600000,-0.947817,-0.600000,-0.960099,0.600000,0.600000,0.482648
67,1,0,1,0,E,0,14,17,1,-0.482648,0.600000,-0.600000,1.000000,-0.482648,-0.139282,-0.600000,0.600000,-0.600000,-0.600000,0.600000,-0.600000,-0.884750,0.600000,0.482648,-0.100022,-0.222632,0.601773,0.815572,-0.500142,-0.118510,-0.600000,-0.600000,-0.600000,-0.100022,0.100022,0.766060,-0.076280,0.600000,0.001068,-0.600000,-0.998834,-0.600000,-0.997067,0.600000,-0.100022,-0.815572,-0.600000,-0.483898,-0.719281,0.600000,0.953009,-0.393105,0.601200,-0.996482,-0.600000,-0.337443,-0.630885,-0.482648,-0.600000,-0.600000,0.600000,-0.160978,-0.993597,-0.600000,0.600000,0.600000,-0.389497,0.482648,-0.600000,-0.600000,-0.284946,0.600000,-0.943706,-0.600000,-0.600000,-0.953009,-0.600000,-0.960487,0.600000,0.600000,0.482648
68,1,0,0,1,E,0,12,16,1,-0.482648,0.600000,-0.600000,1.000000,-0.482648,-0.138085,-0.600000,0.600000,-0.600000,-0.600000,0.600000,-0.600000,-0.886778,0.600000,0.482648,-0.094738,-0.219185,0.606561,0.815572,-0.496392,-0.114387,-0.600000,-0.600000,-0.600000,-0.094738,0.094738,0.769630,-0.073503,0.600000,0.001001,-0.600000,-0.998967,-0.600000,-0.997211,0.600000,-0.094738,-0.815572,-0.600000,-0.483898,-0.719281,0.600000,0.955630,-0.395491,0.601200,-0.996551,-0.600000,-0.337443,-0.627387,-0.482648,-0.600000,-0.600000,0.600000,-0.156299,-0.993785,-0.600000,0.600000,0.600000,-0.380024,0.482648,-0.600000,-0.600000,-0.280885,0.600000,-0.945799,-0.600000,-0.600000,-0.955630,-0.600000,-0.961613,0.600000,0.600000,0.482648
69,1,0,0,1,stay,0,11,16,1,-0.482648,0.600000,-0.600000,1.000000,-0.482648,-0.137490,-0.600000,0.600000,-0.600000,-0.600000,0.600000,-0.600000,-0.888774,0.600000,0.482648,-0.085698,-0.214087,0.607758,0.815572,-0.487644,-0.108922,-0.600000,-0.600000,-0.600000,-0.085698,0.085698,0.775785,-0.068545,0.600000,0.000887,-0.600000,-0.999155,-0.600000,-0.997451,0.600000,-0.085698,-0.815572,-0.600000,-0.483898,-0.719281,0.600000,0.960077,-0.402680,0.601200,-0.996686,-0.600000,-0.337443,-0.619174,-0.482648,-0.600000,-0.600000,0.600000,-0.147903,-0.994117,-0.600000,0.600000,0.600000,-0.367145,0.482648,-0.600000,-0.600000,-0.273862,0.600000,-0.948556,-0.600000,-0.600000,-0.960077,-0.600000,-0.962528,0.600000,0.600000,0.482648
70,0,0,0,1,S,0,9,17,1,-0.482648,0.600000,-0.600000,1.000000,-0.482648,-0.134547,-0.600000,0.600000,-0.600000,-0.600000,0.600000,-0.600000,-0.891711,0.600000,0.482648,-0.084527,-0.211570,0.612522,0.817074,-0.486395,-0.105565,-0.600000,-0.600000,-0.600000,-0.084527,0.084527,0.776655,-0.067277,0.600000,0.000835,-0.600000,-0.999200,-0.600000,-0.997563,0.600000,-0.084527,-0.817074,-0.600000,-0.483898,-0.719281,0.600000,0.960649,-0.400273,0.601200,-0.996800,-0.600000,-0.335209,-0.617995,-0.482648,-0.600000,-0.600000,0.600000,-0.145396,-0.994347,-0.600000,0.600000,0.600000,-0.361349,0.482648,-0.600000,-0.600000,-0.270886,0.600000,-0.950241,-0.600000,-0.600000,-0.960649,-0.600000,-0.964125,0.600000,0.600000,0.482648
71,0,0,0,1,stay,0,8,17,1,-0.482648,0.600000,-0.600000,1.000000,-0.482648,-0.129948,-0.600000,0.600000,-0.600000,-0.600000,0.600000,-0.600000,-0.895051,0.600000,0.482648,-0.081853,-0.205782,0.617270,0.817821,-0.485146,-0.100473,-0.600000,-0.600000,-0.600000,-0.081853,0.081853,0.780109,-0.066024,0.600000,0.000744,-0.600000,-0.999284,-0.600000,-0.997784,0.600000,-0.081853,-0.817821,-0.600000,-0.483898,-0.719281,0.600000,0.961954,-0.396669,0.601200,-0.997047,-0.600000,-0.334095,-0.616815,-0.482648,-0.600000,-0.600000,0.600000,-0.140487,-0.994754,-0.600000,0.600000,0.600000,-0.349884,0.482648,-0.600000,-0.600000,-0.265971,0.600000,-0.952784,-0.600000,-0.600000,-0.961954,-0.600000,-0.966477,0.600000,0.600000,0.482648
72,0,0,0,1,stay,0,7,17,1,-0.482648,0.600000,-0.600000,1.000000,-0.482648,-0.126035,-0.600000,0.600000,-0.600000,-0.600000,0.600000,-0.600000,-0.898300,0.600000,0.482648,-0.080359,-0.203338,0.619636,0.819309,-0.485146,-0.097348,-0.600000,-0.600000,-0.600000,-0.080359,0.080359,0.780109,-0.064194,0.600000,0.000690,-0.600000,-0.999322,-0.600000,-0.997913,0.600000,-0.080359,-0.819309,-0.600000,-0.483898,-0.719281,0.600000,0.962681,-0.390696,0.601200,-0.997219,-0.600000,-0.331872,-0.616815,-0.482648,-0.600000,-0.600000,0.600000,-0.138682,-0.995059,-0.600000,0.600000,0.600000,-0.344211,0.482648,-0.600000,-0.600000,-0.264021,0.600000,-0.954337,-0.600000,-0.600000,-0.962681,-0.600000,-0.968376,0.600000,0.600000,0.482648
73,0,0,0,1,stay,0,6,17,1,-0.482648,0.600000,-0.600000,1.000000,-0.482648,-0.123844,-0.600000,0.600000,-0.600000,-0.600000,0.600000,-0.600000,-0.901904,0.600000,0.482648,-0.079255,-0.200113,0.624345,0.820049,-0.485146,-0.093882,-0.600000,-0.600000,-0.600000,-0.079255,0.079255,0.780109,-0.063001,0.600000,0.000650,-0.600000,-0.999359,-0.600000,-0.997995,0.600000,-0.079255,-0.820049,-0.600000,-0.483898,-0.719281,0.600000,0.963217,-0.387128,0.601200,-0.997274,-0.600000,-0.330763,-0.616815,-0.482648,-0.600000,-0.600000,0.600000,-0.136306,-0.995252,-0.600000,0.600000,0.600000,-0.336346,0.482648,-0.600000,-0.600000,-0.263049,0.600000,-0.956053,-0.600000,-0.600000,-0.963217,-0.600000,-0.970024,0.600000,0.600000,0.482648
74,0,0,0,1,stay,0,5,17,1,-0.482648,0.600000,-0.600000,1.000000,-0.482648,-0.119561,-0.600000,0.600000,-0.600000,-0.600000,0.600000,-0.600000,-0.907096,0.600000,0.482648,-0.077089,-0.196133,0.631371,0.822256,-0.482648,-0.088486,-0.600000,-0.600000,-0.600000,-0.077089,0.077089,0.780967,-0.060673,0.600000,0.000582,-0.600000,-0.999420,-0.600000,-0.998149,0.600000,-0.077089,-0.822256,-0.600000,-0.483898,-0.719281,0.600000,0.964268,-0.382387,0.601200,-0.997420,-0.600000,-0.327448,-0.614450,-0.482648,-0.600000,-0.600000,0.600000,-0.132231,-0.995594,-0.600000,0.600000,0.600000,-0.325263,0.482648,-0.600000,-0.600000,-0.259186,0.600000,-0.958710,-0.600000,-0.600000,-0.964268,-0.600000,-0.972410,0.600000,0.600000,0.482648
75,1,0,0,0,W,0,3,18,1,-0.482648,0.600000,-0.600000,1.000000,-0.482648,-0.116949,-0.600000,0.600000,-0.600000,-0.600000,0.600000,-0.600000,-0.904972,0.600000,0.482648,-0.069928,-0.190662,0.626713,0.822986,-0.477656,-0.085306,-0.600000,-0.600000,-0.600000,-0.069928,0.069928,0.791898,-0.058153,0.600000,0.000506,-0.600000,-0.999530,-0.600000,-0.998408,0.600000,-0.069928,-0.822986,-0.600000,-0.483898,-0.719281,0.600000,0.967722,-0.393062,0.601200,-0.997746,-0.600000,-0.326347,-0.609704,-0.482648,-0.600000,-0.600000,0.600000,-0.126035,-0.995953,-0.600000,0.600000,0.600000,-0.317621,0.482648,-0.600000,-0.600000,-0.245957,0.600000,-0.960268,-0.600000,-0.600000,-0.967722,-0.600000,-0.972278,0.600000,0.600000,0.482648
76,1,0,0,1,S,0,1,19,1,-0.482648,0.600000,-0.600000,1.000000,-0.482648,-0.115919,-0.600000,0.600000,-0.600000,-0.600000,0.600000,-0.600000,-0.907104,0.600000,0.482648,-0.063089,-0.186826,0.629056,0.822986,-0.467684,-0.080730,-0.600000,-0.600000,-0.600000,-0.063089,0.063089,0.797615,-0.054170,0.600000,0.000446,-0.600000,-0.999618,-0.600000,-0.998552,0.600000,-0.063089,-0.822986,-0.600000,-0.483898,-0.719281,0.600000,0.970994,-0.399037,0.601200,-0.997846,-0.600000,-0.326347,-0.600150,-0.482648,-0.600000,-0.600000,0.600000,-0.119035,-0.996188,-0.600000,0.600000,0.600000,-0.304749,0.482648,-0.600000,-0.600000,-0.239516,0.600000,-0.962500,-0.600000,-0.600000,-0.970994,-0.600000,-0.973208,0.600000,0.600000,0.482648
77,0,1,0,0,E,0,0,18,1,-0.482648,0.600000,-0.600000,1.000000,-0.482648,-0.111874,-0.600000,0.600000,-0.600000,-0.600000,0.600000,-0.600000,-0.909607,0.600000,0.482648,-0.061047,-0.183802,0.632560,0.829457,-0.467684,-0.078527,-0.600000,-0.600000,-0.600000,-0.061047,0.061047,0.797615,-0.050203,0.600000,0.000414,-0.600000,-0.999642,-0.600000,-0.998630,0.600000,-0.061047,-0.829457,-0.600000,-0.483898,-0.719281,0.600000,0.971966,-0.400233,0.601200,-0.997982,-0.600000,-0.316524,-0.600150,-0.482648,-0.600000,-0.600000,0.600000,-0.116949,-0.996392,-0.600000,0.600000,0.600000,-0.307927,0.482648,-0.600000,-0.600000,-0.231405,0.600000,-0.963571,-0.600000,-0.600000,-0.971966,-0.600000,-0.973857,0.600000,0.600000,0.482648
