tick,energy,eats,distance,conn_1_6_weight,food_north_sensed,moved_north
0,30,0,0,1.000000,0,0
1,29,0,0,1.000000,0,0
2,27,0,1,1.000000,0,0
3,29,1,1,1.000000,0,0
4,27,1,2,1.000000,0,0
5,25,1,3,1.000000,0,0
6,23,1,4,1.000000,0,0
7,29,2,4,1.000000,0,0
8,27,2,5,1.000000,0,0
9,29,3,5,1.000000,0,0
10,27,3,6,1.000000,0,0
11,29,4,6,1.000000,0,0
12,27,4,7,1.000000,0,0
13,25,4,8,1.000000,0,0
14,23,4,9,1.000000,0,0
15,21,4,10,1.000000,0,0
16,19,4,11,1.000000,0,0
17,17,4,12,1.000000,0,0
18,29,5,12,1.000000,0,0
19,27,5,13,1.000000,0,1
20,25,5,14,1.000000,1,0
21,23,5,15,1.000000,0,1
22,21,5,16,1.000000,0,0
23,29,6,16,1.000000,0,0
24,27,6,17,1.000000,0,0
25,29,7,17,1.000000,0,0
26,27,7,18,1.000000,0,0
27,29,8,18,1.000000,0,0
28,27,8,19,1.000000,0,1
29,25,8,20,1.000000,0,0
30,29,9,20,1.000000,0,0
31,27,9,21,1.000000,0,1
32,25,9,22,1.000000,0,1
33,23,9,23,1.000000,0,1
34,29,10,23,1.000000,0,0
35,27,10,24,1.000000,0,0
36,25,10,25,1.000000,0,0
37,29,11,25,1.000000,0,0
38,27,11,26,1.000000,0,0
39,25,11,27,1.000000,0,0
40,23,11,28,1.000000,0,0
41,29,12,28,1.000000,0,0
42,27,12,29,1.000000,0,0
43,25,12,30,1.000000,0,0
44,23,12,31,1.000000,0,0
45,21,12,32,1.000000,0,0
46,29,13,32,1.000000,0,0
47,27,13,33,1.000000,0,0
48,29,14,33,1.000000,0,0
49,27,14,34,1.000000,0,0
50,25,14,35,1.000000,0,0
51,23,14,36,1.000000,0,0
52,21,14,37,1.000000,1,0
53,19,14,38,1.000000,0,1
54,29,15,38,1.000000,0,0
55,27,15,39,1.000000,0,0
56,25,15,40,1.000000,0,0
57,23,15,41,1.000000,1,1
58,21,15,42,1.000000,0,1
59,29,16,42,1.000000,0,0
60,27,16,43,1.000000,0,0
61,29,17,43,1.000000,0,0
62,27,17,44,1.000000,0,0
63,25,17,45,1.000000,0,0
64,23,17,46,1.000000,0,0
65,29,18,46,1.000000,0,0
66,27,18,47,1.000000,0,0
67,29,19,47,1.000000,0,0
68,27,19,48,1.000000,0,0
69,25,19,49,1.000000,0,1
70,23,19,50,1.000000,0,0
71,21,19,51,1.000000,0,0
72,19,19,52,1.000000,0,1
73,17,19,53,1.000000,1,0
74,15,19,54,1.000000,0,1
75,29,20,54,1.000000,0,0
76,27,20,55,1.000000,0,0
77,29,21,55,1.000000,0,0
78,27,21,56,1.000000,0,1
79,25,21,57,1.000000,0,1
80,23,21,58,1.000000,0,0
81,21,21,59,1.000000,0,0
82,29,22,59,1.000000,0,0
83,27,22,60,1.000000,0,0
84,25,22,61,1.000000,0,0
85,23,22,62,1.000000,0,0
86,21,22,63,1.000000,0,0
87,19,22,64,1.000000,0,0
88,17,22,65,1.000000,0,0
89,29,23,65,1.000000,0,0
90,27,23,66,1.000000,0,1
91,29,24,66,1.000000,0,0
92,27,24,67,1.000000,0,0
93,29,25,67,1.000000,0,0
94,27,25,68,1.000000,0,0
95,25,25,69,1.000000,0,0
96,29,26,69,1.000000,0,0
97,27,26,70,1.000000,0,0
98,25,26,71,1.000000,0,1
99,23,26,72,1.000000,0,0
100,21,26,73,1.000000,0,0
101,19,26,74,1.000000,1,1
102,17,26,75,1.000000,1,1
103,29,27,75,1.000000,1,0
104,27,27,76,1.000000,0,1
105,29,28,76,1.000000,0,0
106,27,28,77,1.000000,0,0
107,29,29,77,1.000000,0,0
108,27,29,78,1.000000,0,0
109,25,29,79,1.000000,0,0
110,23,29,80,1.000000,0,0
111,21,29,81,1.000000,0,0
112,19,29,82,1.000000,0,0
113,17,29,83,1.000000,0,0
114,29,30,83,1.000000,0,0
115,27,30,84,1.000000,0,0
116,29,31,84,1.000000,0,0
117,27,31,85,1.000000,0,0
118,29,32,85,1.000000,0,0
119,27,32,86,1.000000,0,0
120,29,33,86,1.000000,0,0
121,27,33,87,1.000000,0,0
122,29,34,87,1.000000,0,0
123,27,34,88,1.000000,0,0
124,29,35,88,1.000000,0,0
125,27,35,89,1.000000,0,0
126,29,36,89,1.000000,0,0
127,27,36,90,1.000000,0,0
128,25,36,91,1.000000,0,0
129,23,36,92,1.000000,0,0
130,21,36,93,1.000000,0,0
131,19,36,94,1.000000,0,0
132,17,36,95,1.000000,0,0
133,29,37,95,1.000000,0,0
134,27,37,96,1.000000,0,1
135,29,38,96,1.000000,0,0
136,27,38,97,1.000000,0,0
137,25,38,98,1.000000,0,1
138,29,39,98,1.000000,0,0
139,27,39,99,1.000000,0,0
140,25,39,100,1.000000,0,0
141,29,40,100,1.000000,0,0
142,27,40,101,1.000000,0,0
143,25,40,102,1.000000,0,0
144,23,40,103,1.000000,0,0
145,21,40,104,1.000000,0,0
146,19,40,105,1.000000,0,0
147,17,40,106,1.000000,1,0
148,15,40,107,1.000000,0,1
149,29,41,107,1.000000,1,0
150,27,41,108,1.000000,0,1
151,29,42,108,1.000000,0,0
152,27,42,109,1.000000,1,0
153,25,42,110,1.000000,0,1
154,29,43,110,1.000000,0,0
155,27,43,111,1.000000,0,0
156,29,44,111,1.000000,0,0
157,27,44,112,1.000000,1,1
158,25,44,113,1.000000,0,1
159,29,45,113,1.000000,0,0
160,27,45,114,1.000000,1,0
161,29,46,114,1.000000,1,0
162,27,46,115,1.000000,0,1
163,29,47,115,1.000000,0,0
164,27,47,116,1.000000,1,0
165,29,48,116,1.000000,1,0
166,27,48,117,1.000000,0,1
167,29,49,117,1.000000,0,0
168,27,49,118,1.000000,0,0
169,25,49,119,1.000000,0,0
170,23,49,120,1.000000,0,0
171,21,49,121,1.000000,0,0
172,19,49,122,1.000000,0,0
173,17,49,123,1.000000,0,0
174,29,50,123,1.000000,0,0
175,27,50,124,1.000000,0,0
176,25,50,125,1.000000,0,0
177,23,50,126,1.000000,0,0
178,29,51,126,1.000000,0,0
179,27,51,127,1.000000,0,0
180,29,52,127,1.000000,0,0
181,27,52,128,1.000000,0,0
182,25,52,129,1.000000,0,0
183,23,52,130,1.000000,0,0
184,21,52,131,1.000000,0,0
185,29,53,131,1.000000,0,0
186,27,53,132,1.000000,0,0
187,29,54,132,1.000000,0,0
188,27,54,133,1.000000,1,0
189,25,54,134,1.000000,0,1
190,29,55,134,1.000000,0,0
191,27,55,135,1.000000,0,1
192,25,55,136,1.000000,0,1
193,23,55,137,1.000000,0,1
194,29,56,137,1.000000,0,0
195,27,56,138,1.000000,0,0
196,29,57,138,1.000000,0,0
197,27,57,139,1.000000,0,0
198,29,58,139,1.000000,0,0
199,27,58,140,1.000000,1,0
200,25,58,141,1.000000,1,1
201,29,59,141,1.000000,1,0
202,27,59,142,1.000000,0,1
203,29,60,142,1.000000,0,0
204,27,60,143,1.000000,0,0
205,25,60,144,1.000000,0,0
206,23,60,145,1.000000,0,0
207,21,60,146,1.000000,0,0
208,19,60,147,1.000000,0,0
209,17,60,148,1.000000,0,0
210,15,60,149,1.000000,0,0
211,13,60,150,1.000000,0,1
212,11,60,151,1.000000,0,1
213,29,61,151,1.000000,0,0
214,27,61,152,1.000000,0,0
215,25,61,153,1.000000,1,1
216,29,62,153,1.000000,1,0
217,27,62,154,1.000000,0,1
218,29,63,154,1.000000,0,0
219,27,63,155,1.000000,0,0
220,25,63,156,1.000000,0,0
221,23,63,157,1.000000,0,0
222,29,64,157,1.000000,0,0
223,27,64,158,1.000000,0,0
224,25,64,159,1.000000,0,0
225,23,64,160,1.000000,0,0
226,21,64,161,1.000000,1,1
227,19,64,162,1.000000,0,1
228,29,65,162,1.000000,0,0
229,27,65,163,1.000000,0,0
230,25,65,164,1.000000,0,0
231,23,65,165,1.000000,0,0
232,29,66,165,1.000000,0,0
233,27,66,166,1.000000,1,0
234,25,66,167,1.000000,0,1
235,29,67,167,1.000000,0,0
236,27,67,168,1.000000,0,0
237,29,68,168,1.000000,0,0
238,27,68,169,1.000000,0,1
239,25,68,170,1.000000,0,1
240,23,68,171,1.000000,0,0
241,29,69,171,1.000000,0,0
242,27,69,172,1.000000,0,1
243,29,70,172,1.000000,0,0
244,27,70,173,1.000000,0,0
245,29,71,173,1.000000,0,0
246,27,71,174,1.000000,0,0
247,29,72,174,1.000000,0,0
248,27,72,175,1.000000,0,0
249,25,72,176,1.000000,0,0
250,23,72,177,1.000000,0,0
251,21,72,178,1.000000,0,0
252,29,73,178,1.000000,0,0
253,27,73,179,1.000000,0,0
254,29,74,179,1.000000,0,0
255,27,74,180,1.000000,0,0
256,29,75,180,1.000000,0,0
257,27,75,181,1.000000,0,0
258,29,76,181,1.000000,0,0
259,27,76,182,1.000000,0,0
260,25,76,183,1.000000,0,0
261,23,76,184,1.000000,0,1
262,21,76,185,1.000000,0,0
263,29,77,185,1.000000,0,0
264,27,77,186,1.000000,0,0
265,29,78,186,1.000000,0,0
266,27,78,187,1.000000,0,0
267,29,79,187,1.000000,0,0
268,27,79,188,1.000000,0,0
269,29,80,188,1.000000,0,0
270,27,80,189,1.000000,0,0
271,25,80,190,1.000000,0,0
272,29,81,190,1.000000,0,0
273,27,81,191,1.000000,0,0
274,25,81,192,1.000000,0,0
275,29,82,192,1.000000,0,0
276,27,82,193,1.000000,0,0
277,29,83,193,1.000000,0,0
278,27,83,194,1.000000,0,0
279,25,83,195,1.000000,0,0
280,29,84,195,1.000000,0,0
281,27,84,196,1.000000,0,0
282,25,84,197,1.000000,0,0
283,29,85,197,1.000000,0,0
284,27,85,198,1.000000,0,0
285,29,86,198,1.000000,0,0
286,27,86,199,1.000000,0,0
287,29,87,199,1.000000,0,0
288,27,87,200,1.000000,0,0
289,29,88,200,1.000000,0,0
290,27,88,201,1.000000,0,0
291,29,89,201,1.000000,0,0
292,27,89,202,1.000000,0,1
293,25,89,203,1.000000,0,0
294,23,89,204,1.000000,0,0
295,21,89,205,1.000000,0,0
296,19,89,206,1.000000,0,0
297,29,90,206,1.000000,0,0
298,27,90,207,1.000000,0,0
299,25,90,208,1.000000,0,0
300,23,90,209,1.000000,0,0
301,21,90,210,1.000000,0,0
302,19,90,211,1.000000,0,0
303,17,90,212,1.000000,0,0
304,15,90,213,1.000000,0,0
305,13,90,214,1.000000,0,0
306,11,90,215,1.000000,0,0
307,29,91,215,1.000000,0,0
308,27,91,216,1.000000,0,0
309,25,91,217,1.000000,0,0
310,23,91,218,1.000000,0,0
311,21,91,219,1.000000,0,0
312,19,91,220,1.000000,0,1
313,17,91,221,1.000000,0,0
314,29,92,221,1.000000,0,0
315,27,92,222,1.000000,0,0
316,25,92,223,1.000000,0,0
317,29,93,223,1.000000,0,0
318,27,93,224,1.000000,0,0
319,25,93,225,1.000000,0,0
320,23,93,226,1.000000,0,0
321,21,93,227,1.000000,0,0
322,29,94,227,1.000000,0,0
323,27,94,228,1.000000,0,0
324,29,95,228,1.000000,0,0
325,27,95,229,1.000000,0,0
326,25,95,230,1.000000,0,0
327,29,96,230,1.000000,0,0
328,27,96,231,1.000000,0,0
329,29,97,231,1.000000,0,0
330,27,97,232,1.000000,0,1
331,25,97,233,1.000000,0,0
332,29,98,233,1.000000,0,0
333,27,98,234,1.000000,0,0
334,29,99,234,1.000000,0,0
335,27,99,235,1.000000,1,0
336,29,100,235,1.000000,1,0
337,27,100,236,1.000000,0,1
338,29,101,236,1.000000,0,0
339,27,101,237,1.000000,0,0
340,25,101,238,1.000000,1,1
341,23,101,239,1.000000,1,1
342,29,102,239,1.000000,1,0
343,27,102,240,1.000000,0,1
344,29,103,240,1.000000,0,0
345,27,103,241,1.000000,1,0
346,25,103,242,1.000000,0,1
347,29,104,242,1.000000,0,0
348,27,104,243,1.000000,0,0
349,25,104,244,1.000000,0,0
350,23,104,245,1.000000,0,0
351,21,104,246,1.000000,0,0
352,19,104,247,1.000000,0,0
353,17,104,248,1.000000,0,0
354,15,104,249,1.000000,0,1
355,13,104,250,1.000000,0,0
356,11,104,251,1.000000,0,1
357,9,104,252,1.000000,0,0
358,7,104,253,1.000000,0,1
359,5,104,254,1.000000,0,1
360,3,104,255,1.000000,0,0
361,29,105,255,1.000000,0,0
362,27,105,256,1.000000,1,0
363,29,106,256,1.000000,1,0
364,27,106,257,1.000000,0,1
365,29,107,257,1.000000,0,0
366,27,107,258,1.000000,0,1
367,25,107,259,1.000000,1,0
368,23,107,260,1.000000,0,1
369,21,107,261,1.000000,0,0
370,19,107,262,1.000000,0,1
371,29,108,262,1.000000,0,0
372,27,108,263,1.000000,0,1
373,25,108,264,1.000000,0,0
374,23,108,265,1.000000,0,1
375,29,109,265,1.000000,0,0
376,27,109,266,1.000000,0,0
377,25,109,267,1.000000,0,0
378,23,109,268,1.000000,0,0
379,29,110,268,1.000000,0,0
380,27,110,269,1.000000,0,0
381,25,110,270,1.000000,0,0
382,29,111,270,1.000000,0,0
383,27,111,271,1.000000,0,0
384,25,111,272,1.000000,0,0
385,23,111,273,1.000000,0,0
386,29,112,273,1.000000,0,0
387,27,112,274,1.000000,0,0
388,29,113,274,1.000000,0,0
389,27,113,275,1.000000,0,0
390,25,113,276,1.000000,0,0
391,23,113,277,1.000000,0,0
392,29,114,277,1.000000,0,0
393,27,114,278,1.000000,0,0
394,25,114,279,1.000000,0,0
395,23,114,280,1.000000,0,0
396,21,114,281,1.000000,0,0
397,29,115,281,1.000000,0,0
398,27,115,282,1.000000,0,1
399,25,115,283,1.000000,0,0
400,29,116,283,1.000000,0,0
401,27,116,284,1.000000,0,0
402,25,116,285,1.000000,0,0
403,23,116,286,1.000000,0,1
404,21,116,287,1.000000,0,1
405,19,116,288,1.000000,0,0
406,17,116,289,1.000000,0,0
407,15,116,290,1.000000,0,1
408,13,116,291,1.000000,0,0
409,11,116,292,1.000000,0,0
410,9,116,293,1.000000,1,1
411,7,116,294,1.000000,0,1
412,29,117,294,1.000000,0,0
413,27,117,295,1.000000,1,0
414,25,117,296,1.000000,0,1
415,29,118,296,1.000000,0,0
416,27,118,297,1.000000,0,0
417,29,119,297,1.000000,0,0
418,27,119,298,1.000000,1,0
419,25,119,299,1.000000,1,1
420,29,120,299,1.000000,1,0
421,27,120,300,1.000000,1,1
422,29,121,300,1.000000,1,0
423,27,121,301,1.000000,0,1
424,29,122,301,1.000000,0,0
425,27,122,302,1.000000,1,0
426,25,122,303,1.000000,0,1
427,29,123,303,1.000000,0,0
428,27,123,304,1.000000,0,0
429,29,124,304,1.000000,0,0
430,27,124,305,1.000000,0,0
431,25,124,306,1.000000,0,0
432,23,124,307,1.000000,0,0
433,21,124,308,1.000000,0,0
434,19,124,309,1.000000,0,0
435,17,124,310,1.000000,0,0
436,15,124,311,1.000000,0,0
437,13,124,312,1.000000,0,1
438,11,124,313,1.000000,0,0
439,9,124,314,1.000000,0,0
440,7,124,315,1.000000,1,0
441,29,125,315,1.000000,1,0
442,27,125,316,1.000000,0,0
443,25,125,317,1.000000,0,0
444,29,126,317,1.000000,0,0
445,27,126,318,1.000000,0,0
446,25,126,319,1.000000,0,0
447,29,127,319,1.000000,0,0
448,27,127,320,1.000000,0,0
449,25,127,321,1.000000,0,1
450,29,128,321,1.000000,0,0
451,27,128,322,1.000000,0,1
452,25,128,323,1.000000,0,0
453,23,128,324,1.000000,0,0
454,21,128,325,1.000000,0,0
455,19,128,326,1.000000,1,0
456,17,128,327,1.000000,1,1
457,15,128,328,1.000000,0,1
458,29,129,328,1.000000,0,0
459,27,129,329,1.000000,0,0
460,29,130,329,1.000000,0,0
461,27,130,330,1.000000,0,0
462,25,130,331,1.000000,0,0
463,23,130,332,1.000000,0,0
464,29,131,332,1.000000,0,0
465,27,131,333,1.000000,0,0
466,29,132,333,1.000000,0,0
467,27,132,334,1.000000,0,0
468,29,133,334,1.000000,0,0
469,27,133,335,1.000000,0,0
470,29,134,335,1.000000,0,0
471,27,134,336,1.000000,0,0
472,29,135,336,1.000000,0,0
473,27,135,337,1.000000,0,0
474,29,136,337,1.000000,0,0
475,27,136,338,1.000000,0,0
476,29,137,338,1.000000,0,0
477,27,137,339,1.000000,0,0
478,29,138,339,1.000000,0,0
479,27,138,340,1.000000,0,0
480,29,139,340,1.000000,0,0
481,27,139,341,1.000000,0,0
482,25,139,342,1.000000,0,0
483,29,140,342,1.000000,0,0
484,27,140,343,1.000000,0,0
485,29,141,343,1.000000,0,0
486,27,141,344,1.000000,0,0
487,25,141,345,1.000000,0,0
488,23,141,346,1.000000,0,0
489,29,142,346,1.000000,0,0
490,27,142,347,1.000000,0,0
491,29,143,347,1.000000,0,0
492,27,143,348,1.000000,0,1
493,25,143,349,1.000000,0,0
494,29,144,349,1.000000,0,0
495,27,144,350,1.000000,0,0
496,25,144,351,1.000000,0,0
497,23,144,352,1.000000,0,1
498,21,144,353,1.000000,0,0
499,19,144,354,1.000000,0,0
500,17,144,355,1.000000,0,0
501,29,145,355,1.000000,0,0
502,27,145,356,1.000000,0,0
503,25,145,357,1.000000,0,0
504,29,146,357,1.000000,0,0
505,27,146,358,1.000000,0,1
506,25,146,359,1.000000,0,0
507,29,147,359,1.000000,0,0
508,27,147,360,1.000000,0,0
509,29,148,360,1.000000,0,0
510,27,148,361,1.000000,0,0
511,25,148,362,1.000000,0,1
512,23,148,363,1.000000,0,0
513,21,148,364,1.000000,0,0
514,19,148,365,1.000000,0,1
515,17,148,366,1.000000,0,0
516,15,148,367,1.000000,0,0
517,13,148,368,1.000000,0,1
518,11,148,369,1.000000,0,0
519,29,149,369,1.000000,0,0
520,27,149,370,1.000000,0,1
521,25,149,371,1.000000,1,0
522,29,150,371,1.000000,1,0
523,27,150,372,1.000000,0,1
524,29,151,372,1.000000,0,0
525,27,151,373,1.000000,0,0
526,29,152,373,1.000000,0,0
527,27,152,374,1.000000,0,0
528,29,153,374,1.000000,0,0
529,27,153,375,1.000000,1,0
530,29,154,375,1.000000,1,0
531,27,154,376,1.000000,0,1
532,29,155,376,1.000000,0,0
533,27,155,377,1.000000,0,0
534,25,155,378,1.000000,0,0
535,23,155,379,1.000000,0,0
536,21,155,380,1.000000,0,0
537,29,156,380,1.000000,0,0
538,27,156,381,1.000000,0,0
539,25,156,382,1.000000,0,0
540,29,157,382,1.000000,0,0
541,27,157,383,1.000000,0,0
542,25,157,384,1.000000,0,0
543,23,157,385,1.000000,0,0
544,21,157,386,1.000000,0,0
545,19,157,387,1.000000,0,0
546,29,158,387,1.000000,0,0
547,27,158,388,1.000000,0,0
548,29,159,388,1.000000,0,0
549,27,159,389,1.000000,0,0
550,29,160,389,1.000000,0,0
551,27,160,390,1.000000,0,0
552,29,161,390,1.000000,0,0
553,27,161,391,1.000000,0,0
554,29,162,391,1.000000,0,0
555,27,162,392,1.000000,0,0
556,29,163,392,1.000000,0,0
557,27,163,393,1.000000,0,0
558,29,164,393,1.000000,0,0
559,27,164,394,1.000000,0,0
560,29,165,394,1.000000,0,0
561,27,165,395,1.000000,0,0
562,25,165,396,1.000000,0,1
563,23,165,397,1.000000,0,0
564,21,165,398,1.000000,0,0
565,19,165,399,1.000000,0,1
566,17,165,400,1.000000,0,0
567,15,165,401,1.000000,0,0
568,13,165,402,1.000000,0,0
569,29,166,402,1.000000,0,0
570,27,166,403,1.000000,0,1
571,29,167,403,1.000000,0,0
572,27,167,404,1.000000,0,0
573,29,168,404,1.000000,0,0
574,27,168,405,1.000000,0,1
575,29,169,405,1.000000,0,0
576,27,169,406,1.000000,1,1
577,29,170,406,1.000000,1,0
578,27,170,407,1.000000,0,1
579,29,171,407,1.000000,0,0
580,27,171,408,1.000000,0,1
581,25,171,409,1.000000,0,1
582,23,171,410,1.000000,0,1
583,29,172,410,1.000000,0,0
584,27,172,411,1.000000,0,1
585,25,172,412,1.000000,1,1
586,23,172,413,1.000000,0,1
587,29,173,413,1.000000,0,0
588,27,173,414,1.000000,0,0
589,25,173,415,1.000000,0,0
590,23,173,416,1.000000,0,0
591,21,173,417,1.000000,0,0
592,19,173,418,1.000000,0,1
593,17,173,419,1.000000,0,0
594,15,173,420,1.000000,0,0
595,13,173,421,1.000000,0,0
596,11,173,422,1.000000,0,0
597,9,173,423,1.000000,0,0
598,7,173,424,1.000000,0,0
599,29,174,424,1.000000,0,0
600,27,174,425,1.000000,0,0
601,29,175,425,1.000000,0,0
602,27,175,426,1.000000,0,0
603,29,176,426,1.000000,0,0
604,27,176,427,1.000000,0,0
605,29,177,427,1.000000,0,0
606,27,177,428,1.000000,0,0
607,29,178,428,1.000000,0,0
608,27,178,429,1.000000,0,0
609,29,179,429,1.000000,0,0
610,27,179,430,1.000000,0,0
611,25,179,431,1.000000,0,0
612,29,180,431,1.000000,0,0
613,27,180,432,1.000000,0,0
614,25,180,433,1.000000,0,0
615,29,181,433,1.000000,0,0
616,27,181,434,1.000000,0,0
617,29,182,434,1.000000,0,0
618,27,182,435,1.000000,0,0
619,25,182,436,1.000000,0,0
620,23,182,437,1.000000,0,0
621,21,182,438,1.000000,0,0
622,19,182,439,1.000000,0,0
623,17,182,440,1.000000,0,0
624,15,182,441,1.000000,0,0
625,13,182,442,1.000000,0,0
626,11,182,443,1.000000,0,0
627,29,183,443,1.000000,0,0
628,27,183,444,1.000000,0,0
629,29,184,444,1.000000,0,0
630,27,184,445,1.000000,0,0
631,29,185,445,1.000000,0,0
632,27,185,446,1.000000,0,0
633,25,185,447,1.000000,0,0
634,29,186,447,1.000000,0,0
635,27,186,448,1.000000,0,0
636,29,187,448,1.000000,0,0
637,27,187,449,1.000000,0,0
638,25,187,450,1.000000,0,0
639,23,187,451,1.000000,1,1
640,29,188,451,1.000000,1,0
641,27,188,452,1.000000,0,1
642,29,189,452,1.000000,0,0
643,27,189,453,1.000000,1,0
644,25,189,454,1.000000,0,1
645,29,190,454,1.000000,0,0
646,27,190,455,1.000000,0,0
647,25,190,456,1.000000,0,0
648,23,190,457,1.000000,0,0
649,29,191,457,1.000000,0,0
650,27,191,458,1.000000,0,0
651,25,191,459,1.000000,0,0
652,29,192,459,1.000000,0,0
653,27,192,460,1.000000,0,1
654,25,192,461,1.000000,0,0
655,23,192,462,1.000000,0,1
656,21,192,463,1.000000,0,0
657,29,193,463,1.000000,0,0
658,27,193,464,1.000000,0,0
659,25,193,465,1.000000,0,0
660,23,193,466,1.000000,0,0
661,21,193,467,1.000000,0,0
662,19,193,468,1.000000,0,0
663,17,193,469,1.000000,1,0
664,15,193,470,1.000000,0,1
665,29,194,470,1.000000,0,0
666,27,194,471,1.000000,0,0
667,29,195,471,1.000000,0,0
668,27,195,472,1.000000,0,0
669,25,195,473,1.000000,0,0
670,29,196,473,1.000000,0,0
671,27,196,474,1.000000,0,1
672,25,196,475,1.000000,0,0
673,29,197,475,1.000000,0,0
674,27,197,476,1.000000,0,1
675,25,197,477,1.000000,0,0
676,29,198,477,1.000000,0,0
677,27,198,478,1.000000,0,0
678,25,198,479,1.000000,1,1
679,29,199,479,1.000000,1,0
680,27,199,480,1.000000,0,1
681,25,199,481,1.000000,0,0
682,29,200,481,1.000000,0,0
683,27,200,482,1.000000,0,0
684,29,201,482,1.000000,0,0
685,27,201,483,1.000000,0,0
686,25,201,484,1.000000,0,0
687,23,201,485,1.000000,0,0
688,29,202,485,1.000000,0,0
689,27,202,486,1.000000,0,0
690,29,203,486,1.000000,0,0
691,27,203,487,1.000000,0,0
692,25,203,488,1.000000,0,1
693,29,204,488,1.000000,0,0
694,27,204,489,1.000000,0,0
695,25,204,490,1.000000,0,0
696,29,205,490,1.000000,0,0
697,27,205,491,1.000000,0,0
698,29,206,491,1.000000,0,0
699,27,206,492,1.000000,0,0
700,25,206,493,1.000000,0,0
701,23,206,494,1.000000,0,0
702,29,207,494,1.000000,0,0
703,27,207,495,1.000000,0,0
704,25,207,496,1.000000,0,0
705,29,208,496,1.000000,0,0
706,27,208,497,1.000000,0,0
707,29,209,497,1.000000,0,0
708,27,209,498,1.000000,0,0
709,25,209,499,1.000000,0,1
710,29,210,499,1.000000,0,0
711,27,210,500,1.000000,0,0
712,25,210,501,1.000000,0,0
713,23,210,502,1.000000,0,0
714,21,210,503,1.000000,0,0
715,19,210,504,1.000000,0,0
716,29,211,504,1.000000,0,0
717,27,211,505,1.000000,0,0
718,29,212,505,1.000000,0,0
719,27,212,506,1.000000,0,0
720,25,212,507,1.000000,0,0
721,23,212,508,1.000000,0,1
722,29,213,508,1.000000,0,0
723,27,213,509,1.000000,0,0
724,25,213,510,1.000000,0,0
725,23,213,511,1.000000,0,0
726,21,213,512,1.000000,0,0
727,29,214,512,1.000000,0,0
728,27,214,513,1.000000,0,0
729,25,214,514,1.000000,0,0
730,23,214,515,1.000000,0,0
731,21,214,516,1.000000,0,0
732,19,214,517,1.000000,0,0
733,29,215,517,1.000000,0,0
734,27,215,518,1.000000,0,0
735,25,215,519,1.000000,1,1
736,29,216,519,1.000000,1,0
737,27,216,520,1.000000,0,1
738,29,217,520,1.000000,0,0
739,27,217,521,1.000000,0,0
740,25,217,522,1.000000,0,0
741,23,217,523,1.000000,0,0
742,21,217,524,1.000000,0,0
743,29,218,524,1.000000,0,0
744,27,218,525,1.000000,0,0
745,25,218,526,1.000000,0,0
746,23,218,527,1.000000,0,0
747,29,219,527,1.000000,0,0
748,27,219,528,1.000000,0,1
749,25,219,529,1.000000,0,0
750,23,219,530,1.000000,0,0
751,21,219,531,1.000000,0,1
752,19,219,532,1.000000,0,0
753,17,219,533,1.000000,0,0
754,15,219,534,1.000000,0,0
755,29,220,534,1.000000,0,0
756,27,220,535,1.000000,0,0
757,29,221,535,1.000000,0,0
758,27,221,536,1.000000,0,1
759,25,221,537,1.000000,1,0
760,29,222,537,1.000000,1,0
761,27,222,538,1.000000,0,1
762,29,223,538,1.000000,0,0
763,27,223,539,1.000000,0,0
764,25,223,540,1.000000,0,0
765,23,223,541,1.000000,1,0
766,21,223,542,1.000000,1,1
767,29,224,542,1.000000,1,0
768,27,224,543,1.000000,0,0
769,25,224,544,1.000000,0,0
770,29,225,544,1.000000,0,0
771,27,225,545,1.000000,0,0
772,29,226,545,1.000000,0,0
773,27,226,546,1.000000,0,0
774,29,227,546,1.000000,0,0
775,27,227,547,1.000000,0,1
776,25,227,548,1.000000,0,1
777,23,227,549,1.000000,0,1
778,29,228,549,1.000000,0,0
779,27,228,550,1.000000,0,0
780,25,228,551,1.000000,0,1
781,29,229,551,1.000000,0,0
782,27,229,552,1.000000,0,1
783,25,229,553,1.000000,1,0
784,29,230,553,1.000000,1,0
785,27,230,554,1.000000,0,1
786,29,231,554,1.000000,0,0
787,27,231,555,1.000000,0,0
788,25,231,556,1.000000,0,0
789,23,231,557,1.000000,0,0
790,29,232,557,1.000000,0,0
791,27,232,558,1.000000,0,1
792,29,233,558,1.000000,0,0
793,27,233,559,1.000000,1,1
794,25,233,560,1.000000,0,1
795,29,234,560,1.000000,0,0
796,27,234,561,1.000000,0,0
797,29,235,561,1.000000,0,0
798,27,235,562,1.000000,0,0
799,25,235,563,1.000000,0,0
800,29,236,563,1.000000,0,0
801,27,236,564,1.000000,0,0
802,25,236,565,1.000000,0,0
803,23,236,566,1.000000,0,0
804,29,237,566,1.000000,0,0
805,27,237,567,1.000000,0,0
806,29,238,567,1.000000,0,0
807,27,238,568,1.000000,0,1
808,25,238,569,1.000000,1,0
809,29,239,569,1.000000,1,0
810,27,239,570,1.000000,0,1
811,29,240,570,1.000000,0,0
812,27,240,571,1.000000,1,1
813,29,241,571,1.000000,1,0
814,27,241,572,1.000000,0,1
815,29,242,572,1.000000,0,0
816,27,242,573,1.000000,0,0
817,25,242,574,1.000000,0,0
818,23,242,575,1.000000,0,1
819,21,242,576,1.000000,0,0
820,19,242,577,1.000000,0,1
821,17,242,578,1.000000,1,0
822,15,242,579,1.000000,0,1
823,29,243,579,1.000000,0,0
824,27,243,580,1.000000,0,1
825,25,243,581,1.000000,0,0
826,29,244,581,1.000000,0,0
827,27,244,582,1.000000,0,1
828,25,244,583,1.000000,0,0
829,23,244,584,1.000000,0,0
830,21,244,585,1.000000,0,0
831,19,244,586,1.000000,0,0
832,17,244,587,1.000000,0,0
833,15,244,588,1.000000,0,0
834,13,244,589,1.000000,0,0
835,11,244,590,1.000000,0,0
836,9,244,591,1.000000,0,1
837,7,244,592,1.000000,0,0
838,5,244,593,1.000000,0,0
839,29,245,593,1.000000,0,0
840,27,245,594,1.000000,1,0
841,25,245,595,1.000000,0,1
842,23,245,596,1.000000,0,0
843,21,245,597,1.000000,0,0
844,29,246,597,1.000000,0,0
845,27,246,598,1.000000,0,1
846,25,246,599,1.000000,1,0
847,23,246,600,1.000000,0,1
848,29,247,600,1.000000,0,0
849,27,247,601,1.000000,0,0
850,25,247,602,1.000000,0,0
851,23,247,603,1.000000,0,0
852,21,247,604,1.000000,0,1
853,19,247,605,1.000000,0,1
854,17,247,606,1.000000,0,0
855,15,247,607,1.000000,0,0
856,13,247,608,1.000000,0,0
857,11,247,609,1.000000,0,0
858,9,247,610,1.000000,0,0
859,7,247,611,1.000000,0,0
860,5,247,612,1.000000,0,0
861,3,247,613,1.000000,0,1
862,1,247,614,1.000000,0,0
863,0,247,615,1.000000,0,0
