tick,food_sensed_N,food_sensed_E,food_sensed_S,food_sensed_W,movement,food_consumed,energy,manhattan_dist,decision_made,conn_0_0,conn_0_1,conn_0_3,conn_0_5,conn_0_6,conn_0_9,conn_0_10,conn_1_1,conn_1_3,conn_1_5,conn_1_6,conn_1_7,conn_1_8,conn_1_10,conn_2_1,conn_2_2,conn_2_3,conn_2_5,conn_2_9,conn_2_10,conn_3_0,conn_3_1,conn_3_5,conn_3_6,conn_3_7,conn_3_9,conn_3_10,conn_4_1,conn_4_2,conn_4_3,conn_4_4,conn_4_5,conn_4_6,conn_4_7,conn_4_8,conn_4_9,conn_4_10,conn_5_1,conn_5_2,conn_5_8,conn_5_9,conn_5_10,conn_6_0,conn_6_2,conn_6_3,conn_6_5,conn_6_6,conn_6_10,conn_7_0,conn_7_1,conn_7_4,conn_7_5,conn_7_6,conn_7_9,conn_8_0,conn_8_1,conn_8_5,conn_8_6,conn_8_7,conn_8_8,conn_8_10,conn_9_0,conn_9_1,conn_9_3,conn_9_6,conn_9_9,conn_10_0,conn_10_1,conn_10_4,conn_10_8,conn_10_10
0,0,0,0,0,stay,0,30,0,0,-0.600000,-0.600000,-0.600000,1.000000,-0.600000,-0.600000,-0.600000,0.600000,-0.600000,-0.600000,-0.600000,-0.600000,-0.600000,-0.600000,-0.600000,0.600000,-0.600000,-0.600000,-0.600000,0.600000,-0.600000,-0.600000,-0.600000,-0.600000,0.600000,0.600000,-0.600000,0.600000,0.600000,0.600000,0.600000,-0.600000,-0.600000,-0.600000,-0.600000,-0.600000,-0.600000,0.600000,0.600000,-0.600000,0.600000,-0.600000,-0.600000,-0.600000,0.600000,0.600000,-0.600000,-0.600000,-0.600000,0.600000,0.600000,-0.600000,0.600000,-0.600000,-0.600000,-0.600000,-0.600000,-0.600000,-0.600000,-0.600000,-0.600000,0.600000,-0.600000,0.600000,0.600000,0.600000,0.600000,0.600000,-0.600000,-0.600000,-0.600000
1,0,0,1,0,stay,0,29,0,1,-0.600000,-0.601200,-0.603596,1.000000,-0.600000,-0.602399,-0.596396,0.592782,-0.600000,-0.603596,-0.603596,-0.602399,-0.600000,-0.598800,-0.596396,0.609569,-0.600000,-0.600000,-0.600000,0.597599,-0.604794,-0.607184,-0.600000,-0.596396,0.600000,0.600000,-0.603596,0.600000,0.593988,0.598800,0.598800,-0.589162,-0.600000,-0.593988,-0.600000,-0.614317,-0.600000,0.603596,0.614317,-0.600000,0.607182,-0.605988,-0.600000,-0.600004,0.603596,0.601200,-0.603596,-0.600000,-0.600000,0.597599,0.593988,-0.600000,0.613135,-0.600001,-0.593988,-0.600000,-0.600000,-0.600000,-0.614317,-0.601200,-0.600000,0.600000,-0.596396,0.600000,0.592785,0.589159,0.600000,0.600000,-0.600000,-0.596396,-0.596396
2,0,0,0,1,W,0,27,1,1,-0.600000,-0.604793,-0.605988,1.000000,-0.600000,-0.603596,-0.593988,0.586737,-0.600000,-0.605988,-0.616685,-0.603596,-0.600000,-0.595193,-0.593988,0.597621,-0.600000,-0.600000,-0.600000,0.596396,-0.601210,-0.611949,-0.600000,-0.593988,0.600000,0.600000,-0.616685,0.600000,0.568448,0.595193,0.595193,-0.577016,-0.600000,-0.570898,-0.600000,-0.619048,-0.600000,0.616685,0.619048,-0.600000,0.613131,-0.628441,-0.600000,-0.597602,0.605988,0.604793,-0.608374,-0.600000,-0.600000,0.596396,0.570898,-0.600000,0.640053,-0.600001,-0.568448,-0.600000,-0.600000,-0.600000,-0.619048,-0.604793,-0.600000,0.600000,-0.593988,0.600000,0.587952,0.578230,0.600000,0.600000,-0.600000,-0.593988,-0.583096
3,0,0,0,0,W,0,25,2,1,-0.600000,-0.616685,-0.602403,1.000000,-0.600000,-0.603596,-0.593988,0.577009,-0.600000,-0.605988,-0.617867,-0.603596,-0.600000,-0.583096,-0.593988,0.584334,-0.600000,-0.600000,-0.600000,0.596396,-0.621420,-0.611949,-0.600000,-0.593988,0.603596,0.600000,-0.617867,0.600000,0.567221,0.583096,0.583096,-0.585538,-0.600000,-0.554912,-0.600000,-0.615506,-0.600000,0.617867,0.619048,-0.600000,0.622581,-0.643498,-0.603596,-0.611950,0.605988,0.616685,-0.620227,-0.600000,-0.600000,0.596396,0.554912,-0.600000,0.654899,-0.600001,-0.567221,-0.600000,-0.600000,-0.600000,-0.619048,-0.616685,-0.600000,0.600000,-0.593988,0.600000,0.587952,0.556151,0.600000,0.600000,-0.600000,-0.593988,-0.581881
4,0,0,0,0,stay,1,29,2,1,-0.600000,-0.626101,-0.600006,1.000000,-0.600000,-0.603596,-0.591575,0.559845,-0.600000,-0.605988,-0.620227,-0.603596,-0.600000,-0.573345,-0.593988,0.572146,-0.600000,-0.600000,-0.600000,0.596396,-0.644673,-0.614322,-0.600000,-0.593988,0.605988,0.600000,-0.620227,0.600000,0.567221,0.573345,0.573345,-0.600029,-0.600000,-0.536324,-0.600000,-0.613138,-0.600000,0.620227,0.619048,-0.600000,0.638893,-0.660525,-0.605988,-0.629614,0.608374,0.626101,-0.629608,-0.600000,-0.600000,0.596396,0.536324,-0.600000,0.673867,-0.602400,-0.567221,-0.600000,-0.600000,-0.600000,-0.619048,-0.626101,-0.600000,0.600000,-0.591575,0.600000,0.585529,0.528867,0.600000,0.600000,-0.600000,-0.591575,-0.579447
5,1,0,0,0,N,0,27,3,1,-0.600000,-0.629608,-0.598806,1.000000,-0.600000,-0.603596,-0.589158,0.556146,-0.600000,-0.605988,-0.643498,-0.603596,-0.600000,-0.569673,-0.593988,0.543801,-0.600000,-0.600000,-0.600000,0.596396,-0.628492,-0.616690,-0.600000,-0.593988,0.607182,0.600000,-0.643498,0.600000,0.567221,0.569673,0.569673,-0.579476,-0.600000,-0.536324,-0.600000,-0.611952,-0.600000,0.643498,0.619048,-0.600000,0.642349,-0.660525,-0.607182,-0.629614,0.610755,0.629608,-0.633102,-0.600000,-0.600000,0.596396,0.536324,-0.600000,0.676063,-0.604794,-0.567221,-0.600000,-0.600000,-0.600000,-0.619048,-0.629608,-0.600000,0.600000,-0.589158,0.600000,0.583101,0.521387,0.600000,0.600000,-0.600000,-0.589158,-0.554912
6,0,0,0,0,S,0,25,2,1,-0.600000,-0.631939,-0.597605,1.000000,-0.600000,-0.603596,-0.589158,0.551205,-0.600000,-0.605988,-0.650355,-0.603596,-0.600000,-0.567221,-0.593988,0.533864,-0.600000,-0.600000,-0.600000,0.596396,-0.628497,-0.616690,-0.600000,-0.593988,0.608374,0.600000,-0.650355,0.600000,0.567221,0.567221,0.567221,-0.577041,-0.600000,-0.536324,-0.600000,-0.610765,-0.600000,0.650355,0.619048,-0.600000,0.646934,-0.660525,-0.608374,-0.629614,0.610755,0.631939,-0.635423,-0.600000,-0.600000,0.596396,0.536324,-0.600000,0.676063,-0.604794,-0.567221,-0.600000,-0.600000,-0.600000,-0.619048,-0.631939,-0.600000,0.600000,-0.589158,0.600000,0.583101,0.513897,0.600000,0.600000,-0.600000,-0.589158,-0.547493
7,0,0,0,0,stay,0,24,2,1,-0.600000,-0.637738,-0.595199,1.000000,-0.600000,-0.604793,-0.586737,0.543775,-0.600000,-0.605988,-0.656023,-0.604793,-0.600000,-0.561076,-0.593988,0.521406,-0.600000,-0.600000,-0.600000,0.595193,-0.635485,-0.619053,-0.600000,-0.593988,0.610755,0.600000,-0.656023,0.600000,0.567221,0.561076,0.561076,-0.578265,-0.600000,-0.531348,-0.600000,-0.608386,-0.600000,0.656023,0.619048,-0.600000,0.653761,-0.664999,-0.610755,-0.634269,0.613131,0.637738,-0.642351,-0.600000,-0.600000,0.595193,0.531348,-0.600000,0.682608,-0.607183,-0.567221,-0.600000,-0.600000,-0.600000,-0.619048,-0.637738,-0.600000,0.600000,-0.586737,0.600000,0.580669,0.498902,0.600000,0.600000,-0.600000,-0.586737,-0.541293
8,0,0,0,0,stay,0,23,2,1,-0.600000,-0.645790,-0.591582,1.000000,-0.600000,-0.604793,-0.583096,0.532593,-0.600000,-0.605988,-0.664999,-0.604793,-0.600000,-0.552441,-0.593988,0.502671,-0.600000,-0.600000,-0.600000,0.595193,-0.644714,-0.622586,-0.600000,-0.593988,0.614317,0.600000,-0.664999,0.600000,0.567221,0.552441,0.552441,-0.579490,-0.600000,-0.523872,-0.600000,-0.604809,-0.600000,0.664999,0.619048,-0.600000,0.663883,-0.671654,-0.614317,-0.641204,0.616685,0.645790,-0.650357,-0.600000,-0.600000,0.595193,0.523872,-0.600000,0.692291,-0.610757,-0.567221,-0.600000,-0.600000,-0.600000,-0.619048,-0.645790,-0.600000,0.600000,-0.583096,0.600000,0.577014,0.478913,0.600000,0.600000,-0.600000,-0.583096,-0.531348
9,0,0,0,0,stay,0,22,2,1,-0.600000,-0.651492,-0.590374,1.000000,-0.600000,-0.604793,-0.581881,0.523872,-0.600000,-0.605988,-0.672757,-0.604793,-0.600000,-0.546254,-0.593988,0.487673,-0.600000,-0.600000,-0.600000,0.595193,-0.650428,-0.623761,-0.600000,-0.593988,0.615502,0.600000,-0.672757,0.600000,0.567221,0.546254,0.546254,-0.579495,-0.600000,-0.522625,-0.600000,-0.603614,-0.600000,0.672757,0.619048,-0.600000,0.671654,-0.672757,-0.615502,-0.642355,0.617867,0.651492,-0.656024,-0.600000,-0.600000,0.595193,0.522625,-0.600000,0.694421,-0.611945,-0.567221,-0.600000,-0.600000,-0.600000,-0.619048,-0.651492,-0.600000,0.600000,-0.581881,0.600000,0.575793,0.463960,0.600000,0.600000,-0.600000,-0.581881,-0.522625
10,0,0,0,0,stay,0,21,2,1,-0.600000,-0.656023,-0.586743,1.000000,-0.600000,-0.604793,-0.579447,0.516385,-0.600000,-0.605988,-0.676053,-0.604793,-0.600000,-0.541293,-0.593988,0.478932,-0.600000,-0.600000,-0.600000,0.595193,-0.658362,-0.626106,-0.600000,-0.593988,0.619048,0.600000,-0.676053,0.600000,0.567221,0.541293,0.541293,-0.583151,-0.600000,-0.515137,-0.600000,-0.600021,-0.600000,0.676053,0.619048,-0.600000,0.678242,-0.679333,-0.619048,-0.649222,0.620227,0.656023,-0.660527,-0.600000,-0.600000,0.595193,0.515137,-0.600000,0.702855,-0.614319,-0.567221,-0.600000,-0.600000,-0.600000,-0.619048,-0.656023,-0.600000,0.600000,-0.579447,0.600000,0.573350,0.451546,0.600000,0.600000,-0.600000,-0.579447,-0.518882
11,0,0,0,0,stay,0,20,2,1,-0.600000,-0.660525,-0.585530,1.000000,-0.600000,-0.604793,-0.578228,0.507641,-0.600000,-0.605988,-0.683678,-0.604793,-0.600000,-0.536324,-0.593988,0.465223,-0.600000,-0.600000,-0.600000,0.595193,-0.662851,-0.627277,-0.600000,-0.593988,0.620227,0.600000,-0.683678,0.600000,0.567221,0.536324,0.536324,-0.583155,-0.600000,-0.512639,-0.600000,-0.598821,-0.600000,0.683678,0.619048,-0.600000,0.685838,-0.681509,-0.620227,-0.651498,0.621405,0.660525,-0.665000,-0.600000,-0.600000,0.595193,0.512639,-0.600000,0.705984,-0.615503,-0.567221,-0.600000,-0.600000,-0.600000,-0.619048,-0.660525,-0.600000,0.600000,-0.578228,0.600000,0.572127,0.437961,0.600000,0.600000,-0.600000,-0.578228,-0.510140
12,0,0,0,0,stay,0,19,2,1,-0.600000,-0.668335,-0.578235,1.000000,-0.600000,-0.604793,-0.569673,0.497642,-0.600000,-0.605988,-0.691205,-0.604793,-0.600000,-0.527612,-0.593988,0.447853,-0.600000,-0.600000,-0.600000,0.595193,-0.671765,-0.635428,-0.600000,-0.593988,0.627272,0.600000,-0.691205,0.600000,0.567221,0.527612,0.527612,-0.584377,-0.600000,-0.501392,-0.600000,-0.591597,-0.600000,0.691205,0.619048,-0.600000,0.694400,-0.691205,-0.627272,-0.661652,0.629608,0.668335,-0.672758,-0.600000,-0.600000,0.595193,0.501392,-0.600000,0.722344,-0.623757,-0.567221,-0.600000,-0.600000,-0.600000,-0.619048,-0.668335,-0.600000,0.600000,-0.569673,0.600000,0.563541,0.419581,0.600000,0.600000,-0.600000,-0.569673,-0.501392
13,0,0,0,1,W,0,17,3,1,-0.600000,-0.674957,-0.577015,1.000000,-0.600000,-0.604793,-0.568448,0.482648,-0.600000,-0.605988,-0.697577,-0.604793,-0.600000,-0.520130,-0.593988,0.433059,-0.600000,-0.600000,-0.600000,0.595193,-0.684873,-0.636586,-0.600000,-0.593988,0.628441,0.600000,-0.697577,0.600000,0.542534,0.520130,0.520130,-0.591650,-0.600000,-0.476408,-0.600000,-0.590389,-0.600000,0.697577,0.619048,-0.600000,0.706995,-0.712152,-0.628441,-0.661652,0.630774,0.674957,-0.679334,-0.600000,-0.600000,0.595193,0.476408,-0.600000,0.742930,-0.624930,-0.542534,-0.600000,-0.600000,-0.600000,-0.619048,-0.674957,-0.600000,0.600000,-0.568448,0.600000,0.562311,0.397820,0.600000,0.600000,-0.600000,-0.568448,-0.493892
14,0,0,0,1,N,0,15,4,1,-0.600000,-0.681509,-0.577015,1.000000,-0.600000,-0.604793,-0.568448,0.472667,-0.600000,-0.605988,-0.705957,-0.604793,-0.600000,-0.512639,-0.593988,0.415949,-0.600000,-0.600000,-0.600000,0.595193,-0.691322,-0.636586,-0.600000,-0.593988,0.628441,0.600000,-0.705957,0.600000,0.515137,0.512639,0.512639,-0.591658,-0.600000,-0.449063,-0.600000,-0.590389,-0.600000,0.705957,0.619048,-0.600000,0.715220,-0.734189,-0.628441,-0.661652,0.630774,0.681509,-0.685840,-0.600000,-0.600000,0.595193,0.449063,-0.600000,0.763396,-0.624930,-0.515137,-0.600000,-0.600000,-0.600000,-0.619048,-0.681509,-0.600000,0.600000,-0.568448,0.600000,0.562311,0.381167,0.600000,0.600000,-0.600000,-0.568448,-0.483897
15,0,0,0,1,S,0,13,3,1,-0.600000,-0.689064,-0.577015,1.000000,-0.600000,-0.604793,-0.568448,0.461465,-0.600000,-0.605988,-0.714200,-0.604793,-0.600000,-0.503892,-0.593988,0.397837,-0.600000,-0.600000,-0.600000,0.595193,-0.699802,-0.636586,-0.600000,-0.593988,0.628441,0.600000,-0.714200,0.600000,0.487644,0.503892,0.503892,-0.592872,-0.600000,-0.422018,-0.600000,-0.590389,-0.600000,0.714200,0.619048,-0.600000,0.724306,-0.755122,-0.628441,-0.661652,0.630774,0.689064,-0.693339,-0.600000,-0.600000,0.595193,0.422018,-0.600000,0.782712,-0.624930,-0.487644,-0.600000,-0.600000,-0.600000,-0.619048,-0.689064,-0.600000,0.600000,-0.568448,0.600000,0.562311,0.362470,0.600000,0.600000,-0.600000,-0.568448,-0.473914
16,1,0,1,0,W,0,11,4,1,-0.600000,-0.702830,-0.577015,1.000000,-0.600000,-0.604793,-0.568448,0.451539,-0.600000,-0.605988,-0.734189,-0.604793,-0.600000,-0.487644,-0.593988,0.362475,-0.600000,-0.600000,-0.600000,0.595193,-0.700867,-0.636586,-0.600000,-0.593988,0.628441,0.600000,-0.734189,0.600000,0.486395,0.487644,0.487644,-0.574659,-0.600000,-0.419580,-0.600000,-0.594013,-0.600000,0.734189,0.622581,-0.600000,0.732231,-0.756968,-0.628441,-0.662771,0.630774,0.702830,-0.706996,-0.600000,-0.600000,0.595193,0.419580,-0.600000,0.784410,-0.624930,-0.486395,-0.600000,-0.600000,-0.600000,-0.622581,-0.702830,-0.600000,0.600000,-0.568448,0.600000,0.562311,0.338544,0.600000,0.600000,-0.600000,-0.568448,-0.449063
17,0,1,1,1,W,0,9,5,1,-0.600000,-0.703875,-0.577016,1.000000,-0.600000,-0.604793,-0.568448,0.450300,-0.600000,-0.607182,-0.736138,-0.604793,-0.600000,-0.486395,-0.592782,0.372925,-0.600000,-0.600000,-0.600000,0.595193,-0.700869,-0.637743,-0.600000,-0.592782,0.629608,0.600000,-0.736138,0.600000,0.468930,0.486395,0.486395,-0.558706,-0.600000,-0.402628,-0.600000,-0.607213,-0.600000,0.736138,0.636581,-0.600000,0.733211,-0.769630,-0.629608,-0.662771,0.630774,0.703875,-0.708032,-0.600000,-0.600000,0.595193,0.402628,-0.600000,0.796843,-0.623759,-0.468930,-0.600000,-0.600000,-0.600000,-0.636581,-0.703875,-0.600000,0.600000,-0.568448,0.600000,0.561081,0.336306,0.600000,0.600000,-0.600000,-0.568448,-0.446589
18,1,0,1,0,E,0,7,4,1,-0.600000,-0.714200,-0.574576,1.000000,-0.600000,-0.605988,-0.567221,0.444119,-0.600000,-0.608374,-0.750463,-0.605988,-0.600000,-0.473914,-0.591575,0.349823,-0.600000,-0.600000,-0.600000,0.593988,-0.700880,-0.640052,-0.600000,-0.591575,0.633102,0.600000,-0.750463,0.600000,0.467684,0.473914,0.473914,-0.540148,-0.600000,-0.397824,-0.600000,-0.609600,-0.600000,0.750463,0.642349,-0.600000,0.738079,-0.773161,-0.633102,-0.666118,0.631939,0.714200,-0.719284,-0.600000,-0.600000,0.593988,0.397824,-0.600000,0.801666,-0.623760,-0.467684,-0.600000,-0.600000,-0.600000,-0.642349,-0.714200,-0.600000,0.600000,-0.567221,0.600000,0.558617,0.318666,0.600000,0.600000,-0.600000,-0.567221,-0.428130
19,1,0,1,0,stay,1,29,4,1,-0.600000,-0.717255,-0.574576,1.000000,-0.600000,-0.605988,-0.561076,0.439185,-0.600000,-0.608374,-0.760633,-0.605988,-0.600000,-0.470175,-0.591575,0.340772,-0.600000,-0.600000,-0.600000,0.593988,-0.696674,-0.645795,-0.600000,-0.591575,0.633102,0.600000,-0.760633,0.600000,0.467684,0.470175,0.470175,-0.523969,-0.600000,-0.396627,-0.600000,-0.616720,-0.600000,0.760633,0.649216,-0.600000,0.741931,-0.774038,-0.633102,-0.667230,0.637738,0.717255,-0.722306,-0.600000,-0.600000,0.593988,0.396627,-0.600000,0.806402,-0.629612,-0.467684,-0.600000,-0.600000,-0.600000,-0.649216,-0.717255,-0.600000,0.600000,-0.561076,0.600000,0.552446,0.311108,0.600000,0.600000,-0.600000,-0.561076,-0.414715
20,0,0,1,1,W,0,27,5,1,-0.600000,-0.718269,-0.574576,1.000000,-0.600000,-0.605988,-0.561076,0.437954,-0.600000,-0.608374,-0.762452,-0.605988,-0.600000,-0.468930,-0.591575,0.361252,-0.600000,-0.600000,-0.600000,0.593988,-0.696676,-0.645795,-0.600000,-0.591575,0.633102,0.600000,-0.762452,0.600000,0.441650,0.468930,0.468930,-0.496490,-0.600000,-0.374117,-0.600000,-0.641233,-0.600000,0.762452,0.672757,-0.600000,0.742888,-0.790243,-0.633102,-0.665008,0.637738,0.718269,-0.723309,-0.600000,-0.600000,0.593988,0.374117,-0.600000,0.820825,-0.629612,-0.441650,-0.600000,-0.600000,-0.600000,-0.672757,-0.718269,-0.600000,0.600000,-0.561076,0.600000,0.552446,0.308967,0.600000,0.600000,-0.600000,-0.561076,-0.412289
21,0,0,1,1,stay,0,26,5,1,-0.600000,-0.718269,-0.575798,1.000000,-0.600000,-0.605988,-0.561076,0.437954,-0.600000,-0.609565,-0.762452,-0.605988,-0.600000,-0.468930,-0.590367,0.386985,-0.600000,-0.600000,-0.600000,0.593988,-0.696676,-0.646939,-0.600000,-0.590367,0.633102,0.600000,-0.762452,0.600000,0.414715,0.468930,0.468930,-0.469027,-0.600000,-0.348720,-0.600000,-0.666145,-0.600000,0.762452,0.696520,-0.600000,0.742888,-0.807921,-0.633102,-0.665008,0.637738,0.718269,-0.723309,-0.600000,-0.600000,0.593988,0.348720,-0.600000,0.837148,-0.628446,-0.414715,-0.600000,-0.600000,-0.600000,-0.696520,-0.718269,-0.600000,0.600000,-0.561076,0.600000,0.551210,0.308967,0.600000,0.600000,-0.600000,-0.561076,-0.412289
22,0,1,0,0,N,0,24,6,1,-0.600000,-0.722303,-0.574577,1.000000,-0.600000,-0.605988,-0.561076,0.420799,-0.600000,-0.609565,-0.762452,-0.605988,-0.600000,-0.463951,-0.590367,0.383430,-0.600000,-0.600000,-0.600000,0.593988,-0.715379,-0.646939,-0.600000,-0.590367,0.634263,0.600000,-0.762452,0.600000,0.413502,0.463951,0.463951,-0.485240,-0.600000,-0.329656,-0.600000,-0.666147,-0.600000,0.762452,0.697577,-0.600000,0.756046,-0.820787,-0.634263,-0.682603,0.637738,0.722303,-0.727298,-0.600000,-0.600000,0.593988,0.329656,-0.600000,0.848425,-0.628446,-0.413502,-0.600000,-0.600000,-0.600000,-0.697577,-0.722303,-0.600000,0.600000,-0.561076,0.600000,0.551210,0.290062,0.600000,0.600000,-0.600000,-0.561076,-0.412289
23,0,1,0,0,stay,0,23,6,1,-0.600000,-0.732231,-0.573354,1.000000,-0.600000,-0.605988,-0.561076,0.399023,-0.600000,-0.609565,-0.764261,-0.605988,-0.600000,-0.451539,-0.590367,0.369336,-0.600000,-0.600000,-0.600000,0.593988,-0.741139,-0.646939,-0.600000,-0.590367,0.635423,0.600000,-0.764261,0.600000,0.413502,0.451539,0.451539,-0.505234,-0.600000,-0.305798,-0.600000,-0.665035,-0.600000,0.764261,0.697577,-0.600000,0.772282,-0.836426,-0.635423,-0.705965,0.637738,0.732231,-0.737113,-0.600000,-0.600000,0.593988,0.305798,-0.600000,0.862059,-0.628446,-0.413502,-0.600000,-0.600000,-0.600000,-0.697577,-0.732231,-0.600000,0.600000,-0.561076,0.600000,0.551210,0.262050,0.600000,0.600000,-0.600000,-0.561076,-0.409867
24,0,0,0,0,N,0,21,7,1,-0.600000,-0.738079,-0.573354,1.000000,-0.600000,-0.605988,-0.561076,0.383535,-0.600000,-0.609565,-0.771400,-0.605988,-0.600000,-0.444119,-0.590367,0.353165,-0.600000,-0.600000,-0.600000,0.593988,-0.751565,-0.646939,-0.600000,-0.590367,0.635423,0.600000,-0.771400,0.600000,0.413502,0.444119,0.444119,-0.511483,-0.600000,-0.304736,-0.600000,-0.665035,-0.600000,0.771400,0.697577,-0.600000,0.783526,-0.837110,-0.635423,-0.707003,0.637738,0.738079,-0.742892,-0.600000,-0.600000,0.593988,0.304736,-0.600000,0.862654,-0.628446,-0.413502,-0.600000,-0.600000,-0.600000,-0.697577,-0.738079,-0.600000,0.600000,-0.561076,0.600000,0.551210,0.244067,0.600000,0.600000,-0.600000,-0.561076,-0.400224
25,0,0,0,0,N,0,19,8,1,-0.600000,-0.744796,-0.573354,1.000000,-0.600000,-0.605988,-0.561076,0.369443,-0.600000,-0.609565,-0.777522,-0.605988,-0.600000,-0.435493,-0.590367,0.337319,-0.600000,-0.600000,-0.600000,0.593988,-0.762612,-0.646939,-0.600000,-0.590367,0.635423,0.600000,-0.777522,0.600000,0.413502,0.435493,0.435493,-0.517729,-0.600000,-0.304736,-0.600000,-0.665035,-0.600000,0.777522,0.697577,-0.600000,0.793544,-0.837110,-0.635423,-0.707003,0.637738,0.744796,-0.749528,-0.600000,-0.600000,0.593988,0.304736,-0.600000,0.862654,-0.628446,-0.413502,-0.600000,-0.600000,-0.600000,-0.697577,-0.744796,-0.600000,0.600000,-0.561076,0.600000,0.551210,0.226937,0.600000,0.600000,-0.600000,-0.561076,-0.391848
26,0,0,0,0,stay,0,18,8,1,-0.600000,-0.752334,-0.566003,1.000000,-0.600000,-0.605988,-0.553677,0.359016,-0.600000,-0.609565,-0.783526,-0.605988,-0.600000,-0.425683,-0.590367,0.320748,-0.600000,-0.600000,-0.600000,0.593988,-0.771587,-0.653765,-0.600000,-0.590367,0.642349,0.600000,-0.783526,0.600000,0.413502,0.425683,0.425683,-0.520227,-0.600000,-0.297364,-0.600000,-0.658325,-0.600000,0.783526,0.697577,-0.600000,0.800829,-0.841834,-0.642349,-0.714208,0.644645,0.752334,-0.756971,-0.600000,-0.600000,0.593988,0.297364,-0.600000,0.870201,-0.635429,-0.413502,-0.600000,-0.600000,-0.600000,-0.697577,-0.752334,-0.600000,0.600000,-0.553677,0.600000,0.543779,0.212333,0.600000,0.600000,-0.600000,-0.553677,-0.383535
27,0,0,0,0,S,0,16,7,1,-0.600000,-0.757888,-0.564774,1.000000,-0.600000,-0.605988,-0.553677,0.346450,-0.600000,-0.609565,-0.787742,-0.605988,-0.600000,-0.418362,-0.590367,0.308864,-0.600000,-0.600000,-0.600000,0.593988,-0.782003,-0.653765,-0.600000,-0.590367,0.643498,0.600000,-0.787742,0.600000,0.413502,0.418362,0.418362,-0.527711,-0.600000,-0.297364,-0.600000,-0.657200,-0.600000,0.787742,0.697577,-0.600000,0.809470,-0.841834,-0.643498,-0.714208,0.644645,0.757888,-0.762455,-0.600000,-0.600000,0.593988,0.297364,-0.600000,0.870201,-0.635429,-0.413502,-0.600000,-0.600000,-0.600000,-0.697577,-0.757888,-0.600000,0.600000,-0.553677,0.600000,0.543779,0.198435,0.600000,0.600000,-0.600000,-0.553677,-0.377638
28,0,0,0,0,stay,0,15,7,1,-0.600000,-0.765161,-0.559854,1.000000,-0.600000,-0.605988,-0.547493,0.335209,-0.600000,-0.609565,-0.795179,-0.605988,-0.600000,-0.408658,-0.590367,0.290992,-0.600000,-0.600000,-0.600000,0.593988,-0.789604,-0.659407,-0.600000,-0.590367,0.648076,0.600000,-0.795179,0.600000,0.413502,0.408658,0.408658,-0.528959,-0.600000,-0.292162,-0.600000,-0.652684,-0.600000,0.795179,0.697577,-0.600000,0.817074,-0.845140,-0.648076,-0.719289,0.650355,0.765161,-0.769633,-0.600000,-0.600000,0.593988,0.292162,-0.600000,0.875765,-0.641204,-0.413502,-0.600000,-0.600000,-0.600000,-0.697577,-0.765161,-0.600000,0.600000,-0.547493,0.600000,0.537572,0.184472,0.600000,0.600000,-0.600000,-0.547493,-0.367115
29,0,0,1,0,E,0,13,6,1,-0.600000,-0.765161,-0.577030,1.000000,-0.600000,-0.609565,-0.543775,0.334095,-0.600000,-0.626101,-0.795179,-0.609565,-0.600000,-0.408658,-0.573345,0.309885,-0.600000,-0.600000,-0.600000,0.590367,-0.790435,-0.678252,-0.600000,-0.573345,0.648076,0.600000,-0.795179,0.600000,0.411078,0.408658,0.408658,-0.507743,-0.600000,-0.292162,-0.600000,-0.672812,-0.600000,0.795179,0.716239,-0.600000,0.817821,-0.845140,-0.648076,-0.717268,0.653761,0.765161,-0.772285,-0.600000,-0.600000,0.590367,0.292162,-0.600000,0.884744,-0.628464,-0.411078,-0.600000,-0.600000,-0.600000,-0.716239,-0.765161,-0.600000,0.600000,-0.543775,0.600000,0.516391,0.181478,0.600000,0.600000,-0.600000,-0.543775,-0.367115
30,0,1,0,0,E,0,11,5,1,-0.600000,-0.772282,-0.579470,1.000000,-0.600000,-0.610755,-0.543775,0.312209,-0.600000,-0.628441,-0.795179,-0.610755,-0.600000,-0.399023,-0.570898,0.302441,-0.600000,-0.600000,-0.600000,0.589158,-0.812735,-0.680432,-0.600000,-0.570898,0.648076,0.600000,-0.795179,0.600000,0.411078,0.399023,0.399023,-0.531454,-0.600000,-0.270908,-0.600000,-0.673913,-0.600000,0.795179,0.717255,-0.600000,0.832273,-0.858412,-0.648076,-0.738091,0.653761,0.772282,-0.780112,-0.600000,-0.600000,0.589158,0.270908,-0.600000,0.895985,-0.626127,-0.411078,-0.600000,-0.600000,-0.600000,-0.717255,-0.772282,-0.600000,0.600000,-0.543775,0.600000,0.513894,0.160872,0.600000,0.600000,-0.600000,-0.543775,-0.367115
31,0,0,1,0,W,0,9,6,1,-0.600000,-0.774038,-0.587978,1.000000,-0.600000,-0.611944,-0.542534,0.307927,-0.600000,-0.636581,-0.795994,-0.611944,-0.600000,-0.396627,-0.562307,0.308797,-0.600000,-0.600000,-0.600000,0.587948,-0.816519,-0.689076,-0.600000,-0.562307,0.648076,0.600000,-0.795994,0.600000,0.411078,0.396627,0.396627,-0.523979,-0.600000,-0.269920,-0.600000,-0.683732,-0.600000,0.795994,0.726301,-0.600000,0.835051,-0.859020,-0.648076,-0.739057,0.654892,0.774038,-0.782678,-0.600000,-0.600000,0.587948,0.269920,-0.600000,0.900115,-0.619083,-0.411078,-0.600000,-0.600000,-0.600000,-0.726301,-0.774038,-0.600000,0.600000,-0.542534,0.600000,0.503898,0.156191,0.600000,0.600000,-0.600000,-0.542534,-0.365953
32,0,1,0,0,E,0,7,5,1,-0.600000,-0.780967,-0.589190,1.000000,-0.600000,-0.613131,-0.542534,0.288039,-0.600000,-0.638893,-0.795994,-0.613131,-0.600000,-0.387090,-0.559845,0.301367,-0.600000,-0.600000,-0.600000,0.586737,-0.835935,-0.691217,-0.600000,-0.559845,0.649216,0.600000,-0.795994,0.600000,0.411078,0.387090,0.387090,-0.546368,-0.600000,-0.249711,-0.600000,-0.683734,-0.600000,0.795994,0.727295,-0.600000,0.847744,-0.871285,-0.649216,-0.758817,0.654892,0.780967,-0.790246,-0.600000,-0.600000,0.586737,0.249711,-0.600000,0.910010,-0.616723,-0.411078,-0.600000,-0.600000,-0.600000,-0.727295,-0.780967,-0.600000,0.600000,-0.542534,0.600000,0.501398,0.138565,0.600000,0.600000,-0.600000,-0.542534,-0.365953
33,0,1,0,0,stay,0,6,5,1,-0.600000,-0.789412,-0.589190,1.000000,-0.600000,-0.613131,-0.542534,0.267952,-0.600000,-0.638893,-0.796806,-0.613131,-0.600000,-0.375289,-0.559845,0.289902,-0.600000,-0.600000,-0.600000,0.586737,-0.854917,-0.691217,-0.600000,-0.559845,0.649216,0.600000,-0.796806,0.600000,0.411078,0.375289,0.375289,-0.569800,-0.600000,-0.229649,-0.600000,-0.683734,-0.600000,0.796806,0.727295,-0.600000,0.860229,-0.883147,-0.649216,-0.778398,0.654892,0.789412,-0.798425,-0.600000,-0.600000,0.586737,0.229649,-0.600000,0.918638,-0.616723,-0.411078,-0.600000,-0.600000,-0.600000,-0.727295,-0.789412,-0.600000,0.600000,-0.542534,0.600000,0.501398,0.121564,0.600000,0.600000,-0.600000,-0.542534,-0.364793
34,0,0,0,0,E,0,4,4,1,-0.600000,-0.797615,-0.583128,1.000000,-0.600000,-0.613131,-0.542534,0.262102,-0.600000,-0.638893,-0.797615,-0.613131,-0.600000,-0.363634,-0.559845,0.278698,-0.600000,-0.600000,-0.600000,0.586737,-0.863998,-0.691217,-0.600000,-0.559845,0.654892,0.600000,-0.797615,0.600000,0.411078,0.363634,0.363634,-0.575921,-0.600000,-0.225250,-0.600000,-0.678308,-0.600000,0.797615,0.727295,-0.600000,0.863804,-0.885707,-0.654892,-0.782686,0.654892,0.797615,-0.806364,-0.600000,-0.600000,0.586737,0.225250,-0.600000,0.920491,-0.616723,-0.411078,-0.600000,-0.600000,-0.600000,-0.727295,-0.797615,-0.600000,0.600000,-0.542534,0.600000,0.501398,0.113253,0.600000,0.600000,-0.600000,-0.542534,-0.363634
35,0,0,0,0,stay,1,29,4,1,-0.600000,-0.803215,-0.573377,1.000000,-0.600000,-0.613131,-0.535081,0.254430,-0.600000,-0.638893,-0.802422,-0.613131,-0.600000,-0.355569,-0.559845,0.265806,-0.600000,-0.600000,-0.600000,0.586737,-0.869237,-0.697589,-0.600000,-0.559845,0.663883,0.600000,-0.802422,0.600000,0.411078,0.355569,0.355569,-0.578368,-0.600000,-0.218337,-0.600000,-0.669526,-0.600000,0.802422,0.727295,-0.600000,0.868450,-0.889702,-0.663883,-0.789422,0.661646,0.803215,-0.811779,-0.600000,-0.600000,0.586737,0.218337,-0.600000,0.925484,-0.623793,-0.411078,-0.600000,-0.600000,-0.600000,-0.727295,-0.803215,-0.600000,0.600000,-0.535081,0.600000,0.493898,0.105910,0.600000,0.600000,-0.600000,-0.535081,-0.356716
36,0,0,0,0,stay,0,28,4,1,-0.600000,-0.808696,-0.564798,1.000000,-0.600000,-0.613131,-0.525119,0.247840,-0.600000,-0.638893,-0.808696,-0.613131,-0.600000,-0.347584,-0.559845,0.251412,-0.600000,-0.600000,-0.600000,0.586737,-0.872646,-0.705968,-0.600000,-0.559845,0.671654,0.600000,-0.808696,0.600000,0.411078,0.347584,0.347584,-0.577155,-0.600000,-0.211577,-0.600000,-0.661743,-0.600000,0.808696,0.727295,-0.600000,0.872404,-0.893574,-0.671654,-0.796004,0.670550,0.808696,-0.817077,-0.600000,-0.600000,0.586737,0.211577,-0.600000,0.930839,-0.633139,-0.411078,-0.600000,-0.600000,-0.600000,-0.727295,-0.808696,-0.600000,0.600000,-0.525119,0.600000,0.483903,0.099437,0.600000,0.600000,-0.600000,-0.525119,-0.347584
37,0,0,0,0,W,0,26,5,1,-0.600000,-0.814818,-0.556178,1.000000,-0.600000,-0.613131,-0.516385,0.240450,-0.600000,-0.638893,-0.814061,-0.613131,-0.600000,-0.338562,-0.559845,0.237544,-0.600000,-0.600000,-0.600000,0.586737,-0.877603,-0.713188,-0.600000,-0.559845,0.679333,0.600000,-0.814061,0.600000,0.411078,0.338562,0.338562,-0.578382,-0.600000,-0.205790,-0.600000,-0.653871,-0.600000,0.814061,0.727295,-0.600000,0.876799,-0.896863,-0.679333,-0.801637,0.678242,0.814818,-0.822989,-0.600000,-0.600000,0.586737,0.205790,-0.600000,0.935231,-0.641235,-0.411078,-0.600000,-0.600000,-0.600000,-0.727295,-0.814818,-0.600000,0.600000,-0.516385,0.600000,0.475167,0.092472,0.600000,0.600000,-0.600000,-0.516385,-0.339684
38,0,0,1,0,W,0,24,6,1,-0.600000,-0.814818,-0.566032,1.000000,-0.600000,-0.614317,-0.513888,0.239536,-0.600000,-0.649216,-0.814818,-0.614317,-0.600000,-0.338562,-0.548731,0.246706,-0.600000,-0.600000,-0.600000,0.585524,-0.877605,-0.724320,-0.600000,-0.548731,0.680422,0.600000,-0.814818,0.600000,0.411078,0.338562,0.338562,-0.564921,-0.600000,-0.204972,-0.600000,-0.665109,-0.600000,0.814818,0.738079,-0.600000,0.877339,-0.897326,-0.680422,-0.802432,0.680422,0.814818,-0.823717,-0.600000,-0.600000,0.585524,0.204972,-0.600000,0.938782,-0.633152,-0.411078,-0.600000,-0.600000,-0.600000,-0.738079,-0.814818,-0.600000,0.600000,-0.513888,0.600000,0.461470,0.091634,0.600000,0.600000,-0.600000,-0.513888,-0.338562
39,0,0,0,0,E,0,22,5,1,-0.600000,-0.817074,-0.570943,1.000000,-0.600000,-0.619048,-0.507641,0.233211,-0.600000,-0.657151,-0.817821,-0.619048,-0.600000,-0.335209,-0.540052,0.246690,-0.600000,-0.600000,-0.600000,0.580664,-0.880807,-0.736156,-0.600000,-0.540052,0.683678,0.600000,-0.817821,0.600000,0.411078,0.335209,0.335209,-0.560005,-0.600000,-0.202535,-0.600000,-0.669557,-0.600000,0.817821,0.744796,-0.600000,0.881063,-0.898702,-0.683678,-0.804803,0.685838,0.817074,-0.828750,-0.600000,-0.600000,0.580664,0.202535,-0.600000,0.942968,-0.630832,-0.411078,-0.600000,-0.600000,-0.600000,-0.744796,-0.817074,-0.600000,0.600000,-0.507641,0.600000,0.446594,0.085952,0.600000,0.600000,-0.600000,-0.507641,-0.334095
40,0,0,1,0,W,0,20,6,1,-0.600000,-0.817821,-0.581934,1.000000,-0.600000,-0.620227,-0.506391,0.231425,-0.600000,-0.667225,-0.818566,-0.620227,-0.600000,-0.334095,-0.528858,0.254182,-0.600000,-0.600000,-0.600000,0.579447,-0.881855,-0.745766,-0.600000,-0.528858,0.683678,0.600000,-0.818566,0.600000,0.411078,0.334095,0.334095,-0.548892,-0.600000,-0.202535,-0.600000,-0.680533,-0.600000,0.818566,0.754195,-0.600000,0.882109,-0.898702,-0.683678,-0.804803,0.686916,0.817821,-0.830167,-0.600000,-0.600000,0.579447,0.202535,-0.600000,0.945605,-0.621475,-0.411078,-0.600000,-0.600000,-0.600000,-0.754195,-0.817821,-0.600000,0.600000,-0.506391,0.600000,0.434268,0.084389,0.600000,0.600000,-0.600000,-0.506391,-0.332982
41,0,0,0,0,E,0,18,5,1,-0.600000,-0.822256,-0.584366,1.000000,-0.600000,-0.621405,-0.506391,0.220051,-0.600000,-0.669443,-0.825164,-0.621405,-0.600000,-0.327448,-0.526366,0.241109,-0.600000,-0.600000,-0.600000,0.578228,-0.886977,-0.747659,-0.600000,-0.526366,0.683678,0.600000,-0.825164,0.600000,0.411078,0.327448,0.327448,-0.552606,-0.600000,-0.202535,-0.600000,-0.681621,-0.600000,0.825164,0.755122,-0.600000,0.888715,-0.898702,-0.683678,-0.804803,0.686916,0.822256,-0.835053,-0.600000,-0.600000,0.578228,0.202535,-0.600000,0.946118,-0.619121,-0.411078,-0.600000,-0.600000,-0.600000,-0.755122,-0.822256,-0.600000,0.600000,-0.506391,0.600000,0.431812,0.076953,0.600000,0.600000,-0.600000,-0.506391,-0.323055
42,0,0,0,0,E,0,16,4,1,-0.600000,-0.827321,-0.577064,1.000000,-0.600000,-0.621405,-0.500142,0.212414,-0.600000,-0.669443,-0.829457,-0.621405,-0.600000,-0.319781,-0.526366,0.229399,-0.600000,-0.600000,-0.600000,0.578228,-0.891924,-0.752352,-0.600000,-0.526366,0.690136,0.600000,-0.829457,0.600000,0.411078,0.319781,0.319781,-0.556316,-0.600000,-0.198521,-0.600000,-0.675081,-0.600000,0.829457,0.755122,-0.600000,0.893097,-0.900960,-0.690136,-0.808706,0.692272,0.827321,-0.839825,-0.600000,-0.600000,0.578228,0.198521,-0.600000,0.948622,-0.625002,-0.411078,-0.600000,-0.600000,-0.600000,-0.755122,-0.827321,-0.600000,0.600000,-0.500142,0.600000,0.425686,0.071438,0.600000,0.600000,-0.600000,-0.500142,-0.316524
43,0,0,0,0,stay,0,15,4,1,-0.600000,-0.832273,-0.568503,1.000000,-0.600000,-0.621405,-0.490143,0.206609,-0.600000,-0.669443,-0.835051,-0.621405,-0.600000,-0.312209,-0.526366,0.216393,-0.600000,-0.600000,-0.600000,0.578228,-0.894815,-0.759739,-0.600000,-0.526366,0.697577,0.600000,-0.835051,0.600000,0.411078,0.312209,0.312209,-0.555087,-0.600000,-0.192224,-0.600000,-0.667364,-0.600000,0.835051,0.755122,-0.600000,0.896399,-0.904480,-0.697577,-0.814827,0.700735,0.832273,-0.844486,-0.600000,-0.600000,0.578228,0.192224,-0.600000,0.952400,-0.634335,-0.411078,-0.600000,-0.600000,-0.600000,-0.755122,-0.832273,-0.600000,0.600000,-0.490143,0.600000,0.415934,0.066912,0.600000,0.600000,-0.600000,-0.490143,-0.307927
44,0,0,0,0,W,0,13,5,1,-0.600000,-0.837791,-0.559900,1.000000,-0.600000,-0.621405,-0.481400,0.200120,-0.600000,-0.669443,-0.839823,-0.621405,-0.600000,-0.303677,-0.526366,0.203928,-0.600000,-0.600000,-0.600000,0.578228,-0.899012,-0.766078,-0.600000,-0.526366,0.704917,0.600000,-0.839823,0.600000,0.411078,0.303677,0.303677,-0.556326,-0.600000,-0.186840,-0.600000,-0.659556,-0.600000,0.839823,0.755122,-0.600000,0.900062,-0.907467,-0.704917,-0.820058,0.708031,0.837791,-0.849676,-0.600000,-0.600000,0.578228,0.186840,-0.600000,0.955488,-0.642420,-0.411078,-0.600000,-0.600000,-0.600000,-0.755122,-0.837791,-0.600000,0.600000,-0.481400,0.600000,0.407453,0.062067,0.600000,0.600000,-0.600000,-0.481400,-0.300511
45,0,0,0,0,N,0,11,6,1,-0.600000,-0.842500,-0.550024,1.000000,-0.600000,-0.621405,-0.472667,0.194568,-0.600000,-0.669443,-0.844483,-0.621405,-0.600000,-0.296320,-0.526366,0.192783,-0.600000,-0.600000,-0.600000,0.578228,-0.902176,-0.772300,-0.600000,-0.526366,0.713177,0.600000,-0.844483,0.600000,0.411078,0.296320,0.296320,-0.556331,-0.600000,-0.181572,-0.600000,-0.650524,-0.600000,0.844483,0.755122,-0.600000,0.903173,-0.910370,-0.713177,-0.825174,0.715220,0.842500,-0.854099,-0.600000,-0.600000,0.578228,0.181572,-0.600000,0.958385,-0.650425,-0.411078,-0.600000,-0.600000,-0.600000,-0.755122,-0.842500,-0.600000,0.600000,-0.472667,0.600000,0.399027,0.058098,0.600000,0.600000,-0.600000,-0.472667,-0.293198
46,0,0,0,0,stay,0,10,6,1,-0.600000,-0.845794,-0.550024,1.000000,-0.600000,-0.621405,-0.471421,0.183815,-0.600000,-0.669443,-0.850948,-0.621405,-0.600000,-0.291128,-0.526366,0.181351,-0.600000,-0.600000,-0.600000,0.578228,-0.906087,-0.773179,-0.600000,-0.526366,0.713177,0.600000,-0.850948,0.600000,0.411078,0.291128,0.291128,-0.561265,-0.600000,-0.180829,-0.600000,-0.650524,-0.600000,0.850948,0.755122,-0.600000,0.909136,-0.910778,-0.713177,-0.825895,0.716239,0.845794,-0.857193,-0.600000,-0.600000,0.578228,0.180829,-0.600000,0.958784,-0.651562,-0.411078,-0.600000,-0.600000,-0.600000,-0.755122,-0.845794,-0.600000,0.600000,-0.471421,0.600000,0.397828,0.053097,0.600000,0.600000,-0.600000,-0.471421,-0.282934
47,0,0,0,0,stay,0,9,6,1,-0.600000,-0.849032,-0.547549,1.000000,-0.600000,-0.621405,-0.470175,0.177150,-0.600000,-0.669443,-0.853472,-0.621405,-0.600000,-0.285991,-0.526366,0.174748,-0.600000,-0.600000,-0.600000,0.578228,-0.910270,-0.774056,-0.600000,-0.526366,0.715220,0.600000,-0.853472,0.600000,0.411078,0.285991,0.285991,-0.567415,-0.600000,-0.180088,-0.600000,-0.648249,-0.600000,0.853472,0.755122,-0.600000,0.912793,-0.911184,-0.715220,-0.826614,0.717255,0.849032,-0.860231,-0.600000,-0.600000,0.578228,0.180088,-0.600000,0.959179,-0.652697,-0.411078,-0.600000,-0.600000,-0.600000,-0.755122,-0.849032,-0.600000,0.600000,-0.470175,0.600000,0.396630,0.049673,0.600000,0.600000,-0.600000,-0.470175,-0.278890
48,0,0,0,0,stay,0,8,6,1,-0.600000,-0.852215,-0.542590,1.000000,-0.600000,-0.621405,-0.465195,0.172097,-0.600000,-0.669443,-0.856576,-0.621405,-0.600000,-0.280907,-0.526366,0.167640,-0.600000,-0.600000,-0.600000,0.578228,-0.913107,-0.777539,-0.600000,-0.526366,0.719281,0.600000,-0.856576,0.600000,0.411078,0.280907,0.280907,-0.569872,-0.600000,-0.177150,-0.600000,-0.643679,-0.600000,0.856576,0.755122,-0.600000,0.915545,-0.912793,-0.719281,-0.829466,0.721298,0.852215,-0.863215,-0.600000,-0.600000,0.578228,0.177150,-0.600000,0.960724,-0.657221,-0.411078,-0.600000,-0.600000,-0.600000,-0.755122,-0.852215,-0.600000,0.600000,-0.465195,0.600000,0.391852,0.046905,0.600000,0.600000,-0.600000,-0.465195,-0.273884
49,0,0,0,0,stay,0,7,6,1,-0.600000,-0.856576,-0.533893,1.000000,-0.600000,-0.621405,-0.455257,0.167159,-0.600000,-0.669443,-0.861429,-0.621405,-0.600000,-0.273884,-0.526366,0.157417,-0.600000,-0.600000,-0.600000,0.578228,-0.915487,-0.784391,-0.600000,-0.526366,0.726301,0.600000,-0.861429,0.600000,0.411078,0.273884,0.273884,-0.568652,-0.600000,-0.171385,-0.600000,-0.635617,-0.600000,0.861429,0.755122,-0.600000,0.918217,-0.915931,-0.726301,-0.835059,0.729276,0.856576,-0.867303,-0.600000,-0.600000,0.578228,0.171385,-0.600000,0.963647,-0.666181,-0.411078,-0.600000,-0.600000,-0.600000,-0.755122,-0.856576,-0.600000,0.600000,-0.455257,0.600000,0.382356,0.043859,0.600000,0.600000,-0.600000,-0.455257,-0.265993
50,1,0,0,0,W,0,5,7,1,-0.600000,-0.860830,-0.527668,1.000000,-0.600000,-0.621405,-0.449063,0.161655,-0.600000,-0.669443,-0.870157,-0.621405,-0.600000,-0.266971,-0.526366,0.143341,-0.600000,-0.600000,-0.600000,0.578228,-0.915509,-0.788595,-0.600000,-0.526366,0.731248,0.600000,-0.870157,0.600000,0.411078,0.266971,0.266971,-0.560054,-0.600000,-0.167858,-0.600000,-0.629812,-0.600000,0.870157,0.755122,-0.600000,0.921177,-0.917840,-0.731248,-0.838480,0.734189,0.860830,-0.871287,-0.600000,-0.600000,0.578228,0.167858,-0.600000,0.965366,-0.671722,-0.411078,-0.600000,-0.600000,-0.600000,-0.755122,-0.860830,-0.600000,0.600000,-0.449063,0.600000,0.376466,0.040808,0.600000,0.600000,-0.600000,-0.449063,-0.251592
51,0,0,0,0,W,0,3,8,1,-0.600000,-0.864978,-0.520186,1.000000,-0.600000,-0.621405,-0.441650,0.155639,-0.600000,-0.669443,-0.874068,-0.621405,-0.600000,-0.260170,-0.526366,0.134941,-0.600000,-0.600000,-0.600000,0.578228,-0.918951,-0.793560,-0.600000,-0.526366,0.737110,0.600000,-0.874068,0.600000,0.411078,0.260170,0.260170,-0.562522,-0.600000,-0.163702,-0.600000,-0.622795,-0.600000,0.874068,0.755122,-0.600000,0.924390,-0.920079,-0.737110,-0.842508,0.740009,0.864978,-0.875168,-0.600000,-0.600000,0.578228,0.163702,-0.600000,0.967326,-0.678309,-0.411078,-0.600000,-0.600000,-0.600000,-0.755122,-0.864978,-0.600000,0.600000,-0.441650,0.600000,0.369446,0.037777,0.600000,0.600000,-0.600000,-0.441650,-0.245051
52,1,0,0,0,E,0,1,7,1,-0.600000,-0.869021,-0.518938,1.000000,-0.600000,-0.621405,-0.441650,0.149170,-0.600000,-0.669443,-0.883147,-0.621405,-0.600000,-0.253482,-0.526366,0.121499,-0.600000,-0.600000,-0.600000,0.578228,-0.918956,-0.793560,-0.600000,-0.526366,0.738079,0.600000,-0.883147,0.600000,0.411078,0.253482,0.253482,-0.553893,-0.600000,-0.163702,-0.600000,-0.621620,-0.600000,0.883147,0.755122,-0.600000,0.927819,-0.920079,-0.738079,-0.842508,0.740009,0.869021,-0.878949,-0.600000,-0.600000,0.578228,0.163702,-0.600000,0.967326,-0.678309,-0.411078,-0.600000,-0.600000,-0.600000,-0.755122,-0.869021,-0.600000,0.600000,-0.441650,0.600000,0.369446,0.034797,0.600000,0.600000,-0.600000,-0.441650,-0.229649
53,1,0,0,0,stay,0,0,7,1,-0.600000,-0.872961,-0.510197,1.000000,-0.600000,-0.621405,-0.431808,0.144774,-0.600000,-0.669443,-0.890193,-0.621405,-0.600000,-0.246908,-0.526366,0.110709,-0.600000,-0.600000,-0.600000,0.578228,-0.918989,-0.800046,-0.600000,-0.526366,0.744796,0.600000,-0.890193,0.600000,0.411078,0.246908,0.246908,-0.545236,-0.600000,-0.158290,-0.600000,-0.613358,-0.600000,0.890193,0.755122,-0.600000,0.930133,-0.922977,-0.744796,-0.847752,0.747640,0.872961,-0.882631,-0.600000,-0.600000,0.578228,0.158290,-0.600000,0.969773,-0.686982,-0.411078,-0.600000,-0.600000,-0.600000,-0.755122,-0.872961,-0.600000,0.600000,-0.431808,0.600000,0.360172,0.032510,0.600000,0.600000,-0.600000,-0.431808,-0.217483
