tick,food_sensed_N,food_sensed_E,food_sensed_S,food_sensed_W,movement,food_consumed,energy,manhattan_dist,decision_made,conn_0_0,conn_0_1,conn_0_2,conn_0_5,conn_0_6,conn_0_8,conn_0_9,conn_1_0,conn_1_1,conn_1_3,conn_1_9,conn_1_10,conn_2_1,conn_2_2,conn_2_4,conn_2_6,conn_2_8,conn_2_10,conn_3_0,conn_3_1,conn_3_2,conn_3_3,conn_3_5,conn_3_6,conn_4_0,conn_4_2,conn_4_3,conn_4_5,conn_4_6,conn_4_7,conn_4_8,conn_4_9,conn_4_10,conn_5_1,conn_5_3,conn_5_6,conn_5_7,conn_5_8,conn_5_9,conn_5_10,conn_6_0,conn_6_3,conn_6_6,conn_6_7,conn_6_9,conn_6_10,conn_7_3,conn_7_4,conn_7_5,conn_7_6,conn_7_7,conn_7_10,conn_8_2,conn_8_5,conn_8_8,conn_8_10,conn_9_0,conn_9_1,conn_9_2,conn_9_4,conn_9_6,conn_9_7,conn_9_10,conn_10_2,conn_10_3,conn_10_4,conn_10_5,conn_10_6,conn_10_8,conn_10_9,conn_10_10
0,0,0,0,0,stay,0,30,0,0,-0.600000,-0.600000,-0.600000,1.000000,0.600000,0.600000,-0.600000,-0.600000,-0.600000,-0.600000,-0.600000,-0.600000,-0.600000,-0.600000,-0.600000,0.600000,0.600000,0.600000,-0.600000,-0.600000,-0.600000,-0.600000,-0.600000,0.600000,-0.600000,-0.600000,-0.600000,0.600000,0.600000,0.600000,0.600000,-0.600000,-0.600000,-0.600000,0.600000,0.600000,-0.600000,0.600000,-0.600000,-0.600000,0.600000,-0.600000,0.600000,-0.600000,-0.600000,-0.600000,0.600000,0.600000,0.600000,-0.600000,0.600000,-0.600000,-0.600000,0.600000,-0.600000,-0.600000,-0.600000,-0.600000,-0.600000,-0.600000,0.600000,-0.600000,0.600000,0.600000,-0.600000,-0.600000,-0.600000,-0.600000,-0.600000,-0.600000,-0.600000
1,0,0,0,0,stay,0,29,0,1,-0.589158,-0.610755,-0.600000,1.000000,0.600000,0.600000,-0.591575,-0.600000,-0.608374,-0.608374,-0.600000,-0.600000,-0.609565,-0.591575,-0.600000,0.609565,0.600000,0.596396,-0.620235,-0.600000,-0.609565,-0.600000,-0.603596,0.600000,-0.591575,-0.600000,-0.600000,0.600000,0.600000,0.600000,0.603596,-0.600000,-0.590367,-0.603596,0.600000,0.600000,-0.610755,0.603596,-0.589158,-0.600000,0.591575,-0.603596,0.600000,-0.580670,-0.591575,-0.600000,0.600000,0.600000,0.600000,-0.600000,0.600000,-0.600000,-0.600000,0.591575,-0.600000,-0.600000,-0.590367,-0.600000,-0.600000,-0.609565,0.608374,-0.600000,0.589158,0.609565,-0.608374,-0.597601,-0.591575,-0.600000,-0.600000,-0.591575,-0.600000
2,0,0,0,0,stay,1,29,0,1,-0.581881,-0.617867,-0.600000,1.000000,0.600000,0.600000,-0.578228,-0.600000,-0.616685,-0.621405,-0.600000,-0.600000,-0.623756,-0.578228,-0.600000,0.623756,0.600000,0.596396,-0.641215,-0.600000,-0.623756,-0.600000,-0.603596,0.600000,-0.578228,-0.600000,-0.600000,0.600000,0.600000,0.600000,0.603596,-0.600000,-0.575789,-0.603596,0.600000,0.600000,-0.617867,0.603596,-0.581881,-0.600000,0.578228,-0.603596,0.600000,-0.564772,-0.578228,-0.600000,0.600000,0.600000,0.600000,-0.600000,0.600000,-0.600000,-0.600000,0.583096,-0.600000,-0.600000,-0.575789,-0.600000,-0.600000,-0.623756,0.616685,-0.600000,0.581881,0.623756,-0.616685,-0.598809,-0.583096,-0.600000,-0.600000,-0.583096,-0.600000
3,0,0,0,0,stay,0,28,0,1,-0.574567,-0.624929,-0.600000,1.000000,0.600000,0.600000,-0.567221,-0.600000,-0.622581,-0.631939,-0.600000,-0.600000,-0.638893,-0.567221,-0.600000,0.638893,0.600000,0.595193,-0.662792,-0.600000,-0.638893,-0.600000,-0.604793,0.600000,-0.567221,-0.600000,-0.600000,0.600000,0.600000,0.600000,0.604793,-0.600000,-0.559845,-0.604793,0.600000,0.600000,-0.624929,0.604793,-0.574567,-0.600000,0.567221,-0.604793,0.600000,-0.551211,-0.567221,-0.600000,0.600000,0.600000,0.600000,-0.600000,0.600000,-0.600000,-0.600000,0.577009,-0.600000,-0.600000,-0.559845,-0.600000,-0.600000,-0.638893,0.622581,-0.600000,0.574567,0.638893,-0.622581,-0.597614,-0.577009,-0.600000,-0.600000,-0.577009,-0.600000
4,0,0,0,0,stay,0,27,0,1,-0.568448,-0.630774,-0.600000,1.000000,0.600000,0.600000,-0.557380,-0.600000,-0.628441,-0.641199,-0.600000,-0.600000,-0.652627,-0.557380,-0.600000,0.652627,0.600000,0.595193,-0.681544,-0.600000,-0.652627,-0.600000,-0.604793,0.600000,-0.557380,-0.600000,-0.600000,0.600000,0.600000,0.600000,0.604793,-0.600000,-0.545015,-0.604793,0.600000,0.600000,-0.630774,0.604793,-0.568448,-0.600000,0.557380,-0.604793,0.600000,-0.538816,-0.557380,-0.600000,0.600000,0.600000,0.600000,-0.600000,0.600000,-0.600000,-0.600000,0.570898,-0.600000,-0.600000,-0.545015,-0.600000,-0.600000,-0.652627,0.628441,-0.600000,0.568448,0.652627,-0.628441,-0.597620,-0.570898,-0.600000,-0.600000,-0.570898,-0.600000
5,0,0,0,0,stay,0,26,0,1,-0.561076,-0.637738,-0.600000,1.000000,0.600000,0.600000,-0.548731,-0.600000,-0.635423,-0.649216,-0.600000,-0.600000,-0.666113,-0.548731,-0.600000,0.666113,0.600000,0.595193,-0.700781,-0.600000,-0.666113,-0.600000,-0.604793,0.600000,-0.548731,-0.600000,-0.600000,0.600000,0.600000,0.600000,0.604793,-0.600000,-0.530103,-0.604793,0.600000,0.600000,-0.637738,0.604793,-0.561076,-0.600000,0.548731,-0.604793,0.600000,-0.523881,-0.548731,-0.600000,0.600000,0.600000,0.600000,-0.600000,0.600000,-0.600000,-0.600000,0.563536,-0.600000,-0.600000,-0.530103,-0.600000,-0.600000,-0.666113,0.635423,-0.600000,0.561076,0.666113,-0.635423,-0.597621,-0.563536,-0.600000,-0.600000,-0.563536,-0.600000
6,0,0,0,0,S,0,24,1,1,-0.554912,-0.643498,-0.600000,1.000000,0.600000,0.600000,-0.541293,-0.600000,-0.641199,-0.656023,-0.600000,-0.600000,-0.679333,-0.541293,-0.600000,0.679333,0.600000,0.593988,-0.718324,-0.600000,-0.679333,-0.600000,-0.605988,0.600000,-0.541293,-0.600000,-0.600000,0.600000,0.600000,0.600000,0.605988,-0.600000,-0.515137,-0.605988,0.600000,0.600000,-0.643498,0.605988,-0.554912,-0.600000,0.541293,-0.605988,0.600000,-0.511399,-0.541293,-0.600000,0.600000,0.600000,0.600000,-0.600000,0.600000,-0.600000,-0.600000,0.557380,-0.600000,-0.600000,-0.515137,-0.600000,-0.600000,-0.679333,0.641199,-0.600000,0.554912,0.679333,-0.641199,-0.597623,-0.557380,-0.600000,-0.600000,-0.557380,-0.600000
7,0,0,0,0,stay,0,23,1,1,-0.546254,-0.651492,-0.600000,1.000000,0.600000,0.600000,-0.525119,-0.600000,-0.652627,-0.670550,-0.600000,-0.600000,-0.700735,-0.526366,-0.600000,0.700735,0.600000,0.593988,-0.744863,-0.600000,-0.700735,-0.600000,-0.605988,0.600000,-0.525119,-0.600000,-0.600000,0.600000,0.600000,0.600000,0.605988,-0.600000,-0.490143,-0.605988,0.600000,0.600000,-0.651492,0.605988,-0.546254,-0.600000,0.525119,-0.605988,0.600000,-0.490152,-0.525119,-0.600000,0.600000,0.600000,0.600000,-0.600000,0.600000,-0.600000,-0.600000,0.545015,-0.600000,-0.600000,-0.490143,-0.600000,-0.600000,-0.700735,0.652627,-0.600000,0.546254,0.700735,-0.652627,-0.601233,-0.545015,-0.600000,-0.600000,-0.545015,-0.600000
8,0,0,0,0,N,0,21,0,1,-0.545015,-0.656023,-0.596396,1.000000,0.600000,0.600000,-0.523872,-0.600000,-0.654892,-0.671654,-0.600000,-0.600000,-0.703875,-0.525119,-0.600000,0.703875,0.600000,0.585524,-0.748650,-0.600000,-0.703875,-0.600000,-0.614317,0.600000,-0.523872,-0.600000,-0.600000,0.600000,0.600000,0.600000,0.614317,-0.600000,-0.486395,-0.614317,0.596396,0.600000,-0.649221,0.614317,-0.545015,-0.600000,0.523872,-0.614317,0.600000,-0.486404,-0.523872,-0.600000,0.600000,0.600000,0.600000,-0.600000,0.600000,-0.600000,-0.600000,0.542534,-0.596396,-0.600000,-0.486395,-0.600000,-0.596396,-0.706995,0.654892,-0.600000,0.545015,0.703875,-0.654892,-0.602433,-0.542534,-0.600000,-0.600000,-0.542534,-0.600000
9,0,0,0,0,stay,0,20,0,1,-0.542534,-0.659402,-0.595193,1.000000,0.600000,0.600000,-0.517634,-0.600000,-0.661646,-0.677148,-0.600000,-0.600000,-0.713177,-0.520131,-0.600000,0.713177,0.600000,0.583096,-0.758872,-0.600000,-0.713177,-0.600000,-0.616685,0.600000,-0.517634,-0.600000,-0.600000,0.600000,0.600000,0.600000,0.616685,-0.600000,-0.475161,-0.616685,0.595193,0.600000,-0.650362,0.616685,-0.542534,-0.600000,0.517634,-0.616685,0.600000,-0.476417,-0.517634,-0.600000,0.600000,0.600000,0.600000,-0.600000,0.600000,-0.600000,-0.600000,0.535081,-0.595193,-0.600000,-0.475161,-0.600000,-0.595193,-0.717255,0.661646,-0.600000,0.542534,0.713177,-0.661646,-0.607218,-0.535081,-0.600000,-0.600000,-0.535081,-0.600000
10,0,0,0,0,S,0,18,1,1,-0.536324,-0.664999,-0.595193,1.000000,0.600000,0.600000,-0.508891,-0.600000,-0.667225,-0.684759,-0.600000,-0.600000,-0.725305,-0.511390,-0.600000,0.725305,0.600000,0.583096,-0.774114,-0.600000,-0.725305,-0.600000,-0.616685,0.600000,-0.508891,-0.600000,-0.600000,0.600000,0.600000,0.600000,0.616685,-0.600000,-0.460222,-0.616685,0.595193,0.600000,-0.656029,0.616685,-0.536324,-0.600000,0.508891,-0.616685,0.600000,-0.463960,-0.508891,-0.600000,0.600000,0.600000,0.600000,-0.600000,0.600000,-0.600000,-0.600000,0.528858,-0.595193,-0.600000,-0.460222,-0.600000,-0.595193,-0.729276,0.667225,-0.600000,0.536324,0.725305,-0.667225,-0.607222,-0.528858,-0.600000,-0.600000,-0.528858,-0.600000
11,0,0,0,0,stay,0,17,1,1,-0.532593,-0.671654,-0.591575,1.000000,0.600000,0.600000,-0.502642,-0.600000,-0.672757,-0.690136,-0.600000,-0.600000,-0.733211,-0.505142,-0.600000,0.733211,0.600000,0.575789,-0.783604,-0.600000,-0.733211,-0.600000,-0.623756,0.600000,-0.502642,-0.600000,-0.600000,0.600000,0.600000,0.600000,0.623756,-0.600000,-0.450300,-0.623756,0.591575,0.600000,-0.656035,0.623756,-0.532593,-0.600000,0.502642,-0.623756,0.600000,-0.454025,-0.502642,-0.600000,0.600000,0.600000,0.600000,-0.600000,0.600000,-0.600000,-0.600000,0.522625,-0.591575,-0.600000,-0.450300,-0.600000,-0.591575,-0.740009,0.672757,-0.600000,0.532593,0.733211,-0.672757,-0.609609,-0.522625,-0.600000,-0.600000,-0.522625,-0.600000
12,0,0,0,0,S,0,15,2,1,-0.528858,-0.678244,-0.587948,1.000000,0.600000,0.600000,-0.500142,-0.600000,-0.674957,-0.692272,-0.600000,-0.600000,-0.740009,-0.502642,-0.600000,0.740009,0.600000,0.569673,-0.791976,-0.600000,-0.740009,-0.600000,-0.629608,0.600000,-0.500142,-0.600000,-0.600000,0.600000,0.600000,0.600000,0.629608,-0.600000,-0.441650,-0.629608,0.587948,0.600000,-0.656038,0.629608,-0.528858,-0.600000,0.500142,-0.629608,0.600000,-0.447834,-0.500142,-0.600000,0.600000,0.600000,0.600000,-0.600000,0.600000,-0.600000,-0.600000,0.520130,-0.587948,-0.600000,-0.441650,-0.600000,-0.587948,-0.749527,0.674957,-0.600000,0.528858,0.740009,-0.674957,-0.608422,-0.520130,-0.600000,-0.600000,-0.520130,-0.600000
13,0,0,0,0,N,0,13,1,1,-0.525119,-0.681511,-0.587948,1.000000,0.600000,0.600000,-0.493892,-0.600000,-0.679333,-0.697577,-0.600000,-0.600000,-0.751400,-0.496392,-0.600000,0.751400,0.600000,0.565994,-0.804087,-0.600000,-0.751400,-0.600000,-0.633102,0.600000,-0.493892,-0.600000,-0.600000,0.600000,0.600000,0.600000,0.633102,-0.600000,-0.426906,-0.633102,0.587948,0.600000,-0.659418,0.633102,-0.525119,-0.600000,0.493892,-0.633102,0.600000,-0.439193,-0.493892,-0.600000,0.600000,0.600000,0.600000,-0.600000,0.600000,-0.600000,-0.600000,0.515137,-0.587948,-0.600000,-0.426906,-0.600000,-0.587948,-0.760636,0.679333,-0.600000,0.525119,0.751400,-0.679333,-0.609617,-0.515137,-0.600000,-0.600000,-0.515137,-0.600000
14,0,0,0,0,N,0,11,0,1,-0.523872,-0.686920,-0.583096,1.000000,0.600000,0.600000,-0.492642,-0.600000,-0.682594,-0.698632,-0.600000,-0.600000,-0.756046,-0.495143,-0.600000,0.756046,0.600000,0.557380,-0.808777,-0.600000,-0.756046,-0.600000,-0.641199,0.600000,-0.492642,-0.600000,-0.600000,0.600000,0.600000,0.600000,0.641199,-0.600000,-0.420799,-0.641199,0.583096,0.600000,-0.656043,0.641199,-0.523872,-0.600000,0.492642,-0.641199,0.600000,-0.434272,-0.492642,-0.600000,0.600000,0.600000,0.600000,-0.600000,0.600000,-0.600000,-0.600000,0.511390,-0.583096,-0.600000,-0.420799,-0.600000,-0.583096,-0.768743,0.682594,-0.600000,0.523872,0.756046,-0.682594,-0.611997,-0.511390,-0.600000,-0.600000,-0.511390,-0.600000
15,0,1,0,0,N,0,9,1,1,-0.523872,-0.709068,-0.557380,1.000000,0.600000,0.600000,-0.492642,-0.600000,-0.682594,-0.698632,-0.600000,-0.600000,-0.756046,-0.495143,-0.600000,0.756046,0.600000,0.531348,-0.808777,-0.600000,-0.756046,-0.600000,-0.664999,0.600000,-0.492642,-0.600000,-0.600000,0.600000,0.600000,0.600000,0.664999,-0.600000,-0.420799,-0.664999,0.557380,0.600000,-0.631996,0.664999,-0.523872,-0.600000,0.492642,-0.664999,0.600000,-0.434272,-0.492642,-0.600000,0.600000,0.600000,0.600000,-0.600000,0.600000,-0.600000,-0.600000,0.511390,-0.557380,-0.600000,-0.420799,-0.600000,-0.557380,-0.786906,0.682594,-0.600000,0.523872,0.756046,-0.682594,-0.611997,-0.511390,-0.600000,-0.600000,-0.511390,-0.600000
16,0,1,0,0,N,0,7,2,1,-0.523872,-0.731252,-0.530103,1.000000,0.600000,0.600000,-0.492642,-0.600000,-0.682594,-0.698632,-0.600000,-0.600000,-0.756046,-0.495143,-0.600000,0.756046,0.600000,0.503892,-0.808777,-0.600000,-0.756046,-0.600000,-0.689064,0.600000,-0.492642,-0.600000,-0.600000,0.600000,0.600000,0.600000,0.689064,-0.600000,-0.420799,-0.689064,0.530103,0.600000,-0.606077,0.689064,-0.523872,-0.600000,0.492642,-0.689064,0.600000,-0.434272,-0.492642,-0.600000,0.600000,0.600000,0.600000,-0.600000,0.600000,-0.600000,-0.600000,0.511390,-0.530103,-0.600000,-0.420799,-0.600000,-0.530103,-0.804795,0.682594,-0.600000,0.523872,0.756046,-0.682594,-0.611997,-0.511390,-0.600000,-0.600000,-0.511390,-0.600000
17,1,0,0,0,N,0,5,3,1,-0.520130,-0.736142,-0.533839,1.000000,0.600000,0.600000,-0.487644,-0.600000,-0.686916,-0.702830,-0.600000,-0.600000,-0.764261,-0.490144,-0.600000,0.764261,0.600000,0.500142,-0.817903,-0.600000,-0.764261,-0.600000,-0.692272,0.600000,-0.487644,-0.600000,-0.600000,0.600000,0.600000,0.600000,0.692272,-0.600000,-0.409867,-0.692272,0.527612,0.600000,-0.607274,0.692272,-0.520130,-0.600000,0.487644,-0.692272,0.600000,-0.425691,-0.487644,-0.593988,0.600000,0.600000,0.600000,-0.600000,0.600000,-0.600000,-0.600000,0.506391,-0.527612,-0.600000,-0.409867,-0.600000,-0.527612,-0.813304,0.686916,-0.600000,0.520130,0.764261,-0.686916,-0.613188,-0.506391,-0.600000,-0.600000,-0.506391,-0.600000
18,0,0,0,0,N,0,3,4,1,-0.506391,-0.746698,-0.533839,1.000000,0.600000,0.600000,-0.473914,-0.600000,-0.697577,-0.714200,-0.600000,-0.600000,-0.774913,-0.476409,-0.600000,0.774913,0.600000,0.498892,-0.834461,-0.600000,-0.774913,-0.600000,-0.693337,0.600000,-0.473914,-0.600000,-0.600000,0.600000,0.600000,0.600000,0.693337,-0.600000,-0.395430,-0.693337,0.527612,0.600000,-0.620318,0.693337,-0.506391,-0.600000,0.473914,-0.693337,0.600000,-0.400222,-0.473914,-0.593988,0.600000,0.600000,0.600000,-0.600000,0.600000,-0.600000,-0.600000,0.493892,-0.527612,-0.600000,-0.395430,-0.600000,-0.527612,-0.822257,0.697577,-0.600000,0.506391,0.774913,-0.697577,-0.612004,-0.493892,-0.600000,-0.600000,-0.493892,-0.600000
19,0,0,0,0,stay,1,29,4,1,-0.505142,-0.750467,-0.530105,1.000000,0.600000,0.600000,-0.471421,-0.600000,-0.702830,-0.716239,-0.600000,-0.600000,-0.780109,-0.473914,-0.600000,0.780109,0.600000,0.491393,-0.839249,-0.600000,-0.780109,-0.600000,-0.699685,0.600000,-0.471421,-0.600000,-0.600000,0.600000,0.600000,0.600000,0.699685,-0.600000,-0.388277,-0.699685,0.523872,0.600000,-0.617963,0.699685,-0.505142,-0.600000,0.471421,-0.699685,0.600000,-0.393038,-0.471421,-0.593988,0.600000,0.600000,0.600000,-0.600000,0.600000,-0.600000,-0.600000,0.487644,-0.523872,-0.600000,-0.388277,-0.600000,-0.523872,-0.828749,0.702830,-0.600000,0.505142,0.780109,-0.702830,-0.616745,-0.487644,-0.600000,-0.600000,-0.487644,-0.600000
20,0,0,0,0,N,0,27,5,1,-0.503892,-0.755125,-0.525121,1.000000,0.600000,0.600000,-0.470175,-0.600000,-0.705957,-0.717255,-0.600000,-0.600000,-0.784374,-0.472668,-0.600000,0.784374,0.600000,0.481400,-0.843262,-0.600000,-0.784374,-0.600000,-0.708031,0.600000,-0.470175,-0.600000,-0.600000,0.600000,0.600000,0.600000,0.708031,-0.600000,-0.382353,-0.708031,0.518882,0.600000,-0.614419,0.708031,-0.503892,-0.600000,0.470175,-0.708031,0.600000,-0.388274,-0.470175,-0.593988,0.600000,0.600000,0.600000,-0.600000,0.600000,-0.600000,-0.600000,0.483897,-0.518882,-0.600000,-0.382353,-0.600000,-0.518882,-0.835054,0.705957,-0.600000,0.503892,0.784374,-0.705957,-0.619108,-0.483897,-0.600000,-0.600000,-0.483897,-0.600000
21,1,0,0,0,N,0,25,6,1,-0.502642,-0.756972,-0.530106,1.000000,0.600000,0.600000,-0.468930,-0.600000,-0.708031,-0.718269,-0.600000,-0.600000,-0.790243,-0.471422,-0.600000,0.790243,0.600000,0.478903,-0.848486,-0.600000,-0.790243,-0.600000,-0.710096,0.600000,-0.468930,-0.600000,-0.600000,0.600000,0.600000,0.600000,0.710096,-0.600000,-0.374117,-0.710096,0.517634,0.600000,-0.614420,0.710096,-0.502642,-0.600000,0.468930,-0.710096,0.600000,-0.384716,-0.468930,-0.587948,0.600000,0.600000,0.600000,-0.600000,0.600000,-0.600000,-0.600000,0.481400,-0.517634,-0.600000,-0.374117,-0.600000,-0.517634,-0.840499,0.708031,-0.600000,0.502642,0.790243,-0.708031,-0.620289,-0.481400,-0.600000,-0.600000,-0.481400,-0.600000
22,1,0,0,1,N,0,23,7,1,-0.493892,-0.763361,-0.531352,1.000000,0.600000,0.586737,-0.456497,-0.600000,-0.718269,-0.728287,-0.600000,-0.600000,-0.800029,-0.458981,-0.600000,0.808722,0.600000,0.478903,-0.860334,-0.600000,-0.800029,-0.600000,-0.710096,0.600000,-0.456497,-0.600000,-0.600000,0.600000,0.600000,0.600000,0.710096,-0.600000,-0.360168,-0.710096,0.517634,0.600000,-0.622683,0.710096,-0.493892,-0.613131,0.456497,-0.710096,0.600000,-0.377635,-0.456497,-0.586737,0.600000,0.600000,0.600000,-0.600000,0.600000,-0.600000,-0.600000,0.468930,-0.517634,-0.600000,-0.360168,-0.586737,-0.531352,-0.848393,0.718269,-0.600000,0.493892,0.800029,-0.718269,-0.623819,-0.468930,-0.600000,-0.586737,-0.468930,-0.600000
23,1,0,0,1,stay,1,29,7,1,-0.493892,-0.763361,-0.531352,1.000000,0.600000,0.572122,-0.441650,-0.600000,-0.730263,-0.740009,-0.600000,-0.600000,-0.809470,-0.444119,-0.600000,0.826656,0.600000,0.478903,-0.867401,-0.600000,-0.809470,-0.600000,-0.710096,0.600000,-0.441650,-0.600000,-0.600000,0.600000,0.600000,0.600000,0.710096,-0.600000,-0.346450,-0.710096,0.517634,0.600000,-0.622683,0.710096,-0.493892,-0.627272,0.441650,-0.710096,0.600000,-0.377635,-0.441650,-0.586737,0.600000,0.600000,0.600000,-0.600000,0.600000,-0.600000,-0.600000,0.454017,-0.517634,-0.600000,-0.346450,-0.572122,-0.546263,-0.855963,0.730263,-0.600000,0.493892,0.809470,-0.730263,-0.637800,-0.454017,-0.600000,-0.572122,-0.454017,-0.600000
24,1,0,0,1,stay,0,28,7,1,-0.493892,-0.763361,-0.531352,1.000000,0.600000,0.557380,-0.426906,-0.600000,-0.741931,-0.751400,-0.600000,-0.600000,-0.818566,-0.429356,-0.600000,0.843237,0.600000,0.478903,-0.874164,-0.600000,-0.818566,-0.600000,-0.710096,0.600000,-0.426906,-0.600000,-0.600000,0.600000,0.600000,0.600000,0.710096,-0.600000,-0.332982,-0.710096,0.517634,0.600000,-0.622683,0.710096,-0.493892,-0.641199,0.426906,-0.710096,0.600000,-0.377635,-0.426906,-0.586737,0.600000,0.600000,0.600000,-0.600000,0.600000,-0.600000,-0.600000,0.439185,-0.517634,-0.600000,-0.332982,-0.557380,-0.561093,-0.863217,0.741931,-0.600000,0.493892,0.818566,-0.741931,-0.651553,-0.439185,-0.600000,-0.557380,-0.439185,-0.600000
25,1,0,0,1,stay,0,27,7,1,-0.493892,-0.763361,-0.532597,1.000000,0.600000,0.542534,-0.412289,-0.600000,-0.753265,-0.762452,-0.600000,-0.600000,-0.827321,-0.414716,-0.600000,0.858506,0.600000,0.478903,-0.880629,-0.600000,-0.827321,-0.600000,-0.710096,0.600000,-0.412289,-0.600000,-0.600000,0.600000,0.600000,0.600000,0.710096,-0.600000,-0.319781,-0.710096,0.517634,0.600000,-0.622683,0.710096,-0.493892,-0.654892,0.412289,-0.710096,0.600000,-0.377635,-0.412289,-0.585524,0.600000,0.600000,0.600000,-0.600000,0.600000,-0.600000,-0.600000,0.424460,-0.517634,-0.600000,-0.319781,-0.542534,-0.575816,-0.870160,0.753265,-0.600000,0.493892,0.827321,-0.753265,-0.665059,-0.424460,-0.600000,-0.542534,-0.424460,-0.600000
26,1,0,0,1,stay,0,26,7,1,-0.493892,-0.763361,-0.532597,1.000000,0.600000,0.527612,-0.397824,-0.600000,-0.764261,-0.773161,-0.600000,-0.600000,-0.835739,-0.400224,-0.600000,0.872515,0.600000,0.478903,-0.886805,-0.600000,-0.835739,-0.600000,-0.710096,0.600000,-0.397824,-0.600000,-0.600000,0.600000,0.600000,0.600000,0.710096,-0.600000,-0.306861,-0.710096,0.517634,0.600000,-0.622683,0.710096,-0.493892,-0.668335,0.397824,-0.710096,0.600000,-0.377635,-0.397824,-0.585524,0.600000,0.600000,0.600000,-0.600000,0.600000,-0.600000,-0.600000,0.409867,-0.517634,-0.600000,-0.306861,-0.527612,-0.590406,-0.876802,0.764261,-0.600000,0.493892,0.835739,-0.764261,-0.678300,-0.409867,-0.600000,-0.527612,-0.409867,-0.600000
27,1,0,0,1,stay,0,25,7,1,-0.493892,-0.763361,-0.532597,1.000000,0.600000,0.512639,-0.383535,-0.600000,-0.774913,-0.783526,-0.600000,-0.600000,-0.843824,-0.385904,-0.600000,0.885323,0.600000,0.478903,-0.892701,-0.600000,-0.843824,-0.600000,-0.710096,0.600000,-0.383535,-0.600000,-0.600000,0.600000,0.600000,0.600000,0.710096,-0.600000,-0.294237,-0.710096,0.517634,0.600000,-0.622683,0.710096,-0.493892,-0.681509,0.383535,-0.710096,0.600000,-0.377635,-0.383535,-0.585524,0.600000,0.600000,0.600000,-0.600000,0.600000,-0.600000,-0.600000,0.395430,-0.517634,-0.600000,-0.294237,-0.512639,-0.604840,-0.883150,0.774913,-0.600000,0.493892,0.843824,-0.774913,-0.691262,-0.395430,-0.600000,-0.512639,-0.395430,-0.600000
28,1,0,0,1,stay,0,24,7,1,-0.493892,-0.763361,-0.532597,1.000000,0.600000,0.497642,-0.369443,-0.600000,-0.785219,-0.793544,-0.600000,-0.600000,-0.851583,-0.371777,-0.600000,0.896998,0.600000,0.478903,-0.898325,-0.600000,-0.851583,-0.600000,-0.710096,0.600000,-0.369443,-0.600000,-0.600000,0.600000,0.600000,0.600000,0.710096,-0.600000,-0.281920,-0.710096,0.517634,0.600000,-0.622683,0.710096,-0.493892,-0.694400,0.369443,-0.710096,0.600000,-0.377635,-0.369443,-0.585524,0.600000,0.600000,0.600000,-0.600000,0.600000,-0.600000,-0.600000,0.381172,-0.517634,-0.600000,-0.281920,-0.497642,-0.619095,-0.889212,0.785219,-0.600000,0.493892,0.851583,-0.785219,-0.703931,-0.381172,-0.600000,-0.497642,-0.381172,-0.600000
29,1,0,0,1,stay,0,23,7,1,-0.493892,-0.763361,-0.532597,1.000000,0.600000,0.482648,-0.355569,-0.600000,-0.795179,-0.803215,-0.600000,-0.600000,-0.859020,-0.357866,-0.600000,0.907610,0.600000,0.478903,-0.903686,-0.600000,-0.859020,-0.600000,-0.710096,0.600000,-0.355569,-0.600000,-0.600000,0.600000,0.600000,0.600000,0.710096,-0.600000,-0.269920,-0.710096,0.517634,0.600000,-0.622683,0.710096,-0.493892,-0.706995,0.355569,-0.710096,0.600000,-0.377635,-0.355569,-0.585524,0.600000,0.600000,0.600000,-0.600000,0.600000,-0.600000,-0.600000,0.367115,-0.517634,-0.600000,-0.269920,-0.482648,-0.633148,-0.894998,0.795179,-0.600000,0.493892,0.859020,-0.795179,-0.716293,-0.367115,-0.600000,-0.482648,-0.367115,-0.600000
30,1,0,0,1,stay,0,22,7,1,-0.493892,-0.763361,-0.533842,1.000000,0.600000,0.467684,-0.341932,-0.600000,-0.804793,-0.812540,-0.600000,-0.600000,-0.866144,-0.344188,-0.600000,0.917230,0.600000,0.478903,-0.908794,-0.600000,-0.866144,-0.600000,-0.710096,0.600000,-0.341932,-0.600000,-0.600000,0.600000,0.600000,0.600000,0.710096,-0.600000,-0.258247,-0.710096,0.517634,0.600000,-0.622683,0.710096,-0.493892,-0.719281,0.341932,-0.710096,0.600000,-0.377635,-0.341932,-0.584311,0.600000,0.600000,0.600000,-0.600000,0.600000,-0.600000,-0.600000,0.353279,-0.517634,-0.600000,-0.258247,-0.467684,-0.646979,-0.900515,0.804793,-0.600000,0.493892,0.866144,-0.804793,-0.728340,-0.353279,-0.600000,-0.467684,-0.353279,-0.600000
31,1,0,0,1,stay,0,21,7,1,-0.493892,-0.763361,-0.533842,1.000000,0.600000,0.452778,-0.328551,-0.600000,-0.814061,-0.821522,-0.600000,-0.600000,-0.872961,-0.330764,-0.600000,0.925931,0.600000,0.478903,-0.913656,-0.600000,-0.872961,-0.600000,-0.710096,0.600000,-0.328551,-0.600000,-0.600000,0.600000,0.600000,0.600000,0.710096,-0.600000,-0.246908,-0.710096,0.517634,0.600000,-0.622683,0.710096,-0.493892,-0.731248,0.328551,-0.710096,0.600000,-0.377635,-0.328551,-0.584311,0.600000,0.600000,0.600000,-0.600000,0.600000,-0.600000,-0.600000,0.339684,-0.517634,-0.600000,-0.246908,-0.452778,-0.660569,-0.905773,0.814061,-0.600000,0.493892,0.872961,-0.814061,-0.740061,-0.339684,-0.600000,-0.452778,-0.339684,-0.600000
32,1,0,0,1,stay,0,20,7,1,-0.493892,-0.763361,-0.533842,1.000000,0.600000,0.437954,-0.315442,-0.600000,-0.822986,-0.830165,-0.600000,-0.600000,-0.879479,-0.317608,-0.600000,0.933784,0.600000,0.478903,-0.918283,-0.600000,-0.879479,-0.600000,-0.710096,0.600000,-0.315442,-0.600000,-0.600000,0.600000,0.600000,0.600000,0.710096,-0.600000,-0.235907,-0.710096,0.517634,0.600000,-0.622683,0.710096,-0.493892,-0.742888,0.315442,-0.710096,0.600000,-0.377635,-0.315442,-0.584311,0.600000,0.600000,0.600000,-0.600000,0.600000,-0.600000,-0.600000,0.326347,-0.517634,-0.600000,-0.235907,-0.437954,-0.673901,-0.910780,0.822986,-0.600000,0.493892,0.879479,-0.822986,-0.751450,-0.326347,-0.600000,-0.437954,-0.326347,-0.600000
33,1,0,0,1,stay,0,19,7,1,-0.493892,-0.763361,-0.533842,1.000000,0.600000,0.423239,-0.302619,-0.600000,-0.831572,-0.838471,-0.600000,-0.600000,-0.885707,-0.304737,-0.600000,0.940858,0.600000,0.478903,-0.922683,-0.600000,-0.885707,-0.600000,-0.710096,0.600000,-0.302619,-0.600000,-0.600000,0.600000,0.600000,0.600000,0.710096,-0.600000,-0.225250,-0.710096,0.517634,0.600000,-0.622683,0.710096,-0.493892,-0.754195,0.302619,-0.710096,0.600000,-0.377635,-0.302619,-0.584311,0.600000,0.600000,0.600000,-0.600000,0.600000,-0.600000,-0.600000,0.313285,-0.517634,-0.600000,-0.225250,-0.423239,-0.686958,-0.915547,0.831572,-0.600000,0.493892,0.885707,-0.831572,-0.762500,-0.313285,-0.600000,-0.423239,-0.313285,-0.600000
34,1,0,0,1,stay,0,18,7,1,-0.493892,-0.763361,-0.535086,1.000000,0.600000,0.408658,-0.290096,-0.600000,-0.839823,-0.846447,-0.600000,-0.600000,-0.891653,-0.292163,-0.600000,0.947219,0.600000,0.478903,-0.926865,-0.600000,-0.891653,-0.600000,-0.710096,0.600000,-0.290096,-0.600000,-0.600000,0.600000,0.600000,0.600000,0.710096,-0.600000,-0.214938,-0.710096,0.517634,0.600000,-0.622683,0.710096,-0.493892,-0.765161,0.290096,-0.710096,0.600000,-0.377635,-0.290096,-0.583096,0.600000,0.600000,0.600000,-0.600000,0.600000,-0.600000,-0.600000,0.300511,-0.517634,-0.600000,-0.214938,-0.408658,-0.699726,-0.920081,0.839823,-0.600000,0.493892,0.891653,-0.839823,-0.773209,-0.300511,-0.600000,-0.408658,-0.300511,-0.600000
35,1,0,0,1,stay,0,17,7,1,-0.493892,-0.763361,-0.535086,1.000000,0.600000,0.394235,-0.277884,-0.600000,-0.847744,-0.854097,-0.600000,-0.600000,-0.897326,-0.279898,-0.600000,0.952931,0.600000,0.478903,-0.930838,-0.600000,-0.897326,-0.600000,-0.710096,0.600000,-0.277884,-0.600000,-0.600000,0.600000,0.600000,0.600000,0.710096,-0.600000,-0.204972,-0.710096,0.517634,0.600000,-0.622683,0.710096,-0.493892,-0.775785,0.277884,-0.710096,0.600000,-0.377635,-0.277884,-0.583096,0.600000,0.600000,0.600000,-0.600000,0.600000,-0.600000,-0.600000,0.288039,-0.517634,-0.600000,-0.204972,-0.394235,-0.712193,-0.924392,0.847744,-0.600000,0.493892,0.897326,-0.847744,-0.783571,-0.288039,-0.600000,-0.394235,-0.288039,-0.600000
36,1,0,0,1,stay,0,16,7,1,-0.493892,-0.763361,-0.536330,1.000000,0.600000,0.379992,-0.265993,-0.600000,-0.855341,-0.861429,-0.600000,-0.600000,-0.902734,-0.267952,-0.600000,0.958052,0.600000,0.478903,-0.934610,-0.600000,-0.902734,-0.600000,-0.710096,0.600000,-0.265993,-0.600000,-0.600000,0.600000,0.600000,0.600000,0.710096,-0.600000,-0.195354,-0.710096,0.517634,0.600000,-0.622683,0.710096,-0.493892,-0.786063,0.265993,-0.710096,0.600000,-0.377635,-0.265993,-0.581881,0.600000,0.600000,0.600000,-0.600000,0.600000,-0.600000,-0.600000,0.275880,-0.517634,-0.600000,-0.195354,-0.379992,-0.724346,-0.928489,0.855341,-0.600000,0.493892,0.902734,-0.855341,-0.793588,-0.275880,-0.600000,-0.379992,-0.275880,-0.600000
37,1,0,0,1,stay,0,15,7,1,-0.493892,-0.763361,-0.536330,1.000000,0.600000,0.365953,-0.254430,-0.600000,-0.862621,-0.868450,-0.600000,-0.600000,-0.907887,-0.256335,-0.600000,0.962638,0.600000,0.478903,-0.938190,-0.600000,-0.907887,-0.600000,-0.710096,0.600000,-0.254430,-0.600000,-0.600000,0.600000,0.600000,0.600000,0.710096,-0.600000,-0.186080,-0.710096,0.517634,0.600000,-0.622683,0.710096,-0.493892,-0.795994,0.254430,-0.710096,0.600000,-0.377635,-0.254430,-0.581881,0.600000,0.600000,0.600000,-0.600000,0.600000,-0.600000,-0.600000,0.264043,-0.517634,-0.600000,-0.186080,-0.365953,-0.736177,-0.932380,0.862621,-0.600000,0.493892,0.907887,-0.862621,-0.803257,-0.264043,-0.600000,-0.365953,-0.264043,-0.600000
38,1,0,0,1,stay,0,14,7,1,-0.493892,-0.763361,-0.536330,1.000000,0.600000,0.352137,-0.243203,-0.600000,-0.869590,-0.875166,-0.600000,-0.600000,-0.912793,-0.245051,-0.600000,0.966741,0.600000,0.478903,-0.941587,-0.600000,-0.912793,-0.600000,-0.710096,0.600000,-0.243203,-0.600000,-0.600000,0.600000,0.600000,0.600000,0.710096,-0.600000,-0.177150,-0.710096,0.517634,0.600000,-0.622683,0.710096,-0.493892,-0.805578,0.243203,-0.710096,0.600000,-0.377635,-0.243203,-0.581881,0.600000,0.600000,0.600000,-0.600000,0.600000,-0.600000,-0.600000,0.252536,-0.517634,-0.600000,-0.177150,-0.352137,-0.747678,-0.936074,0.869590,-0.600000,0.493892,0.912793,-0.869590,-0.812581,-0.252536,-0.600000,-0.352137,-0.252536,-0.600000
39,1,0,0,1,stay,0,13,7,1,-0.493892,-0.763361,-0.536330,1.000000,0.600000,0.338562,-0.232317,-0.600000,-0.876257,-0.881587,-0.600000,-0.600000,-0.917462,-0.234108,-0.600000,0.970406,0.600000,0.478903,-0.944808,-0.600000,-0.917462,-0.600000,-0.710096,0.600000,-0.232317,-0.600000,-0.600000,0.600000,0.600000,0.600000,0.710096,-0.600000,-0.168558,-0.710096,0.517634,0.600000,-0.622683,0.710096,-0.493892,-0.814818,0.232317,-0.710096,0.600000,-0.377635,-0.232317,-0.581881,0.600000,0.600000,0.600000,-0.600000,0.600000,-0.600000,-0.600000,0.241365,-0.517634,-0.600000,-0.168558,-0.338562,-0.758842,-0.939579,0.876257,-0.600000,0.493892,0.917462,-0.876257,-0.821562,-0.241365,-0.600000,-0.338562,-0.241365,-0.600000
40,1,0,0,1,stay,0,12,7,1,-0.493892,-0.763361,-0.536330,1.000000,0.600000,0.325248,-0.221774,-0.600000,-0.882629,-0.887720,-0.600000,-0.600000,-0.921902,-0.223508,-0.600000,0.973679,0.600000,0.478903,-0.947861,-0.600000,-0.921902,-0.600000,-0.710096,0.600000,-0.221774,-0.600000,-0.600000,0.600000,0.600000,0.600000,0.710096,-0.600000,-0.160302,-0.710096,0.517634,0.600000,-0.622683,0.710096,-0.493892,-0.823715,0.221774,-0.710096,0.600000,-0.377635,-0.221774,-0.581881,0.600000,0.600000,0.600000,-0.600000,0.600000,-0.600000,-0.600000,0.230536,-0.517634,-0.600000,-0.160302,-0.325248,-0.769665,-0.942904,0.882629,-0.600000,0.493892,0.921902,-0.882629,-0.830203,-0.230536,-0.600000,-0.325248,-0.230536,-0.600000
41,1,0,0,1,stay,0,11,7,1,-0.493892,-0.763361,-0.536330,1.000000,0.600000,0.312209,-0.211577,-0.600000,-0.888715,-0.893574,-0.600000,-0.600000,-0.926123,-0.213253,-0.600000,0.976599,0.600000,0.478903,-0.950754,-0.600000,-0.926123,-0.600000,-0.710096,0.600000,-0.211577,-0.600000,-0.600000,0.600000,0.600000,0.600000,0.710096,-0.600000,-0.152376,-0.710096,0.517634,0.600000,-0.622683,0.710096,-0.493892,-0.832273,0.211577,-0.710096,0.600000,-0.377635,-0.211577,-0.581881,0.600000,0.600000,0.600000,-0.600000,0.600000,-0.600000,-0.600000,0.220051,-0.517634,-0.600000,-0.152376,-0.312209,-0.780143,-0.946056,0.888715,-0.600000,0.493892,0.926123,-0.888715,-0.838507,-0.220051,-0.600000,-0.312209,-0.220051,-0.600000
42,1,0,0,1,stay,0,10,7,1,-0.493892,-0.763361,-0.536330,1.000000,0.600000,0.299460,-0.201728,-0.600000,-0.894523,-0.899158,-0.600000,-0.600000,-0.930133,-0.203346,-0.600000,0.979202,0.600000,0.478903,-0.953494,-0.600000,-0.930133,-0.600000,-0.710096,0.600000,-0.201728,-0.600000,-0.600000,0.600000,0.600000,0.600000,0.710096,-0.600000,-0.144774,-0.710096,0.517634,0.600000,-0.622683,0.710096,-0.493892,-0.840496,0.201728,-0.710096,0.600000,-0.377635,-0.201728,-0.581881,0.600000,0.600000,0.600000,-0.600000,0.600000,-0.600000,-0.600000,0.209912,-0.517634,-0.600000,-0.144774,-0.299460,-0.790276,-0.949044,0.894523,-0.600000,0.493892,0.930133,-0.894523,-0.846481,-0.209912,-0.600000,-0.299460,-0.209912,-0.600000
43,1,0,0,1,stay,0,9,7,1,-0.493892,-0.763361,-0.537573,1.000000,0.600000,0.287014,-0.192224,-0.600000,-0.900062,-0.904480,-0.600000,-0.600000,-0.933941,-0.193784,-0.600000,0.981521,0.600000,0.478903,-0.956089,-0.600000,-0.933941,-0.600000,-0.710096,0.600000,-0.192224,-0.600000,-0.600000,0.600000,0.600000,0.600000,0.710096,-0.600000,-0.137490,-0.710096,0.517634,0.600000,-0.622683,0.710096,-0.493892,-0.848389,0.192224,-0.710096,0.600000,-0.377635,-0.192224,-0.580664,0.600000,0.600000,0.600000,-0.600000,0.600000,-0.600000,-0.600000,0.200120,-0.517634,-0.600000,-0.137490,-0.287014,-0.800061,-0.951875,0.900062,-0.600000,0.493892,0.933941,-0.900062,-0.854131,-0.200120,-0.600000,-0.287014,-0.200120,-0.600000
44,1,0,0,1,stay,0,8,7,1,-0.493892,-0.763361,-0.537573,1.000000,0.600000,0.274881,-0.183065,-0.600000,-0.905342,-0.909549,-0.600000,-0.600000,-0.937555,-0.184568,-0.600000,0.983586,0.600000,0.478903,-0.958546,-0.600000,-0.937555,-0.600000,-0.710096,0.600000,-0.183065,-0.600000,-0.600000,0.600000,0.600000,0.600000,0.710096,-0.600000,-0.130516,-0.710096,0.517634,0.600000,-0.622683,0.710096,-0.493892,-0.855960,0.183065,-0.710096,0.600000,-0.377635,-0.183065,-0.580664,0.600000,0.600000,0.600000,-0.600000,0.600000,-0.600000,-0.600000,0.190674,-0.517634,-0.600000,-0.130516,-0.274881,-0.809501,-0.954556,0.905342,-0.600000,0.493892,0.937555,-0.905342,-0.861461,-0.190674,-0.600000,-0.274881,-0.190674,-0.600000
45,1,0,0,1,stay,0,7,7,1,-0.493892,-0.763361,-0.537573,1.000000,0.600000,0.263071,-0.174248,-0.600000,-0.910370,-0.914375,-0.600000,-0.600000,-0.940984,-0.175695,-0.600000,0.985423,0.600000,0.478903,-0.960871,-0.600000,-0.940984,-0.600000,-0.710096,0.600000,-0.174248,-0.600000,-0.600000,0.600000,0.600000,0.600000,0.710096,-0.600000,-0.123844,-0.710096,0.517634,0.600000,-0.622683,0.710096,-0.493892,-0.863213,0.174248,-0.710096,0.600000,-0.377635,-0.174248,-0.580664,0.600000,0.600000,0.600000,-0.600000,0.600000,-0.600000,-0.600000,0.181572,-0.517634,-0.600000,-0.123844,-0.263071,-0.818596,-0.957095,0.910370,-0.600000,0.493892,0.940984,-0.910370,-0.868480,-0.181572,-0.600000,-0.263071,-0.181572,-0.600000
46,1,0,0,1,stay,0,6,7,1,-0.493892,-0.763361,-0.537573,1.000000,0.600000,0.251592,-0.165769,-0.600000,-0.915156,-0.918967,-0.600000,-0.600000,-0.944237,-0.167160,-0.600000,0.987058,0.600000,0.478903,-0.963070,-0.600000,-0.944237,-0.600000,-0.710096,0.600000,-0.165769,-0.600000,-0.600000,0.600000,0.600000,0.600000,0.710096,-0.600000,-0.117468,-0.710096,0.517634,0.600000,-0.622683,0.710096,-0.493892,-0.870157,0.165769,-0.710096,0.600000,-0.377635,-0.165769,-0.580664,0.600000,0.600000,0.600000,-0.600000,0.600000,-0.600000,-0.600000,0.172812,-0.517634,-0.600000,-0.117468,-0.251592,-0.827350,-0.959498,0.915156,-0.600000,0.493892,0.944237,-0.915156,-0.875196,-0.172812,-0.600000,-0.251592,-0.172812,-0.600000
47,1,0,0,1,stay,0,5,7,1,-0.493892,-0.763361,-0.537573,1.000000,0.600000,0.240450,-0.157624,-0.600000,-0.919710,-0.923333,-0.600000,-0.600000,-0.947320,-0.158959,-0.600000,0.988511,0.600000,0.478903,-0.965151,-0.600000,-0.947320,-0.600000,-0.710096,0.600000,-0.157624,-0.600000,-0.600000,0.600000,0.600000,0.600000,0.710096,-0.600000,-0.111377,-0.710096,0.517634,0.600000,-0.622683,0.710096,-0.493892,-0.876799,0.157624,-0.710096,0.600000,-0.377635,-0.157624,-0.580664,0.600000,0.600000,0.600000,-0.600000,0.600000,-0.600000,-0.600000,0.164389,-0.517634,-0.600000,-0.111377,-0.240450,-0.835766,-0.961771,0.919710,-0.600000,0.493892,0.947320,-0.919710,-0.881615,-0.164389,-0.600000,-0.240450,-0.164389,-0.600000
48,1,0,0,1,stay,0,4,7,1,-0.492642,-0.764264,-0.537573,1.000000,0.600000,0.229649,-0.149807,-0.600000,-0.924039,-0.927482,-0.600000,-0.600000,-0.950241,-0.151087,-0.600000,0.989803,0.600000,0.478903,-0.967278,-0.600000,-0.950241,-0.600000,-0.710096,0.600000,-0.149807,-0.600000,-0.600000,0.600000,0.600000,0.600000,0.710096,-0.600000,-0.105565,-0.710096,0.517634,0.600000,-0.623857,0.710096,-0.492642,-0.883147,0.149807,-0.710096,0.600000,-0.376460,-0.149807,-0.580664,0.600000,0.600000,0.600000,-0.600000,0.600000,-0.600000,-0.600000,0.156299,-0.517634,-0.600000,-0.105565,-0.229649,-0.843851,-0.963922,0.924039,-0.600000,0.492642,0.950241,-0.924039,-0.887247,-0.156299,-0.600000,-0.229649,-0.156299,-0.600000
49,1,0,0,1,stay,0,3,7,1,-0.492642,-0.764264,-0.537573,1.000000,0.600000,0.219192,-0.142311,-0.600000,-0.928154,-0.931424,-0.600000,-0.600000,-0.953009,-0.143539,-0.600000,0.990951,0.600000,0.478903,-0.969129,-0.600000,-0.953009,-0.600000,-0.710096,0.600000,-0.142311,-0.600000,-0.600000,0.600000,0.600000,0.600000,0.710096,-0.600000,-0.100022,-0.710096,0.517634,0.600000,-0.623857,0.710096,-0.492642,-0.889209,0.142311,-0.710096,0.600000,-0.376460,-0.142311,-0.580664,0.600000,0.600000,0.600000,-0.600000,0.600000,-0.600000,-0.600000,0.148535,-0.517634,-0.600000,-0.100022,-0.219192,-0.851608,-0.965956,0.928154,-0.600000,0.492642,0.953009,-0.928154,-0.893122,-0.148535,-0.600000,-0.219192,-0.148535,-0.600000
50,1,0,0,1,stay,0,2,7,1,-0.492642,-0.764264,-0.537573,1.000000,0.600000,0.209082,-0.135131,-0.600000,-0.932062,-0.935167,-0.600000,-0.600000,-0.955630,-0.136306,-0.600000,0.991971,0.600000,0.478903,-0.970878,-0.600000,-0.955630,-0.600000,-0.710096,0.600000,-0.135131,-0.600000,-0.600000,0.600000,0.600000,0.600000,0.710096,-0.600000,-0.094738,-0.710096,0.517634,0.600000,-0.623857,0.710096,-0.492642,-0.894995,0.135131,-0.710096,0.600000,-0.376460,-0.135131,-0.580664,0.600000,0.600000,0.600000,-0.600000,0.600000,-0.600000,-0.600000,0.141093,-0.517634,-0.600000,-0.094738,-0.209082,-0.859044,-0.967879,0.932062,-0.600000,0.492642,0.955630,-0.932062,-0.898727,-0.141093,-0.600000,-0.209082,-0.141093,-0.600000
51,1,0,0,1,stay,0,1,7,1,-0.492642,-0.764264,-0.538816,1.000000,0.600000,0.199319,-0.128259,-0.600000,-0.935772,-0.938718,-0.600000,-0.600000,-0.958111,-0.129383,-0.600000,0.992876,0.600000,0.478903,-0.972531,-0.600000,-0.958111,-0.600000,-0.710096,0.600000,-0.128259,-0.600000,-0.600000,0.600000,0.600000,0.600000,0.710096,-0.600000,-0.089706,-0.710096,0.517634,0.600000,-0.623857,0.710096,-0.492642,-0.900512,0.128259,-0.710096,0.600000,-0.376460,-0.128259,-0.579447,0.600000,0.600000,0.600000,-0.600000,0.600000,-0.600000,-0.600000,0.133965,-0.517634,-0.600000,-0.089706,-0.199319,-0.866167,-0.969697,0.935772,-0.600000,0.492642,0.958111,-0.935772,-0.904069,-0.133965,-0.600000,-0.199319,-0.133965,-0.600000
52,1,0,0,1,stay,0,0,7,1,-0.492642,-0.764264,-0.538816,1.000000,0.600000,0.189902,-0.121686,-0.600000,-0.939292,-0.942088,-0.600000,-0.600000,-0.960459,-0.122762,-0.600000,0.993680,0.600000,0.478903,-0.974093,-0.600000,-0.960459,-0.600000,-0.710096,0.600000,-0.121686,-0.600000,-0.600000,0.600000,0.600000,0.600000,0.710096,-0.600000,-0.084916,-0.710096,0.517634,0.600000,-0.623857,0.710096,-0.492642,-0.905770,0.121686,-0.710096,0.600000,-0.376460,-0.121686,-0.579447,0.600000,0.600000,0.600000,-0.600000,0.600000,-0.600000,-0.600000,0.127143,-0.517634,-0.600000,-0.084916,-0.189902,-0.872983,-0.971415,0.939292,-0.600000,0.492642,0.960459,-0.939292,-0.909158,-0.127143,-0.600000,-0.189902,-0.127143,-0.600000
