tick,food_sensed_N,food_sensed_E,food_sensed_S,food_sensed_W,movement,food_consumed,energy,manhattan_dist,decision_made,conn_0_2,conn_0_5,conn_0_6,conn_0_7,conn_0_8,conn_1_1,conn_1_4,conn_1_5,conn_1_6,conn_1_8,conn_1_10,conn_2_1,conn_2_2,conn_2_3,conn_2_5,conn_2_8,conn_2_9,conn_2_10,conn_3_0,conn_3_1,conn_3_4,conn_3_5,conn_3_8,conn_3_9,conn_4_0,conn_4_2,conn_4_3,conn_4_4,conn_4_5,conn_4_6,conn_4_8,conn_4_9,conn_4_10,conn_5_0,conn_5_1,conn_5_2,conn_5_3,conn_5_4,conn_5_5,conn_5_6,conn_5_9,conn_5_10,conn_6_0,conn_6_2,conn_6_4,conn_6_6,conn_6_8,conn_6_9,conn_6_10,conn_7_0,conn_7_3,conn_7_5,conn_7_8,conn_8_2,conn_8_3,conn_8_5,conn_8_9,conn_9_0,conn_9_1,conn_9_2,conn_9_3,conn_9_4,conn_9_8,conn_9_9,conn_9_10,conn_10_0,conn_10_1,conn_10_2,conn_10_3,conn_10_4,conn_10_5
0,0,0,0,0,stay,0,30,0,0,-0.600000,1.000000,0.600000,-0.600000,-0.600000,0.600000,-0.600000,-0.600000,0.600000,-0.600000,0.600000,0.600000,-0.600000,-0.600000,-0.600000,0.600000,-0.600000,-0.600000,-0.600000,0.600000,0.600000,0.600000,-0.600000,-0.600000,0.600000,-0.600000,-0.600000,-0.600000,-0.600000,-0.600000,-0.600000,-0.600000,-0.600000,0.600000,0.600000,-0.600000,-0.600000,-0.600000,-0.600000,-0.600000,-0.600000,-0.600000,0.600000,0.600000,0.600000,-0.600000,-0.600000,0.600000,-0.600000,-0.600000,-0.600000,-0.600000,-0.600000,-0.600000,0.600000,-0.600000,-0.600000,0.600000,0.600000,0.600000,-0.600000,-0.600000,0.600000,-0.600000,0.600000,-0.600000,-0.600000,-0.600000,0.600000,-0.600000,-0.600000
1,1,0,0,0,stay,0,29,0,1,-0.600000,1.000000,0.600000,-0.600000,-0.605988,0.600000,-0.586737,-0.600000,0.600000,-0.600000,0.600000,0.600000,-0.613131,-0.613131,-0.600000,0.586737,-0.600000,-0.600000,-0.596396,0.600000,0.600000,0.600000,-0.590367,-0.605988,0.600000,-0.600000,-0.613131,-0.590367,-0.613131,-0.600000,-0.600000,-0.600000,-0.600000,0.600000,0.600000,-0.592782,-0.600000,-0.600000,-0.600000,-0.600000,-0.600000,-0.613131,0.600000,0.600000,0.600000,-0.593988,-0.600000,0.600000,-0.600000,-0.600000,-0.600000,-0.600000,-0.600000,-0.613131,0.586737,-0.613131,-0.600000,0.600000,0.600000,0.600000,-0.600000,-0.593988,0.600000,-0.600000,0.600000,-0.600000,-0.613131,-0.600000,0.619054,-0.600000,-0.613131
2,0,0,0,1,N,0,27,1,1,-0.600000,1.000000,0.598800,-0.600000,-0.617867,0.600000,-0.579447,-0.590367,0.598800,-0.600000,0.622581,0.601200,-0.620227,-0.629608,-0.600000,0.579447,-0.600000,-0.601200,-0.601207,0.596396,0.600000,0.600000,-0.583096,-0.617867,0.610755,-0.600000,-0.629608,-0.583096,-0.629608,-0.577009,-0.600000,-0.600000,-0.600000,0.600000,0.600000,-0.597607,-0.600000,-0.600000,-0.600000,-0.600000,-0.600000,-0.628441,0.600000,0.600000,0.600000,-0.581881,-0.587948,0.600000,-0.600000,-0.590367,-0.622581,-0.598800,-0.600000,-0.620227,0.569673,-0.609576,-0.575790,0.600000,0.600000,0.600000,-0.587948,-0.604800,0.600000,-0.600000,0.587948,-0.600000,-0.629608,-0.600000,0.637749,-0.600000,-0.631942
3,0,0,0,1,stay,1,29,1,1,-0.600000,1.000000,0.598800,-0.600000,-0.623756,0.600000,-0.579447,-0.583096,0.598800,-0.600000,0.629608,0.601200,-0.620227,-0.636581,-0.600000,0.579447,-0.600000,-0.601200,-0.607189,0.596396,0.600000,0.600000,-0.583096,-0.623756,0.617867,-0.600000,-0.636581,-0.583096,-0.636581,-0.569673,-0.600000,-0.600000,-0.600000,0.600000,0.600000,-0.603607,-0.600000,-0.600000,-0.600000,-0.600000,-0.600000,-0.635423,0.600000,0.600000,0.600000,-0.575789,-0.580664,0.600000,-0.600000,-0.583096,-0.629608,-0.598800,-0.600000,-0.620227,0.562307,-0.602417,-0.568449,0.600000,0.600000,0.600000,-0.580664,-0.606001,0.600000,-0.600000,0.580664,-0.600000,-0.636581,-0.600000,0.643508,-0.600000,-0.638896
4,0,0,0,1,stay,0,28,1,1,-0.600000,1.000000,0.598800,-0.600000,-0.628441,0.600000,-0.579447,-0.575789,0.598800,-0.600000,0.636581,0.601200,-0.620227,-0.643498,-0.600000,0.579447,-0.600000,-0.601200,-0.611951,0.596396,0.600000,0.600000,-0.583096,-0.628441,0.624929,-0.600000,-0.643498,-0.583096,-0.643498,-0.562307,-0.600000,-0.600000,-0.600000,0.600000,0.600000,-0.608384,-0.600000,-0.600000,-0.600000,-0.600000,-0.600000,-0.642349,0.600000,0.600000,0.600000,-0.570898,-0.573345,0.600000,-0.600000,-0.575789,-0.636581,-0.598800,-0.600000,-0.620227,0.554912,-0.595214,-0.561077,0.600000,0.600000,0.600000,-0.573345,-0.608393,0.600000,-0.600000,0.573345,-0.600000,-0.643498,-0.600000,0.648086,-0.600000,-0.645793
5,0,0,0,1,stay,0,27,1,1,-0.600000,1.000000,0.598800,-0.600000,-0.628441,0.600000,-0.579447,-0.574567,0.598800,-0.600000,0.637738,0.601200,-0.620227,-0.657151,-0.600000,0.579447,-0.600000,-0.601200,-0.610764,0.584311,0.600000,0.600000,-0.581881,-0.628441,0.626101,-0.600000,-0.657151,-0.581881,-0.657151,-0.561076,-0.600000,-0.600000,-0.600000,0.600000,0.600000,-0.608384,-0.600000,-0.600000,-0.600000,-0.600000,-0.600000,-0.656023,0.600000,0.600000,0.600000,-0.570898,-0.559845,0.600000,-0.600000,-0.574567,-0.637738,-0.598800,-0.600000,-0.620227,0.540052,-0.581902,-0.559846,0.600000,0.600000,0.600000,-0.559845,-0.609584,0.600000,-0.600000,0.559845,-0.600000,-0.657151,-0.600000,0.648086,-0.600000,-0.658280
6,0,0,0,1,stay,0,26,1,1,-0.600000,1.000000,0.598800,-0.600000,-0.628441,0.600000,-0.579447,-0.574567,0.598800,-0.600000,0.637738,0.601200,-0.620227,-0.672757,-0.600000,0.579447,-0.600000,-0.601200,-0.606001,0.572122,0.600000,0.600000,-0.577009,-0.628441,0.626101,-0.600000,-0.672757,-0.577009,-0.672757,-0.561076,-0.600000,-0.600000,-0.600000,0.600000,0.600000,-0.608384,-0.600000,-0.600000,-0.600000,-0.600000,-0.600000,-0.671654,0.600000,0.600000,0.600000,-0.570898,-0.547493,0.600000,-0.600000,-0.574567,-0.637738,-0.598800,-0.600000,-0.620227,0.522625,-0.569695,-0.559846,0.600000,0.600000,0.600000,-0.547493,-0.609584,0.600000,-0.600000,0.547493,-0.600000,-0.672757,-0.600000,0.648086,-0.600000,-0.669446
7,0,0,0,1,stay,0,25,1,1,-0.600000,1.000000,0.598800,-0.600000,-0.628441,0.600000,-0.579447,-0.574567,0.598800,-0.600000,0.637738,0.601200,-0.620227,-0.684759,-0.600000,0.579447,-0.600000,-0.601200,-0.606001,0.558612,0.600000,0.600000,-0.577009,-0.628441,0.626101,-0.600000,-0.684759,-0.577009,-0.684759,-0.561076,-0.600000,-0.600000,-0.600000,0.600000,0.600000,-0.608384,-0.600000,-0.600000,-0.600000,-0.600000,-0.600000,-0.683678,0.600000,0.600000,0.600000,-0.570898,-0.533837,0.600000,-0.600000,-0.574567,-0.637738,-0.598800,-0.600000,-0.620227,0.508891,-0.556168,-0.559846,0.600000,0.600000,0.600000,-0.533837,-0.609584,0.600000,-0.600000,0.533837,-0.600000,-0.684759,-0.600000,0.648086,-0.600000,-0.681512
8,1,0,0,0,W,0,23,2,1,-0.600000,1.000000,0.598800,-0.600000,-0.635423,0.600000,-0.564765,-0.574567,0.598800,-0.600000,0.640047,0.601200,-0.634263,-0.697577,-0.600000,0.564765,-0.600000,-0.601200,-0.600020,0.558612,0.600000,0.600000,-0.563536,-0.635423,0.626101,-0.600000,-0.697577,-0.563536,-0.697577,-0.558612,-0.600000,-0.600000,-0.600000,0.600000,0.600000,-0.601218,-0.600000,-0.600000,-0.600000,-0.600000,-0.600000,-0.696520,0.600000,0.600000,0.600000,-0.563536,-0.533837,0.600000,-0.600000,-0.574567,-0.640047,-0.598800,-0.600000,-0.634263,0.493892,-0.570929,-0.557381,0.600000,0.600000,0.600000,-0.533837,-0.604819,0.600000,-0.600000,0.533837,-0.600000,-0.697577,-0.600000,0.668356,-0.600000,-0.694403
9,0,0,1,1,N,0,21,3,1,-0.600000,1.000000,0.598800,-0.600000,-0.643498,0.600000,-0.551205,-0.568448,0.598800,-0.600000,0.657151,0.601200,-0.646934,-0.709064,-0.600000,0.551205,-0.600000,-0.601200,-0.591595,0.551206,0.600000,0.600000,-0.546254,-0.643498,0.631939,-0.600000,-0.709064,-0.546254,-0.709064,-0.540052,-0.600000,-0.600000,-0.600000,0.600000,0.600000,-0.596418,-0.600000,-0.600000,-0.600000,-0.600000,-0.600000,-0.708031,0.600000,0.600000,0.600000,-0.554912,-0.520130,0.600000,-0.600000,-0.568448,-0.657151,-0.598800,-0.600000,-0.646934,0.480151,-0.570937,-0.538811,0.600000,0.600000,0.600000,-0.520130,-0.614349,0.600000,-0.600000,0.520130,-0.600000,-0.709064,-0.600000,0.688021,-0.600000,-0.717262
10,0,0,1,1,stay,1,29,3,1,-0.600000,1.000000,0.598800,-0.600000,-0.644645,0.600000,-0.547493,-0.564765,0.598800,-0.600000,0.658277,0.601200,-0.650355,-0.717255,-0.600000,0.547493,-0.600000,-0.601200,-0.580684,0.547493,0.600000,0.600000,-0.533837,-0.644645,0.635423,-0.600000,-0.717255,-0.533837,-0.717255,-0.538810,-0.600000,-0.600000,-0.600000,0.600000,0.600000,-0.594011,-0.600000,-0.600000,-0.600000,-0.600000,-0.600000,-0.716239,0.600000,0.600000,0.600000,-0.553677,-0.512639,0.600000,-0.600000,-0.564765,-0.658277,-0.598800,-0.600000,-0.650355,0.470175,-0.567261,-0.537569,0.600000,0.600000,0.600000,-0.512639,-0.614349,0.600000,-0.600000,0.512639,-0.600000,-0.717255,-0.600000,0.692302,-0.600000,-0.726312
11,0,0,1,1,stay,0,28,3,1,-0.600000,1.000000,0.598800,-0.600000,-0.644645,0.600000,-0.543775,-0.562307,0.598800,-0.600000,0.658277,0.601200,-0.653761,-0.724306,-0.600000,0.543775,-0.600000,-0.601200,-0.567241,0.542535,0.600000,0.600000,-0.520130,-0.644645,0.637738,-0.600000,-0.724306,-0.520130,-0.724306,-0.538810,-0.600000,-0.600000,-0.600000,0.600000,0.600000,-0.590390,-0.600000,-0.600000,-0.600000,-0.600000,-0.600000,-0.723306,0.600000,0.600000,0.600000,-0.553677,-0.505142,0.600000,-0.600000,-0.562307,-0.658277,-0.598800,-0.600000,-0.653761,0.461465,-0.563577,-0.537569,0.600000,0.600000,0.600000,-0.505142,-0.614349,0.600000,-0.600000,0.505142,-0.600000,-0.724306,-0.600000,0.695491,-0.600000,-0.735180
12,0,0,1,1,stay,0,27,3,1,-0.600000,1.000000,0.598800,-0.600000,-0.646934,0.600000,-0.536324,-0.562307,0.598800,-0.600000,0.660525,0.601200,-0.660525,-0.731248,-0.600000,0.536324,-0.600000,-0.601200,-0.559865,0.535082,0.600000,0.600000,-0.510140,-0.646934,0.637738,-0.600000,-0.731248,-0.510140,-0.731248,-0.536324,-0.600000,-0.600000,-0.600000,0.600000,0.600000,-0.585549,-0.600000,-0.600000,-0.600000,-0.600000,-0.600000,-0.730263,0.600000,0.600000,0.600000,-0.551205,-0.497642,0.600000,-0.600000,-0.562307,-0.660525,-0.598800,-0.600000,-0.660525,0.452778,-0.563579,-0.535082,0.600000,0.600000,0.600000,-0.497642,-0.614351,0.600000,-0.600000,0.497642,-0.600000,-0.731248,-0.600000,0.703903,-0.600000,-0.746716
13,1,1,0,0,N,0,25,4,1,-0.598800,1.000000,0.593988,-0.600000,-0.654892,0.600000,-0.518882,-0.562307,0.593988,-0.600000,0.660525,0.605988,-0.676053,-0.743843,-0.600000,0.518882,-0.600000,-0.605988,-0.559869,0.528858,0.600000,0.600000,-0.501392,-0.654892,0.642349,-0.600000,-0.743843,-0.501392,-0.743843,-0.536324,-0.600000,-0.600000,-0.600000,0.598800,0.600000,-0.577034,-0.600000,-0.600000,-0.600000,-0.600000,-0.600000,-0.739045,0.600000,0.592782,0.600000,-0.542534,-0.497642,0.601200,-0.600000,-0.563537,-0.660525,-0.593988,-0.600000,-0.676053,0.436723,-0.577062,-0.530104,0.600000,0.600000,0.600000,-0.496392,-0.606031,0.600000,-0.600000,0.496392,-0.600000,-0.743843,-0.600000,0.725347,-0.600000,-0.760654
14,1,1,0,1,N,0,23,5,1,-0.598800,1.000000,0.587948,-0.600000,-0.669443,0.600000,-0.491393,-0.561076,0.587948,-0.600000,0.679333,0.611944,-0.699685,-0.759721,-0.600000,0.491393,-0.600000,-0.611944,-0.567253,0.517636,0.600000,0.600000,-0.492642,-0.669443,0.649216,-0.600000,-0.759721,-0.492642,-0.759721,-0.515137,-0.600000,-0.600000,-0.600000,0.598800,0.600000,-0.566019,-0.600000,-0.600000,-0.600000,-0.600000,-0.600000,-0.750463,0.600000,0.585524,0.600000,-0.526366,-0.491393,0.601200,-0.600000,-0.562307,-0.679333,-0.587948,-0.600000,-0.699685,0.415930,-0.596467,-0.502644,0.600000,0.600000,0.600000,-0.490143,-0.610802,0.600000,-0.600000,0.490143,-0.600000,-0.759721,-0.600000,0.758874,-0.600000,-0.784405
15,1,1,1,0,N,0,21,6,1,-0.598800,1.000000,0.586737,-0.600000,-0.678242,0.600000,-0.475161,-0.561076,0.586737,-0.600000,0.684759,0.613131,-0.713177,-0.771400,-0.600000,0.475161,-0.600000,-0.613131,-0.561108,0.516387,0.600000,0.600000,-0.476408,-0.678242,0.650355,-0.600000,-0.771400,-0.476408,-0.771400,-0.508891,-0.600000,-0.600000,-0.600000,0.598800,0.600000,-0.559870,-0.600000,-0.600000,-0.600000,-0.600000,-0.600000,-0.761544,0.600000,0.578228,0.600000,-0.516385,-0.491393,0.601200,-0.600000,-0.562307,-0.684759,-0.586737,-0.600000,-0.713177,0.400224,-0.606063,-0.495145,0.600000,0.600000,0.600000,-0.490143,-0.607237,0.600000,-0.600000,0.490143,-0.600000,-0.771400,-0.600000,0.777605,-0.600000,-0.795209
16,0,0,1,0,N,0,19,7,1,-0.598800,1.000000,0.586737,-0.600000,-0.679333,0.600000,-0.472667,-0.561076,0.586737,-0.600000,0.685838,0.613131,-0.715220,-0.790243,-0.600000,0.472667,-0.600000,-0.613131,-0.535114,0.516387,0.600000,0.600000,-0.449063,-0.679333,0.650355,-0.600000,-0.790243,-0.449063,-0.790243,-0.507641,-0.600000,-0.600000,-0.600000,0.598800,0.600000,-0.558638,-0.600000,-0.600000,-0.600000,-0.600000,-0.600000,-0.780967,0.600000,0.577009,0.600000,-0.515137,-0.491393,0.601200,-0.600000,-0.562307,-0.685838,-0.586737,-0.600000,-0.715220,0.374117,-0.607257,-0.493895,0.600000,0.600000,0.600000,-0.490143,-0.607238,0.600000,-0.600000,0.490143,-0.600000,-0.790243,-0.600000,0.780194,-0.600000,-0.796835
17,1,0,1,0,N,0,17,8,1,-0.598800,1.000000,0.586737,-0.600000,-0.685838,0.600000,-0.457739,-0.561076,0.586737,-0.600000,0.685838,0.613131,-0.727295,-0.800829,-0.600000,0.457739,-0.600000,-0.613131,-0.526398,0.516387,0.600000,0.600000,-0.433035,-0.685838,0.650355,-0.600000,-0.800829,-0.433035,-0.800829,-0.507641,-0.600000,-0.600000,-0.600000,0.598800,0.600000,-0.551230,-0.600000,-0.600000,-0.600000,-0.600000,-0.600000,-0.791898,0.600000,0.577009,0.600000,-0.507641,-0.491393,0.601200,-0.600000,-0.562307,-0.685838,-0.586737,-0.600000,-0.727295,0.359016,-0.621479,-0.493895,0.600000,0.600000,0.600000,-0.490143,-0.600064,0.600000,-0.600000,0.490143,-0.600000,-0.800829,-0.600000,0.795274,-0.600000,-0.806390
18,0,0,0,1,N,0,15,9,1,-0.598800,1.000000,0.586737,-0.600000,-0.692272,0.600000,-0.456497,-0.553677,0.586737,-0.600000,0.699685,0.613131,-0.728287,-0.807142,-0.600000,0.456497,-0.600000,-0.613131,-0.531383,0.513890,0.600000,0.600000,-0.430581,-0.692272,0.657151,-0.600000,-0.807142,-0.430581,-0.807142,-0.491393,-0.600000,-0.600000,-0.600000,0.598800,0.600000,-0.557409,-0.600000,-0.600000,-0.600000,-0.600000,-0.600000,-0.798422,0.600000,0.577009,0.600000,-0.500142,-0.481400,0.601200,-0.600000,-0.554913,-0.699685,-0.586737,-0.600000,-0.728287,0.349857,-0.613217,-0.477658,0.600000,0.600000,0.600000,-0.480151,-0.608439,0.600000,-0.600000,0.480151,-0.600000,-0.807142,-0.600000,0.800922,-0.600000,-0.813330
19,0,0,0,1,stay,1,29,9,1,-0.598800,1.000000,0.586737,-0.600000,-0.695461,0.600000,-0.456497,-0.548731,0.586737,-0.600000,0.709064,0.613131,-0.728287,-0.814818,-0.600000,0.456497,-0.600000,-0.613131,-0.532629,0.501394,0.600000,0.600000,-0.428130,-0.695461,0.661646,-0.600000,-0.814818,-0.428130,-0.814818,-0.480151,-0.600000,-0.600000,-0.600000,0.598800,0.600000,-0.561107,-0.600000,-0.600000,-0.600000,-0.600000,-0.600000,-0.806362,0.600000,0.577009,0.600000,-0.496392,-0.463951,0.601200,-0.600000,-0.549969,-0.709064,-0.586737,-0.600000,-0.728287,0.338562,-0.596498,-0.466442,0.600000,0.600000,0.600000,-0.462708,-0.615570,0.600000,-0.600000,0.462708,-0.600000,-0.814818,-0.600000,0.803306,-0.600000,-0.823741
20,0,0,1,0,S,0,27,8,1,-0.598800,1.000000,0.586737,-0.600000,-0.695461,0.600000,-0.456497,-0.548731,0.586737,-0.600000,0.709064,0.613131,-0.728287,-0.830165,-0.600000,0.456497,-0.600000,-0.613131,-0.506427,0.501394,0.600000,0.600000,-0.402628,-0.695461,0.661646,-0.600000,-0.830165,-0.402628,-0.830165,-0.480151,-0.600000,-0.600000,-0.600000,0.598800,0.600000,-0.561107,-0.600000,-0.600000,-0.600000,-0.600000,-0.600000,-0.822256,0.600000,0.577009,0.600000,-0.496392,-0.463951,0.601200,-0.600000,-0.549969,-0.709064,-0.586737,-0.600000,-0.728287,0.315442,-0.596498,-0.466442,0.600000,0.600000,0.600000,-0.462708,-0.615570,0.600000,-0.600000,0.462708,-0.600000,-0.830165,-0.600000,0.803306,-0.600000,-0.823741
21,0,0,1,0,stay,0,26,8,1,-0.598800,1.000000,0.586737,-0.600000,-0.695461,0.600000,-0.456497,-0.548731,0.586737,-0.600000,0.709064,0.613131,-0.728287,-0.845140,-0.600000,0.456497,-0.600000,-0.613131,-0.478939,0.501394,0.600000,0.600000,-0.376463,-0.695461,0.661646,-0.600000,-0.845140,-0.376463,-0.845140,-0.480151,-0.600000,-0.600000,-0.600000,0.598800,0.600000,-0.561107,-0.600000,-0.600000,-0.600000,-0.600000,-0.600000,-0.837791,0.600000,0.577009,0.600000,-0.496392,-0.463951,0.601200,-0.600000,-0.549969,-0.709064,-0.586737,-0.600000,-0.728287,0.292162,-0.596498,-0.466442,0.600000,0.600000,0.600000,-0.462708,-0.615570,0.600000,-0.600000,0.462708,-0.600000,-0.845140,-0.600000,0.803306,-0.600000,-0.823741
22,1,0,0,1,W,0,24,9,1,-0.598800,1.000000,0.586737,-0.600000,-0.698632,0.600000,-0.442884,-0.548731,0.586737,-0.600000,0.710096,0.613131,-0.739045,-0.852215,-0.600000,0.442884,-0.600000,-0.613131,-0.472703,0.496394,0.600000,0.600000,-0.367115,-0.698632,0.661646,-0.600000,-0.852215,-0.367115,-0.852215,-0.478903,-0.600000,-0.600000,-0.600000,0.598800,0.600000,-0.551237,-0.600000,-0.600000,-0.600000,-0.600000,-0.600000,-0.845140,0.600000,0.577009,0.600000,-0.492642,-0.458980,0.601200,-0.600000,-0.549969,-0.710096,-0.586737,-0.600000,-0.739045,0.280907,-0.604897,-0.465198,0.600000,0.600000,0.600000,-0.457739,-0.613204,0.600000,-0.600000,0.457739,-0.600000,-0.852215,-0.600000,0.814156,-0.600000,-0.834394
23,0,0,0,0,N,0,22,10,1,-0.598800,1.000000,0.586737,-0.600000,-0.698632,0.600000,-0.441650,-0.548731,0.586737,-0.600000,0.711125,0.613131,-0.740009,-0.865562,-0.600000,0.441650,-0.600000,-0.613131,-0.446625,0.495144,0.600000,0.600000,-0.343059,-0.698632,0.661646,-0.600000,-0.865562,-0.343059,-0.865562,-0.477656,-0.600000,-0.600000,-0.600000,0.598800,0.600000,-0.550000,-0.600000,-0.600000,-0.600000,-0.600000,-0.600000,-0.859020,0.600000,0.577009,0.600000,-0.492642,-0.457738,0.601200,-0.600000,-0.549969,-0.711125,-0.586737,-0.600000,-0.740009,0.259208,-0.604897,-0.463954,0.600000,0.600000,0.600000,-0.456497,-0.614390,0.600000,-0.600000,0.456497,-0.600000,-0.865562,-0.600000,0.814912,-0.600000,-0.835776
24,0,0,1,1,N,0,20,11,1,-0.598800,1.000000,0.586737,-0.600000,-0.699685,0.600000,-0.439185,-0.547493,0.586737,-0.600000,0.718269,0.613131,-0.741931,-0.870157,-0.600000,0.439185,-0.600000,-0.613131,-0.436758,0.477657,0.600000,0.600000,-0.332982,-0.699685,0.662766,-0.600000,-0.870157,-0.332982,-0.870157,-0.468930,-0.600000,-0.600000,-0.600000,0.598800,0.600000,-0.548763,-0.600000,-0.600000,-0.600000,-0.600000,-0.600000,-0.863804,0.600000,0.577009,0.600000,-0.491393,-0.439185,0.601200,-0.600000,-0.548731,-0.718269,-0.586737,-0.600000,-0.741931,0.251592,-0.589270,-0.455259,0.600000,0.600000,0.600000,-0.437954,-0.621478,0.600000,-0.600000,0.437954,-0.600000,-0.870157,-0.600000,0.817168,-0.600000,-0.847133
25,0,0,1,1,stay,0,19,11,1,-0.598800,1.000000,0.586737,-0.600000,-0.700735,0.600000,-0.436723,-0.546254,0.586737,-0.600000,0.721298,0.613131,-0.743843,-0.874618,-0.600000,0.436723,-0.600000,-0.613131,-0.426941,0.465197,0.600000,0.600000,-0.323055,-0.700735,0.663883,-0.600000,-0.874618,-0.323055,-0.874618,-0.465195,-0.600000,-0.600000,-0.600000,0.598800,0.600000,-0.547525,-0.600000,-0.600000,-0.600000,-0.600000,-0.600000,-0.868450,0.600000,0.577009,0.600000,-0.490143,-0.425683,0.601200,-0.600000,-0.547493,-0.721298,-0.586737,-0.600000,-0.743843,0.244126,-0.578342,-0.451541,0.600000,0.600000,0.600000,-0.424460,-0.623830,0.600000,-0.600000,0.424460,-0.600000,-0.874618,-0.600000,0.819402,-0.600000,-0.855378
26,0,1,0,0,N,0,17,12,1,-0.596396,1.000000,0.586737,-0.600000,-0.700735,0.600000,-0.436723,-0.546254,0.586737,-0.600000,0.721298,0.613131,-0.743843,-0.882109,-0.600000,0.436723,-0.600000,-0.613131,-0.415965,0.463953,0.600000,0.600000,-0.313285,-0.700735,0.663883,-0.600000,-0.882109,-0.313285,-0.882109,-0.465195,-0.600000,-0.600000,-0.600000,0.596396,0.600000,-0.547525,-0.600000,-0.600000,-0.600000,-0.600000,-0.600000,-0.876257,0.600000,0.569673,0.600000,-0.490143,-0.426904,0.603596,-0.600000,-0.549970,-0.721298,-0.586737,-0.600000,-0.743843,0.231425,-0.569787,-0.451541,0.600000,0.600000,0.600000,-0.423239,-0.623830,0.600000,-0.600000,0.423239,-0.600000,-0.882109,-0.600000,0.819402,-0.600000,-0.855997
27,0,0,1,1,S,0,15,11,1,-0.596396,1.000000,0.586737,-0.600000,-0.700735,0.600000,-0.436723,-0.545015,0.586737,-0.600000,0.726301,0.613131,-0.743843,-0.884689,-0.600000,0.436723,-0.600000,-0.613131,-0.409902,0.454019,0.600000,0.600000,-0.307927,-0.700735,0.664999,-0.600000,-0.884689,-0.307927,-0.884689,-0.458980,-0.600000,-0.600000,-0.600000,0.596396,0.600000,-0.547525,-0.600000,-0.600000,-0.600000,-0.600000,-0.600000,-0.878947,0.600000,0.569673,0.600000,-0.490143,-0.415928,0.603596,-0.600000,-0.548733,-0.726301,-0.586737,-0.600000,-0.743843,0.227002,-0.558727,-0.445356,0.600000,0.600000,0.600000,-0.412289,-0.629682,0.600000,-0.600000,0.412289,-0.600000,-0.884689,-0.600000,0.819402,-0.600000,-0.861465
28,0,0,1,1,stay,0,14,11,1,-0.596396,1.000000,0.586737,-0.600000,-0.702830,0.600000,-0.434264,-0.545015,0.586737,-0.600000,0.737110,0.613131,-0.745746,-0.887720,-0.600000,0.434264,-0.600000,-0.613131,-0.403866,0.434266,0.600000,0.600000,-0.300511,-0.702830,0.664999,-0.600000,-0.887720,-0.300511,-0.887720,-0.445354,-0.600000,-0.600000,-0.600000,0.596396,0.600000,-0.547526,-0.600000,-0.600000,-0.600000,-0.600000,-0.600000,-0.882109,0.600000,0.569673,0.600000,-0.487644,-0.396625,0.603596,-0.600000,-0.548733,-0.737110,-0.586737,-0.600000,-0.745746,0.221774,-0.541409,-0.431810,0.600000,0.600000,0.600000,-0.393041,-0.640123,0.600000,-0.600000,0.393041,-0.600000,-0.887720,-0.600000,0.822347,-0.600000,-0.871881
29,0,0,0,0,W,0,12,12,1,-0.596396,1.000000,0.586737,-0.600000,-0.708031,0.600000,-0.434264,-0.536324,0.586737,-0.600000,0.748584,0.613131,-0.745746,-0.891168,-0.600000,0.434264,-0.600000,-0.613131,-0.408687,0.441648,0.600000,0.600000,-0.299460,-0.708031,0.672757,-0.600000,-0.891168,-0.299460,-0.891168,-0.430581,-0.600000,-0.600000,-0.600000,0.596396,0.600000,-0.553714,-0.600000,-0.600000,-0.600000,-0.600000,-0.600000,-0.885707,0.600000,0.569673,0.600000,-0.481400,-0.395428,0.603596,-0.600000,-0.540054,-0.748584,-0.586737,-0.600000,-0.745746,0.215784,-0.540168,-0.417148,0.600000,0.600000,0.600000,-0.391848,-0.648151,0.600000,-0.600000,0.391848,-0.600000,-0.891168,-0.600000,0.825976,-0.600000,-0.872440
30,0,0,0,0,stay,1,29,12,1,-0.596396,1.000000,0.586737,-0.600000,-0.710096,0.600000,-0.434264,-0.533837,0.586737,-0.600000,0.750463,0.613131,-0.745746,-0.900062,-0.600000,0.434264,-0.600000,-0.613131,-0.391874,0.444114,0.600000,0.600000,-0.282934,-0.710096,0.674957,-0.600000,-0.900062,-0.282934,-0.900062,-0.428130,-0.600000,-0.600000,-0.600000,0.596396,0.600000,-0.556184,-0.600000,-0.600000,-0.600000,-0.600000,-0.600000,-0.894995,0.600000,0.569673,0.600000,-0.478903,-0.395428,0.603596,-0.600000,-0.537569,-0.750463,-0.586737,-0.600000,-0.745746,0.200120,-0.540168,-0.414718,0.600000,0.600000,0.600000,-0.391848,-0.648155,0.600000,-0.600000,0.391848,-0.600000,-0.900062,-0.600000,0.827411,-0.600000,-0.872440
31,0,0,1,0,E,0,27,11,1,-0.596396,1.000000,0.586737,-0.600000,-0.710096,0.600000,-0.434264,-0.533837,0.586737,-0.600000,0.750463,0.613131,-0.745746,-0.909549,-0.600000,0.434264,-0.600000,-0.613131,-0.365979,0.444114,0.600000,0.600000,-0.261135,-0.710096,0.674957,-0.600000,-0.909549,-0.261135,-0.909549,-0.428130,-0.600000,-0.600000,-0.600000,0.596396,0.600000,-0.556184,-0.600000,-0.600000,-0.600000,-0.600000,-0.600000,-0.904912,0.600000,0.569673,0.600000,-0.478903,-0.395428,0.603596,-0.600000,-0.537569,-0.750463,-0.586737,-0.600000,-0.745746,0.183065,-0.540168,-0.414718,0.600000,0.600000,0.600000,-0.391848,-0.648155,0.600000,-0.600000,0.391848,-0.600000,-0.909549,-0.600000,0.827411,-0.600000,-0.872440
32,1,0,0,0,E,0,25,10,1,-0.596396,1.000000,0.586737,-0.600000,-0.715220,0.600000,-0.420799,-0.533837,0.586737,-0.600000,0.750463,0.613131,-0.756046,-0.914375,-0.600000,0.420799,-0.600000,-0.613131,-0.359041,0.444114,0.600000,0.600000,-0.250650,-0.715220,0.674957,-0.600000,-0.914375,-0.250650,-0.914375,-0.428130,-0.600000,-0.600000,-0.600000,0.596396,0.600000,-0.548769,-0.600000,-0.600000,-0.600000,-0.600000,-0.600000,-0.909960,0.600000,0.569673,0.600000,-0.472667,-0.395428,0.603596,-0.600000,-0.537569,-0.750463,-0.586737,-0.600000,-0.756046,0.174248,-0.553799,-0.414718,0.600000,0.600000,0.600000,-0.391848,-0.642437,0.600000,-0.600000,0.391848,-0.600000,-0.914375,-0.600000,0.838567,-0.600000,-0.878447
33,0,0,0,0,N,0,23,11,1,-0.596396,1.000000,0.586737,-0.600000,-0.721298,0.600000,-0.419580,-0.527612,0.586737,-0.600000,0.759721,0.613131,-0.756968,-0.917082,-0.600000,0.419580,-0.600000,-0.613131,-0.362495,0.449055,0.600000,0.600000,-0.247840,-0.721298,0.680422,-0.600000,-0.917082,-0.247840,-0.917082,-0.415930,-0.600000,-0.600000,-0.600000,0.596396,0.600000,-0.554954,-0.600000,-0.600000,-0.600000,-0.600000,-0.600000,-0.912793,0.600000,0.569673,0.600000,-0.465195,-0.394233,0.603596,-0.600000,-0.531350,-0.759721,-0.586737,-0.600000,-0.756968,0.169261,-0.553799,-0.402630,0.600000,0.600000,0.600000,-0.390656,-0.647023,0.600000,-0.600000,0.390656,-0.600000,-0.917082,-0.600000,0.843257,-0.600000,-0.879513
34,0,0,0,0,stay,1,29,11,1,-0.596396,1.000000,0.586737,-0.600000,-0.722303,0.600000,-0.419580,-0.525119,0.586737,-0.600000,0.761544,0.613131,-0.756968,-0.924039,-0.600000,0.419580,-0.600000,-0.613131,-0.345334,0.451530,0.600000,0.600000,-0.233211,-0.722303,0.682594,-0.600000,-0.924039,-0.233211,-0.924039,-0.413502,-0.600000,-0.600000,-0.600000,0.596396,0.600000,-0.556189,-0.600000,-0.600000,-0.600000,-0.600000,-0.600000,-0.920079,0.600000,0.569673,0.600000,-0.463951,-0.394233,0.603596,-0.600000,-0.528860,-0.761544,-0.586737,-0.600000,-0.756968,0.156299,-0.553799,-0.400226,0.600000,0.600000,0.600000,-0.390656,-0.648166,0.600000,-0.600000,0.390656,-0.600000,-0.924039,-0.600000,0.843918,-0.600000,-0.879513
35,0,0,0,0,S,0,27,10,1,-0.596396,1.000000,0.586737,-0.600000,-0.722303,0.600000,-0.419580,-0.525119,0.586737,-0.600000,0.761544,0.613131,-0.756968,-0.931424,-0.600000,0.419580,-0.600000,-0.613131,-0.320885,0.451530,0.600000,0.600000,-0.214094,-0.722303,0.682594,-0.600000,-0.931424,-0.214094,-0.931424,-0.413502,-0.600000,-0.600000,-0.600000,0.596396,0.600000,-0.556189,-0.600000,-0.600000,-0.600000,-0.600000,-0.600000,-0.927819,0.600000,0.569673,0.600000,-0.463951,-0.394233,0.603596,-0.600000,-0.528860,-0.761544,-0.586737,-0.600000,-0.756968,0.142311,-0.553799,-0.400226,0.600000,0.600000,0.600000,-0.390656,-0.648166,0.600000,-0.600000,0.390656,-0.600000,-0.931424,-0.600000,0.843918,-0.600000,-0.879513
36,0,0,1,0,W,0,25,11,1,-0.596396,1.000000,0.586737,-0.600000,-0.722303,0.600000,-0.419580,-0.525119,0.586737,-0.600000,0.761544,0.613131,-0.756968,-0.938139,-0.600000,0.419580,-0.600000,-0.613131,-0.297379,0.451530,0.600000,0.600000,-0.196142,-0.722303,0.682594,-0.600000,-0.938139,-0.196142,-0.938139,-0.413502,-0.600000,-0.600000,-0.600000,0.596396,0.600000,-0.556189,-0.600000,-0.600000,-0.600000,-0.600000,-0.600000,-0.934862,0.600000,0.569673,0.600000,-0.463951,-0.394233,0.603596,-0.600000,-0.528860,-0.761544,-0.586737,-0.600000,-0.756968,0.129383,-0.553799,-0.400226,0.600000,0.600000,0.600000,-0.390656,-0.648166,0.600000,-0.600000,0.390656,-0.600000,-0.938139,-0.600000,0.843918,-0.600000,-0.879513
37,0,0,1,0,stay,0,24,11,1,-0.596396,1.000000,0.586737,-0.600000,-0.722303,0.600000,-0.419580,-0.525119,0.586737,-0.600000,0.761544,0.613131,-0.756968,-0.944237,-0.600000,0.419580,-0.600000,-0.613131,-0.274895,0.451530,0.600000,0.600000,-0.179350,-0.722303,0.682594,-0.600000,-0.944237,-0.179350,-0.944237,-0.413502,-0.600000,-0.600000,-0.600000,0.596396,0.600000,-0.556189,-0.600000,-0.600000,-0.600000,-0.600000,-0.600000,-0.941262,0.600000,0.569673,0.600000,-0.463951,-0.394233,0.603596,-0.600000,-0.528860,-0.761544,-0.586737,-0.600000,-0.756968,0.117468,-0.553799,-0.400226,0.600000,0.600000,0.600000,-0.390656,-0.648166,0.600000,-0.600000,0.390656,-0.600000,-0.944237,-0.600000,0.843918,-0.600000,-0.879513
38,0,0,0,0,W,0,22,12,1,-0.596396,1.000000,0.586737,-0.600000,-0.722303,0.600000,-0.419580,-0.525119,0.586737,-0.600000,0.761544,0.613131,-0.756968,-0.949765,-0.600000,0.419580,-0.600000,-0.613131,-0.253495,0.451530,0.600000,0.600000,-0.163702,-0.722303,0.682594,-0.600000,-0.949765,-0.163702,-0.949765,-0.413502,-0.600000,-0.600000,-0.600000,0.596396,0.600000,-0.556189,-0.600000,-0.600000,-0.600000,-0.600000,-0.600000,-0.947069,0.600000,0.569673,0.600000,-0.463951,-0.394233,0.603596,-0.600000,-0.528860,-0.761544,-0.586737,-0.600000,-0.756968,0.106515,-0.553799,-0.400226,0.600000,0.600000,0.600000,-0.390656,-0.648166,0.600000,-0.600000,0.390656,-0.600000,-0.949765,-0.600000,0.843918,-0.600000,-0.879513
39,0,1,1,0,S,0,20,11,1,-0.596396,1.000000,0.586737,-0.600000,-0.722303,0.600000,-0.419580,-0.525119,0.586737,-0.600000,0.761544,0.613131,-0.756968,-0.954772,-0.600000,0.419580,-0.600000,-0.613131,-0.233223,0.451530,0.600000,0.600000,-0.149170,-0.722303,0.682594,-0.600000,-0.954772,-0.149170,-0.954772,-0.413502,-0.600000,-0.600000,-0.600000,0.596396,0.600000,-0.556189,-0.600000,-0.600000,-0.600000,-0.600000,-0.600000,-0.952331,0.600000,0.568448,0.600000,-0.463951,-0.394233,0.603596,-0.600000,-0.528860,-0.761544,-0.586737,-0.600000,-0.756968,0.096471,-0.552564,-0.400226,0.600000,0.600000,0.600000,-0.390656,-0.648166,0.600000,-0.600000,0.390656,-0.600000,-0.954772,-0.600000,0.843918,-0.600000,-0.879513
40,0,0,0,0,S,0,18,10,1,-0.596396,1.000000,0.586737,-0.600000,-0.722303,0.600000,-0.419580,-0.525119,0.586737,-0.600000,0.761544,0.613131,-0.756968,-0.959301,-0.600000,0.419580,-0.600000,-0.613131,-0.214106,0.451530,0.600000,0.600000,-0.135718,-0.722303,0.682594,-0.600000,-0.959301,-0.135718,-0.959301,-0.413502,-0.600000,-0.600000,-0.600000,0.596396,0.600000,-0.556189,-0.600000,-0.600000,-0.600000,-0.600000,-0.600000,-0.957094,0.600000,0.568448,0.600000,-0.463951,-0.394233,0.603596,-0.600000,-0.528860,-0.761544,-0.586737,-0.600000,-0.756968,0.087281,-0.552564,-0.400226,0.600000,0.600000,0.600000,-0.390656,-0.648166,0.600000,-0.600000,0.390656,-0.600000,-0.959301,-0.600000,0.843918,-0.600000,-0.879513
41,0,1,1,0,N,0,16,11,1,-0.596396,1.000000,0.586737,-0.600000,-0.722303,0.600000,-0.419580,-0.523872,0.586737,-0.600000,0.761544,0.613131,-0.756968,-0.961585,-0.600000,0.419580,-0.600000,-0.613131,-0.203356,0.451530,0.600000,0.600000,-0.128259,-0.722303,0.683678,-0.600000,-0.961585,-0.128259,-0.961585,-0.413502,-0.600000,-0.600000,-0.600000,0.596396,0.600000,-0.556189,-0.600000,-0.600000,-0.600000,-0.600000,-0.600000,-0.959496,0.600000,0.565994,0.600000,-0.463951,-0.393039,0.603596,-0.600000,-0.527614,-0.761544,-0.586737,-0.600000,-0.756968,0.082609,-0.548854,-0.400226,0.600000,0.600000,0.600000,-0.389466,-0.648166,0.600000,-0.600000,0.389466,-0.600000,-0.961585,-0.600000,0.843918,-0.600000,-0.880043
42,0,1,1,0,stay,0,15,11,1,-0.596396,1.000000,0.586737,-0.600000,-0.726301,0.600000,-0.409867,-0.521378,0.586737,-0.600000,0.762452,0.613131,-0.764261,-0.963217,-0.600000,0.409867,-0.600000,-0.613131,-0.196944,0.450292,0.600000,0.600000,-0.121686,-0.726301,0.685838,-0.600000,-0.963217,-0.121686,-0.963217,-0.412289,-0.600000,-0.600000,-0.600000,0.596396,0.600000,-0.551249,-0.600000,-0.600000,-0.600000,-0.600000,-0.600000,-0.961213,0.600000,0.557380,0.600000,-0.458980,-0.389464,0.603596,-0.600000,-0.525121,-0.762452,-0.586737,-0.600000,-0.764261,0.079255,-0.546383,-0.399026,0.600000,0.600000,0.600000,-0.385903,-0.644742,0.600000,-0.600000,0.385903,-0.600000,-0.963217,-0.600000,0.851679,-0.600000,-0.885740
43,0,0,0,0,N,0,13,12,1,-0.596396,1.000000,0.585524,-0.600000,-0.727295,0.600000,-0.407449,-0.521378,0.585524,-0.600000,0.762452,0.614317,-0.766060,-0.966770,-0.600000,0.407449,-0.600000,-0.614317,-0.181580,0.449054,0.600000,0.600000,-0.110883,-0.727295,0.686916,-0.600000,-0.966770,-0.110883,-0.966770,-0.412289,-0.600000,-0.600000,-0.600000,0.596396,0.600000,-0.550012,-0.600000,-0.600000,-0.600000,-0.600000,-0.600000,-0.964782,0.600000,0.557380,0.600000,-0.457739,-0.389464,0.603596,-0.600000,-0.525121,-0.762452,-0.585524,-0.600000,-0.766060,0.071909,-0.550099,-0.397827,0.600000,0.600000,0.600000,-0.385903,-0.643597,0.600000,-0.600000,0.385903,-0.600000,-0.966770,-0.600000,0.853569,-0.600000,-0.886750
44,0,1,1,0,S,0,11,11,1,-0.596396,1.000000,0.585524,-0.600000,-0.727295,0.600000,-0.407449,-0.520130,0.585524,-0.600000,0.762452,0.614317,-0.766060,-0.968800,-0.600000,0.407449,-0.600000,-0.614317,-0.171392,0.449054,0.600000,0.600000,-0.104154,-0.727295,0.687991,-0.600000,-0.968800,-0.104154,-0.968800,-0.412289,-0.600000,-0.600000,-0.600000,0.596396,0.600000,-0.550012,-0.600000,-0.600000,-0.600000,-0.600000,-0.600000,-0.966930,0.600000,0.554912,0.600000,-0.457739,-0.388275,0.603596,-0.600000,-0.523874,-0.762452,-0.585524,-0.600000,-0.766060,0.067681,-0.546385,-0.397827,0.600000,0.600000,0.600000,-0.384718,-0.643597,0.600000,-0.600000,0.384718,-0.600000,-0.968800,-0.600000,0.853569,-0.600000,-0.887252
45,0,1,1,0,stay,0,10,11,1,-0.596396,1.000000,0.584311,-0.600000,-0.733211,0.600000,-0.397824,-0.518882,0.584311,-0.600000,0.765161,0.615502,-0.773161,-0.970135,-0.600000,0.397824,-0.600000,-0.615502,-0.167863,0.444110,0.600000,0.600000,-0.099123,-0.733211,0.690136,-0.600000,-0.970135,-0.099123,-0.970135,-0.408658,-0.600000,-0.600000,-0.600000,0.596396,0.600000,-0.547538,-0.600000,-0.600000,-0.600000,-0.600000,-0.600000,-0.968189,0.600000,0.547493,0.600000,-0.450300,-0.383533,0.603596,-0.600000,-0.522627,-0.765161,-0.584311,-0.600000,-0.773161,0.064890,-0.545150,-0.393043,0.600000,0.600000,0.600000,-0.379992,-0.640155,0.600000,-0.600000,0.379992,-0.600000,-0.970135,-0.600000,0.862125,-0.600000,-0.893129
46,0,0,0,0,N,0,8,12,1,-0.596396,1.000000,0.583096,-0.600000,-0.734189,0.600000,-0.395430,-0.518882,0.583096,-0.600000,0.765161,0.616685,-0.774913,-0.973038,-0.600000,0.395430,-0.600000,-0.616685,-0.154985,0.442875,0.600000,0.600000,-0.090528,-0.734189,0.691205,-0.600000,-0.973038,-0.090528,-0.973038,-0.408658,-0.600000,-0.600000,-0.600000,0.596396,0.600000,-0.546299,-0.600000,-0.600000,-0.600000,-0.600000,-0.600000,-0.971135,0.600000,0.547493,0.600000,-0.449063,-0.383533,0.603596,-0.600000,-0.522627,-0.765161,-0.583096,-0.600000,-0.774913,0.058790,-0.548868,-0.391850,0.600000,0.600000,0.600000,-0.379992,-0.639003,0.600000,-0.600000,0.379992,-0.600000,-0.973038,-0.600000,0.863904,-0.600000,-0.894082
47,0,0,0,0,stay,0,7,12,1,-0.596396,1.000000,0.583096,-0.600000,-0.734189,0.600000,-0.395430,-0.518882,0.583096,-0.600000,0.765161,0.616685,-0.774913,-0.975785,-0.600000,0.395430,-0.600000,-0.616685,-0.141095,0.442875,0.600000,0.600000,-0.081853,-0.734189,0.691205,-0.600000,-0.975785,-0.081853,-0.975785,-0.408658,-0.600000,-0.600000,-0.600000,0.596396,0.600000,-0.546299,-0.600000,-0.600000,-0.600000,-0.600000,-0.600000,-0.974070,0.600000,0.547493,0.600000,-0.449063,-0.383533,0.603596,-0.600000,-0.522627,-0.765161,-0.583096,-0.600000,-0.774913,0.052978,-0.548868,-0.391850,0.600000,0.600000,0.600000,-0.379992,-0.639003,0.600000,-0.600000,0.379992,-0.600000,-0.975785,-0.600000,0.863904,-0.600000,-0.894082
48,0,0,0,1,W,0,5,13,1,-0.596396,1.000000,0.583096,-0.600000,-0.734189,0.600000,-0.395430,-0.518882,0.583096,-0.600000,0.776655,0.616685,-0.774913,-0.976600,-0.600000,0.395430,-0.600000,-0.616685,-0.138685,0.420790,0.600000,0.600000,-0.080359,-0.734189,0.691205,-0.600000,-0.976600,-0.080359,-0.976600,-0.393041,-0.600000,-0.600000,-0.600000,0.596396,0.600000,-0.546299,-0.600000,-0.600000,-0.600000,-0.600000,-0.600000,-0.974942,0.600000,0.547493,0.600000,-0.449063,-0.362475,0.603596,-0.600000,-0.522627,-0.776655,-0.583096,-0.600000,-0.774913,0.051245,-0.526504,-0.376465,0.600000,0.600000,0.600000,-0.359016,-0.653868,0.600000,-0.600000,0.359016,-0.600000,-0.976600,-0.600000,0.863904,-0.600000,-0.902323
49,0,0,0,0,W,0,3,14,1,-0.596396,1.000000,0.583096,-0.600000,-0.738079,0.600000,-0.395430,-0.508891,0.583096,-0.600000,0.791072,0.616685,-0.774913,-0.977609,-0.600000,0.395430,-0.600000,-0.616685,-0.141087,0.429339,0.600000,0.600000,-0.080359,-0.738079,0.699685,-0.600000,-0.977609,-0.080359,-0.977609,-0.372946,-0.600000,-0.600000,-0.600000,0.596396,0.600000,-0.551253,-0.600000,-0.600000,-0.600000,-0.600000,-0.600000,-0.976021,0.600000,0.547493,0.600000,-0.444119,-0.361320,0.603596,-0.600000,-0.512641,-0.791072,-0.583096,-0.600000,-0.774913,0.049096,-0.525257,-0.356718,0.600000,0.600000,0.600000,-0.357865,-0.668440,0.600000,-0.600000,0.357865,-0.600000,-0.977609,-0.600000,0.866243,-0.600000,-0.902764
50,0,0,0,0,stay,1,29,14,1,-0.596396,1.000000,0.583096,-0.600000,-0.740971,0.600000,-0.395430,-0.503892,0.583096,-0.600000,0.794363,0.616685,-0.774913,-0.979400,-0.600000,0.395430,-0.600000,-0.616685,-0.135705,0.434244,0.600000,0.600000,-0.076026,-0.740971,0.703875,-0.600000,-0.979400,-0.076026,-0.979400,-0.368278,-0.600000,-0.600000,-0.600000,0.596396,0.600000,-0.554961,-0.600000,-0.600000,-0.600000,-0.600000,-0.600000,-0.977936,0.600000,0.547493,0.600000,-0.440417,-0.361320,0.603596,-0.600000,-0.507643,-0.794363,-0.583096,-0.600000,-0.774913,0.045268,-0.525257,-0.352139,0.600000,0.600000,0.600000,-0.357865,-0.669554,0.600000,-0.600000,0.357865,-0.600000,-0.979400,-0.600000,0.867974,-0.600000,-0.902764
51,0,0,0,0,stay,0,28,14,1,-0.596396,1.000000,0.583096,-0.600000,-0.740971,0.600000,-0.395430,-0.503892,0.583096,-0.600000,0.794363,0.616685,-0.774913,-0.981511,-0.600000,0.395430,-0.600000,-0.616685,-0.123290,0.434244,0.600000,0.600000,-0.068635,-0.740971,0.703875,-0.600000,-0.981511,-0.068635,-0.981511,-0.368278,-0.600000,-0.600000,-0.600000,0.596396,0.600000,-0.554961,-0.600000,-0.600000,-0.600000,-0.600000,-0.600000,-0.980194,0.600000,0.547493,0.600000,-0.440417,-0.361320,0.603596,-0.600000,-0.507643,-0.794363,-0.583096,-0.600000,-0.774913,0.040735,-0.525257,-0.352139,0.600000,0.600000,0.600000,-0.357865,-0.669554,0.600000,-0.600000,0.357865,-0.600000,-0.981511,-0.600000,0.867974,-0.600000,-0.902764
52,0,0,0,0,W,0,26,15,1,-0.596396,1.000000,0.583096,-0.600000,-0.740971,0.600000,-0.395430,-0.503892,0.583096,-0.600000,0.794363,0.616685,-0.774913,-0.983409,-0.600000,0.395430,-0.600000,-0.616685,-0.111864,0.434244,0.600000,0.600000,-0.061915,-0.740971,0.703875,-0.600000,-0.983409,-0.061915,-0.983409,-0.368278,-0.600000,-0.600000,-0.600000,0.596396,0.600000,-0.554961,-0.600000,-0.600000,-0.600000,-0.600000,-0.600000,-0.982225,0.600000,0.547493,0.600000,-0.440417,-0.361320,0.603596,-0.600000,-0.507643,-0.794363,-0.583096,-0.600000,-0.774913,0.036639,-0.525257,-0.352139,0.600000,0.600000,0.600000,-0.357865,-0.669554,0.600000,-0.600000,0.357865,-0.600000,-0.983409,-0.600000,0.867974,-0.600000,-0.902764
53,0,0,0,0,W,0,24,16,1,-0.596396,1.000000,0.583096,-0.600000,-0.740971,0.600000,-0.395430,-0.503892,0.583096,-0.600000,0.794363,0.616685,-0.774913,-0.985116,-0.600000,0.395430,-0.600000,-0.616685,-0.101373,0.434244,0.600000,0.600000,-0.055813,-0.740971,0.703875,-0.600000,-0.985116,-0.055813,-0.985116,-0.368278,-0.600000,-0.600000,-0.600000,0.596396,0.600000,-0.554961,-0.600000,-0.600000,-0.600000,-0.600000,-0.600000,-0.984051,0.600000,0.547493,0.600000,-0.440417,-0.361320,0.603596,-0.600000,-0.507643,-0.794363,-0.583096,-0.600000,-0.774913,0.032940,-0.525257,-0.352139,0.600000,0.600000,0.600000,-0.357865,-0.669554,0.600000,-0.600000,0.357865,-0.600000,-0.985116,-0.600000,0.867974,-0.600000,-0.902764
54,0,0,1,1,W,0,22,17,1,-0.596396,1.000000,0.583096,-0.600000,-0.740971,0.600000,-0.394235,-0.502642,0.583096,-0.600000,0.801627,0.616685,-0.775785,-0.985903,-0.600000,0.394235,-0.600000,-0.616685,-0.096026,0.413483,0.600000,0.600000,-0.052727,-0.740971,0.704917,-0.600000,-0.985903,-0.052727,-0.985903,-0.357865,-0.600000,-0.600000,-0.600000,0.596396,0.600000,-0.553727,-0.600000,-0.600000,-0.600000,-0.600000,-0.600000,-0.984894,0.600000,0.547493,0.600000,-0.440417,-0.340806,0.603596,-0.600000,-0.506393,-0.801627,-0.583096,-0.600000,-0.775785,0.031228,-0.504030,-0.341935,0.600000,0.600000,0.600000,-0.337443,-0.679442,0.600000,-0.600000,0.337443,-0.600000,-0.985903,-0.600000,0.868547,-0.600000,-0.910807
55,0,0,1,1,stay,0,21,17,1,-0.596396,1.000000,0.583096,-0.600000,-0.741931,0.600000,-0.394235,-0.500142,0.583096,-0.600000,0.814061,0.616685,-0.775785,-0.986110,-0.600000,0.394235,-0.600000,-0.616685,-0.095160,0.395411,0.600000,0.600000,-0.051981,-0.741931,0.706995,-0.600000,-0.986110,-0.051981,-0.986110,-0.339684,-0.600000,-0.600000,-0.600000,0.596396,0.600000,-0.554962,-0.600000,-0.600000,-0.600000,-0.600000,-0.600000,-0.985116,0.600000,0.547493,0.600000,-0.439185,-0.321960,0.603596,-0.600000,-0.503894,-0.814061,-0.583096,-0.600000,-0.775785,0.030776,-0.482787,-0.324153,0.600000,0.600000,0.600000,-0.318693,-0.695569,0.600000,-0.600000,0.318693,-0.600000,-0.986110,-0.600000,0.869118,-0.600000,-0.917489
56,0,0,1,1,stay,0,20,17,1,-0.596396,1.000000,0.583096,-0.600000,-0.743843,0.600000,-0.393041,-0.495142,0.583096,-0.600000,0.818566,0.616685,-0.776655,-0.986516,-0.600000,0.393041,-0.600000,-0.616685,-0.093448,0.390637,0.600000,0.600000,-0.050519,-0.743843,0.711125,-0.600000,-0.986516,-0.050519,-0.986516,-0.332982,-0.600000,-0.600000,-0.600000,0.596396,0.600000,-0.556198,-0.600000,-0.600000,-0.600000,-0.600000,-0.600000,-0.985550,0.600000,0.547493,0.600000,-0.436723,-0.313283,0.603596,-0.600000,-0.498894,-0.818566,-0.583096,-0.600000,-0.776655,0.029892,-0.474052,-0.317610,0.600000,0.600000,0.600000,-0.310064,-0.699796,0.600000,-0.600000,0.310064,-0.600000,-0.986516,-0.600000,0.870818,-0.600000,-0.920841
57,0,0,1,1,stay,0,19,17,1,-0.596396,1.000000,0.583096,-0.600000,-0.745746,0.600000,-0.393041,-0.490143,0.583096,-0.600000,0.824441,0.616685,-0.776655,-0.986846,-0.600000,0.393041,-0.600000,-0.616685,-0.092183,0.384700,0.600000,0.600000,-0.049331,-0.745746,0.715220,-0.600000,-0.986846,-0.049331,-0.986846,-0.324151,-0.600000,-0.600000,-0.600000,0.596396,0.600000,-0.558665,-0.600000,-0.600000,-0.600000,-0.600000,-0.600000,-0.985903,0.600000,0.547493,0.600000,-0.434264,-0.303675,0.603596,-0.600000,-0.493894,-0.824441,-0.583096,-0.600000,-0.776655,0.029174,-0.462846,-0.308996,0.600000,0.600000,0.600000,-0.300511,-0.706071,0.600000,-0.600000,0.300511,-0.600000,-0.986846,-0.600000,0.871941,-0.600000,-0.924066
58,0,0,1,1,stay,0,18,17,1,-0.596396,1.000000,0.583096,-0.600000,-0.746695,0.600000,-0.390656,-0.488893,0.583096,-0.600000,0.832273,0.616685,-0.778387,-0.987356,-0.600000,0.390656,-0.600000,-0.616685,-0.089288,0.365935,0.600000,0.600000,-0.047484,-0.746695,0.716239,-0.600000,-0.987356,-0.047484,-0.987356,-0.312209,-0.600000,-0.600000,-0.600000,0.596396,0.600000,-0.557433,-0.600000,-0.600000,-0.600000,-0.600000,-0.600000,-0.986449,0.600000,0.547493,0.600000,-0.433035,-0.285989,0.603596,-0.600000,-0.492644,-0.832273,-0.583096,-0.600000,-0.778387,0.028059,-0.444255,-0.297366,0.600000,0.600000,0.600000,-0.282934,-0.716350,0.600000,-0.600000,0.282934,-0.600000,-0.987356,-0.600000,0.873612,-0.600000,-0.930485
59,0,0,0,0,N,0,16,18,1,-0.596396,1.000000,0.583096,-0.600000,-0.747640,0.600000,-0.390656,-0.487644,0.583096,-0.600000,0.832970,0.616685,-0.778387,-0.988605,-0.600000,0.390656,-0.600000,-0.616685,-0.081843,0.367095,0.600000,0.600000,-0.043151,-0.747640,0.717255,-0.600000,-0.988605,-0.043151,-0.988605,-0.311135,-0.600000,-0.600000,-0.600000,0.596396,0.600000,-0.558666,-0.600000,-0.600000,-0.600000,-0.600000,-0.600000,-0.987787,0.600000,0.547493,0.600000,-0.431808,-0.285989,0.603596,-0.600000,-0.491395,-0.832970,-0.583096,-0.600000,-0.778387,0.025327,-0.444255,-0.296322,0.600000,0.600000,0.600000,-0.282934,-0.716353,0.600000,-0.600000,0.282934,-0.600000,-0.988605,-0.600000,0.874164,-0.600000,-0.930485
60,0,0,1,1,S,0,14,17,1,-0.596396,1.000000,0.583096,-0.600000,-0.747640,0.600000,-0.390656,-0.486395,0.583096,-0.600000,0.839823,0.616685,-0.778387,-0.988939,-0.600000,0.390656,-0.600000,-0.616685,-0.078881,0.350976,0.600000,0.600000,-0.041526,-0.747640,0.718269,-0.600000,-0.988939,-0.041526,-0.988939,-0.300511,-0.600000,-0.600000,-0.600000,0.596396,0.600000,-0.558666,-0.600000,-0.600000,-0.600000,-0.600000,-0.600000,-0.988144,0.600000,0.547493,0.600000,-0.431808,-0.270906,0.603596,-0.600000,-0.490145,-0.839823,-0.583096,-0.600000,-0.778387,0.024595,-0.425818,-0.285993,0.600000,0.600000,0.600000,-0.267952,-0.726412,0.600000,-0.600000,0.267952,-0.600000,-0.988939,-0.600000,0.874164,-0.600000,-0.935192
61,0,0,1,1,stay,0,13,17,1,-0.596396,1.000000,0.583096,-0.600000,-0.748584,0.600000,-0.390656,-0.485146,0.583096,-0.600000,0.851583,0.616685,-0.778387,-0.989156,-0.600000,0.390656,-0.600000,-0.616685,-0.077796,0.329637,0.600000,0.600000,-0.040735,-0.748584,0.719281,-0.600000,-0.989156,-0.040735,-0.989156,-0.281920,-0.600000,-0.600000,-0.600000,0.596396,0.600000,-0.559899,-0.600000,-0.600000,-0.600000,-0.600000,-0.600000,-0.988377,0.600000,0.547493,0.600000,-0.430581,-0.251590,0.603596,-0.600000,-0.488895,-0.851583,-0.583096,-0.600000,-0.778387,0.024119,-0.401558,-0.267954,0.600000,0.600000,0.600000,-0.248775,-0.742998,0.600000,-0.600000,0.248775,-0.600000,-0.989156,-0.600000,0.874714,-0.600000,-0.941008
62,0,0,1,1,stay,0,12,17,1,-0.596396,1.000000,0.583096,-0.600000,-0.749525,0.600000,-0.390656,-0.482648,0.583096,-0.600000,0.862621,0.616685,-0.778387,-0.989316,-0.600000,0.390656,-0.600000,-0.616685,-0.077080,0.310045,0.600000,0.600000,-0.040152,-0.749525,0.721298,-0.600000,-0.989316,-0.040152,-0.989316,-0.264043,-0.600000,-0.600000,-0.600000,0.596396,0.600000,-0.561131,-0.600000,-0.600000,-0.600000,-0.600000,-0.600000,-0.988548,0.600000,0.547493,0.600000,-0.429355,-0.233209,0.603596,-0.600000,-0.486397,-0.862621,-0.583096,-0.600000,-0.778387,0.023768,-0.377768,-0.250652,0.600000,0.600000,0.600000,-0.230536,-0.758913,0.600000,-0.600000,0.230536,-0.600000,-0.989316,-0.600000,0.875262,-0.600000,-0.946332
63,0,0,0,1,S,0,10,16,1,-0.596396,1.000000,0.583096,-0.600000,-0.750463,0.600000,-0.390656,-0.482648,0.583096,-0.600000,0.869021,0.616685,-0.778387,-0.989474,-0.600000,0.390656,-0.600000,-0.616685,-0.077080,0.299442,0.600000,0.600000,-0.039959,-0.750463,0.721298,-0.600000,-0.989474,-0.039959,-0.989474,-0.253482,-0.600000,-0.600000,-0.600000,0.596396,0.600000,-0.562362,-0.600000,-0.600000,-0.600000,-0.600000,-0.600000,-0.988717,0.600000,0.547493,0.600000,-0.428130,-0.224376,0.603596,-0.600000,-0.486397,-0.869021,-0.583096,-0.600000,-0.778387,0.023421,-0.366082,-0.240451,0.600000,0.600000,0.600000,-0.221774,-0.767956,0.600000,-0.600000,0.221774,-0.600000,-0.989474,-0.600000,0.875808,-0.600000,-0.948821
64,0,0,1,1,N,0,8,17,1,-0.596396,1.000000,0.583096,-0.600000,-0.753265,0.600000,-0.385903,-0.478903,0.583096,-0.600000,0.874618,0.616685,-0.781822,-0.989783,-0.600000,0.385903,-0.600000,-0.616685,-0.075665,0.290079,0.600000,0.600000,-0.038635,-0.753265,0.724306,-0.600000,-0.989783,-0.038635,-0.989783,-0.244126,-0.600000,-0.600000,-0.600000,0.596396,0.600000,-0.561132,-0.600000,-0.600000,-0.600000,-0.600000,-0.600000,-0.989048,0.600000,0.547493,0.600000,-0.424460,-0.214093,0.603596,-0.600000,-0.482650,-0.874618,-0.583096,-0.600000,-0.781822,0.022743,-0.356842,-0.231427,0.600000,0.600000,0.600000,-0.211577,-0.774145,0.600000,-0.600000,0.211577,-0.600000,-0.989783,-0.600000,0.879576,-0.600000,-0.952580
65,0,0,1,1,stay,0,7,17,1,-0.596396,1.000000,0.583096,-0.600000,-0.754195,0.600000,-0.385903,-0.475161,0.583096,-0.600000,0.878947,0.616685,-0.781822,-0.989983,-0.600000,0.385903,-0.600000,-0.616685,-0.074619,0.283933,0.600000,0.600000,-0.037897,-0.754195,0.727295,-0.600000,-0.989983,-0.037897,-0.989983,-0.236811,-0.600000,-0.600000,-0.600000,0.596396,0.600000,-0.562364,-0.600000,-0.600000,-0.600000,-0.600000,-0.600000,-0.989263,0.600000,0.547493,0.600000,-0.423239,-0.206608,0.603596,-0.600000,-0.478905,-0.878947,-0.583096,-0.600000,-0.781822,0.022302,-0.346574,-0.224379,0.600000,0.600000,0.600000,-0.204158,-0.780214,0.600000,-0.600000,0.204158,-0.600000,-0.989983,-0.600000,0.880105,-0.600000,-0.954576
66,0,0,1,1,stay,0,6,17,1,-0.596396,1.000000,0.583096,-0.600000,-0.756968,0.600000,-0.385903,-0.473914,0.583096,-0.600000,0.884689,0.616685,-0.781822,-0.990033,-0.600000,0.385903,-0.600000,-0.616685,-0.075311,0.273867,0.600000,0.600000,-0.037715,-0.756968,0.728287,-0.600000,-0.990033,-0.037715,-0.990033,-0.227002,-0.600000,-0.600000,-0.600000,0.596396,0.600000,-0.566053,-0.600000,-0.600000,-0.600000,-0.600000,-0.600000,-0.989316,0.600000,0.547493,0.600000,-0.419580,-0.197725,0.603596,-0.600000,-0.477658,-0.884689,-0.583096,-0.600000,-0.781822,0.022193,-0.334217,-0.214939,0.600000,0.600000,0.600000,-0.195354,-0.787008,0.600000,-0.600000,0.195354,-0.600000,-0.990033,-0.600000,0.881682,-0.600000,-0.956908
67,0,0,0,0,N,0,4,18,1,-0.596396,1.000000,0.583096,-0.600000,-0.758806,0.600000,-0.385903,-0.470175,0.583096,-0.600000,0.886718,0.616685,-0.781822,-0.990840,-0.600000,0.385903,-0.600000,-0.616685,-0.071558,0.275856,0.600000,0.600000,-0.035420,-0.758806,0.731248,-0.600000,-0.990840,-0.035420,-0.990840,-0.223507,-0.600000,-0.600000,-0.600000,0.596396,0.600000,-0.568509,-0.600000,-0.600000,-0.600000,-0.600000,-0.600000,-0.990180,0.600000,0.547493,0.600000,-0.417146,-0.196932,0.603596,-0.600000,-0.473916,-0.886718,-0.583096,-0.600000,-0.781822,0.020417,-0.333104,-0.211579,0.600000,0.600000,0.600000,-0.194568,-0.788687,0.600000,-0.600000,0.194568,-0.600000,-0.990840,-0.600000,0.882723,-0.600000,-0.957114
68,1,0,0,0,N,0,2,19,1,-0.596396,1.000000,0.583096,-0.600000,-0.758806,0.600000,-0.385903,-0.470175,0.583096,-0.600000,0.886718,0.616685,-0.781822,-0.991788,-0.600000,0.385903,-0.600000,-0.616685,-0.064571,0.275856,0.600000,0.600000,-0.031840,-0.758806,0.731248,-0.600000,-0.991788,-0.031840,-0.991788,-0.223507,-0.600000,-0.600000,-0.600000,0.596396,0.600000,-0.568509,-0.600000,-0.600000,-0.600000,-0.600000,-0.600000,-0.991196,0.600000,0.547493,0.600000,-0.417146,-0.196932,0.603596,-0.600000,-0.473916,-0.886718,-0.583096,-0.600000,-0.781822,0.018325,-0.333104,-0.211579,0.600000,0.600000,0.600000,-0.194568,-0.788687,0.600000,-0.600000,0.194568,-0.600000,-0.991788,-0.600000,0.882723,-0.600000,-0.957114
69,0,0,0,0,S,0,0,18,1,-0.596396,1.000000,0.583096,-0.600000,-0.758806,0.600000,-0.385903,-0.470175,0.583096,-0.600000,0.886718,0.616685,-0.781822,-0.992639,-0.600000,0.385903,-0.600000,-0.616685,-0.058224,0.275856,0.600000,0.600000,-0.028611,-0.758806,0.731248,-0.600000,-0.992639,-0.028611,-0.992639,-0.223507,-0.600000,-0.600000,-0.600000,0.596396,0.600000,-0.568509,-0.600000,-0.600000,-0.600000,-0.600000,-0.600000,-0.992108,0.600000,0.547493,0.600000,-0.417146,-0.196932,0.603596,-0.600000,-0.473916,-0.886718,-0.583096,-0.600000,-0.781822,0.016443,-0.333104,-0.211579,0.600000,0.600000,0.600000,-0.194568,-0.788687,0.600000,-0.600000,0.194568,-0.600000,-0.992639,-0.600000,0.882723,-0.600000,-0.957114
