tick,conn_0_0,conn_0_3,conn_0_4,conn_0_5,conn_0_8,conn_0_9,conn_1_0,conn_1_2,conn_1_3,conn_1_4,conn_1_7,conn_1_8,conn_1_9,conn_1_10,conn_2_0,conn_2_1,conn_2_2,conn_2_3,conn_2_4,conn_2_10,conn_3_2,conn_3_3,conn_3_4,conn_3_5,conn_3_6,conn_3_10,conn_4_1,conn_4_3,conn_4_4,conn_4_5,conn_4_7,conn_4_8,conn_5_0,conn_5_1,conn_5_2,conn_5_3,conn_5_5,conn_5_6,conn_5_8,conn_5_9,conn_5_10,conn_6_5,conn_6_7,conn_6_8,conn_6_9,conn_6_10,conn_7_0,conn_7_1,conn_7_9,conn_8_1,conn_8_2,conn_8_6,conn_8_7,conn_8_8,conn_8_9,conn_8_10,conn_9_0,conn_9_1,conn_9_3,conn_9_5,conn_9_8,conn_9_9,conn_9_10,conn_10_0,conn_10_2,conn_10_3,conn_10_4,conn_10_5,conn_10_6,conn_10_7,conn_10_8
0,-0.600000,0.600000,-0.600000,1.000000,-0.600000,0.600000,-0.600000,-0.600000,0.600000,-0.600000,-0.600000,0.600000,-0.600000,0.600000,-0.600000,-0.600000,0.600000,-0.600000,-0.600000,-0.600000,-0.600000,0.600000,-0.600000,-0.600000,-0.600000,-0.600000,-0.600000,-0.600000,0.600000,-0.600000,-0.600000,-0.600000,-0.600000,-0.600000,0.600000,-0.600000,0.600000,0.600000,-0.600000,-0.600000,0.600000,-0.600000,0.600000,-0.600000,0.600000,0.600000,0.600000,-0.600000,-0.600000,-0.600000,0.600000,0.600000,-0.600000,0.600000,-0.600000,-0.600000,-0.600000,-0.600000,-0.600000,0.600000,-0.600000,-0.600000,-0.600000,-0.600000,0.600000,-0.600000,0.600000,0.600000,-0.600000,-0.600000,-0.600000
1,-0.600000,0.600000,-0.600000,1.000000,-0.600000,0.600000,-0.623769,-0.600000,0.600000,-0.600000,-0.600000,0.600000,-0.600000,0.600000,-0.600000,-0.600000,0.600000,-0.600000,-0.600000,-0.649246,-0.604795,0.600000,-0.600000,-0.600000,-0.607185,-0.600000,-0.600000,-0.600000,0.600000,-0.600000,-0.600000,-0.600000,-0.600000,-0.600000,0.600000,-0.587948,0.597599,0.600000,-0.600000,-0.600000,0.600000,-0.600000,0.600000,-0.600000,0.600000,0.600000,0.600000,-0.600000,-0.600000,-0.600000,0.600000,0.600000,-0.600000,0.600000,-0.600000,-0.600000,-0.600000,-0.600000,-0.600000,0.600000,-0.600000,-0.600000,-0.600000,-0.600000,0.600000,-0.600000,0.607185,0.600000,-0.600000,-0.600000,-0.600000
2,-0.600000,0.600000,-0.600000,1.000000,-0.600000,0.621416,-0.642374,-0.600000,0.600000,-0.600000,-0.600000,0.600000,-0.600000,0.600000,-0.600000,-0.600000,0.600000,-0.600000,-0.600000,-0.651523,-0.604795,0.600000,-0.600000,-0.600000,-0.611950,-0.600000,-0.600000,-0.600000,0.600000,-0.600000,-0.600000,-0.600000,-0.600000,-0.600000,0.600000,-0.578228,0.597599,0.600000,-0.600000,-0.600000,0.600000,-0.600000,0.600000,-0.600000,0.600000,0.600000,0.600000,-0.600000,-0.600000,-0.600000,0.600000,0.600000,-0.600000,0.600000,-0.600000,-0.600000,-0.600000,-0.600000,-0.600000,0.600000,-0.600000,-0.600000,-0.600000,-0.600000,0.600000,-0.600000,0.611950,0.600000,-0.600000,-0.600000,-0.600000
3,-0.600000,0.600000,-0.600000,1.000000,-0.600000,0.649246,-0.669488,-0.600000,0.600000,-0.600000,-0.600000,0.600000,-0.600000,0.600000,-0.600000,-0.600000,0.600000,-0.600000,-0.600000,-0.651523,-0.604795,0.600000,-0.600000,-0.600000,-0.611950,-0.600000,-0.600000,-0.600000,0.600000,-0.600000,-0.600000,-0.600000,-0.600000,-0.600000,0.600000,-0.563536,0.597599,0.600000,-0.600000,-0.600000,0.600000,-0.600000,0.600000,-0.600000,0.600000,0.600000,0.600000,-0.600000,-0.600000,-0.600000,0.600000,0.600000,-0.600000,0.600000,-0.600000,-0.600000,-0.600000,-0.600000,-0.600000,0.600000,-0.600000,-0.600000,-0.600000,-0.600000,0.600000,-0.600000,0.611950,0.600000,-0.600000,-0.600000,-0.600000
4,-0.600000,0.600000,-0.600000,1.000000,-0.600000,0.676104,-0.695527,-0.600000,0.600000,-0.600000,-0.600000,0.600000,-0.600000,0.600000,-0.600000,-0.600000,0.600000,-0.600000,-0.600000,-0.651523,-0.604795,0.600000,-0.600000,-0.600000,-0.611950,-0.600000,-0.600000,-0.600000,0.600000,-0.600000,-0.600000,-0.600000,-0.600000,-0.600000,0.600000,-0.548731,0.597599,0.600000,-0.600000,-0.600000,0.600000,-0.600000,0.600000,-0.600000,0.600000,0.600000,0.600000,-0.600000,-0.600000,-0.600000,0.600000,0.600000,-0.600000,0.600000,-0.600000,-0.600000,-0.600000,-0.600000,-0.600000,0.600000,-0.600000,-0.600000,-0.600000,-0.600000,0.600000,-0.600000,0.611950,0.600000,-0.600000,-0.600000,-0.600000
5,-0.600000,0.600000,-0.600000,1.000000,-0.600000,0.701855,-0.720378,-0.600000,0.600000,-0.600000,-0.600000,0.600000,-0.600000,0.600000,-0.600000,-0.600000,0.600000,-0.600000,-0.600000,-0.651523,-0.604795,0.600000,-0.600000,-0.600000,-0.611950,-0.600000,-0.600000,-0.600000,0.600000,-0.600000,-0.600000,-0.600000,-0.600000,-0.600000,0.600000,-0.533837,0.597599,0.600000,-0.600000,-0.600000,0.600000,-0.600000,0.600000,-0.600000,0.600000,0.600000,0.600000,-0.600000,-0.600000,-0.600000,0.600000,0.600000,-0.600000,0.600000,-0.600000,-0.600000,-0.600000,-0.600000,-0.600000,0.600000,-0.600000,-0.600000,-0.600000,-0.600000,0.600000,-0.600000,0.611950,0.600000,-0.600000,-0.600000,-0.600000
6,-0.600000,0.600000,-0.600000,1.000000,-0.600000,0.726395,-0.743953,-0.600000,0.600000,-0.600000,-0.600000,0.600000,-0.600000,0.600000,-0.600000,-0.600000,0.600000,-0.600000,-0.600000,-0.651523,-0.604795,0.600000,-0.600000,-0.600000,-0.611950,-0.600000,-0.600000,-0.600000,0.600000,-0.600000,-0.600000,-0.600000,-0.600000,-0.600000,0.600000,-0.518882,0.597599,0.600000,-0.600000,-0.600000,0.600000,-0.600000,0.600000,-0.600000,0.600000,0.600000,0.600000,-0.600000,-0.600000,-0.600000,0.600000,0.600000,-0.600000,0.600000,-0.600000,-0.600000,-0.600000,-0.600000,-0.600000,0.600000,-0.600000,-0.600000,-0.600000,-0.600000,0.600000,-0.600000,0.611950,0.600000,-0.600000,-0.600000,-0.600000
7,-0.600000,0.600000,-0.600000,1.000000,-0.600000,0.749640,-0.766191,-0.600000,0.600000,-0.600000,-0.600000,0.600000,-0.600000,0.600000,-0.600000,-0.600000,0.600000,-0.600000,-0.600000,-0.651523,-0.604795,0.600000,-0.600000,-0.600000,-0.611950,-0.600000,-0.600000,-0.600000,0.600000,-0.600000,-0.600000,-0.600000,-0.600000,-0.600000,0.600000,-0.503892,0.597599,0.600000,-0.600000,-0.600000,0.600000,-0.600000,0.600000,-0.600000,0.600000,0.600000,0.600000,-0.600000,-0.600000,-0.600000,0.600000,0.600000,-0.600000,0.600000,-0.600000,-0.600000,-0.600000,-0.600000,-0.600000,0.600000,-0.600000,-0.600000,-0.600000,-0.600000,0.600000,-0.600000,0.611950,0.600000,-0.600000,-0.600000,-0.600000
8,-0.600000,0.600000,-0.600000,1.000000,-0.600000,0.771536,-0.787054,-0.600000,0.600000,-0.600000,-0.600000,0.600000,-0.600000,0.600000,-0.600000,-0.600000,0.600000,-0.600000,-0.600000,-0.651523,-0.604795,0.600000,-0.600000,-0.600000,-0.611950,-0.600000,-0.600000,-0.600000,0.600000,-0.600000,-0.600000,-0.600000,-0.600000,-0.600000,0.600000,-0.488893,0.597599,0.600000,-0.600000,-0.600000,0.600000,-0.600000,0.600000,-0.600000,0.600000,0.600000,0.600000,-0.600000,-0.600000,-0.600000,0.600000,0.600000,-0.600000,0.600000,-0.600000,-0.600000,-0.600000,-0.600000,-0.600000,0.600000,-0.600000,-0.600000,-0.600000,-0.600000,0.600000,-0.600000,0.611950,0.600000,-0.600000,-0.600000,-0.600000
9,-0.600000,0.600000,-0.600000,1.000000,-0.600000,0.792053,-0.806530,-0.600000,0.600000,-0.600000,-0.600000,0.600000,-0.600000,0.600000,-0.600000,-0.600000,0.600000,-0.600000,-0.600000,-0.651523,-0.604795,0.600000,-0.600000,-0.600000,-0.611950,-0.600000,-0.600000,-0.600000,0.600000,-0.600000,-0.600000,-0.600000,-0.600000,-0.600000,0.600000,-0.473914,0.597599,0.600000,-0.600000,-0.600000,0.600000,-0.600000,0.600000,-0.600000,0.600000,0.600000,0.600000,-0.600000,-0.600000,-0.600000,0.600000,0.600000,-0.600000,0.600000,-0.600000,-0.600000,-0.600000,-0.600000,-0.600000,0.600000,-0.600000,-0.600000,-0.600000,-0.600000,0.600000,-0.600000,0.611950,0.600000,-0.600000,-0.600000,-0.600000
10,-0.600000,0.600000,-0.600000,1.000000,-0.600000,0.811182,-0.824624,-0.600000,0.600000,-0.600000,-0.600000,0.600000,-0.600000,0.600000,-0.600000,-0.600000,0.600000,-0.600000,-0.600000,-0.651523,-0.604795,0.600000,-0.600000,-0.600000,-0.611950,-0.600000,-0.600000,-0.600000,0.600000,-0.600000,-0.600000,-0.600000,-0.600000,-0.600000,0.600000,-0.458980,0.597599,0.600000,-0.600000,-0.600000,0.600000,-0.600000,0.600000,-0.600000,0.600000,0.600000,0.600000,-0.600000,-0.600000,-0.600000,0.600000,0.600000,-0.600000,0.600000,-0.600000,-0.600000,-0.600000,-0.600000,-0.600000,0.600000,-0.600000,-0.600000,-0.600000,-0.600000,0.600000,-0.600000,0.611950,0.600000,-0.600000,-0.600000,-0.600000
11,-0.600000,0.600000,-0.600000,1.000000,-0.600000,0.828934,-0.841362,-0.600000,0.600000,-0.600000,-0.600000,0.600000,-0.600000,0.600000,-0.600000,-0.600000,0.600000,-0.600000,-0.600000,-0.651523,-0.604795,0.600000,-0.600000,-0.600000,-0.611950,-0.600000,-0.600000,-0.600000,0.600000,-0.600000,-0.600000,-0.600000,-0.600000,-0.600000,0.600000,-0.444119,0.597599,0.600000,-0.600000,-0.600000,0.600000,-0.600000,0.600000,-0.600000,0.600000,0.600000,0.600000,-0.600000,-0.600000,-0.600000,0.600000,0.600000,-0.600000,0.600000,-0.600000,-0.600000,-0.600000,-0.600000,-0.600000,0.600000,-0.600000,-0.600000,-0.600000,-0.600000,0.600000,-0.600000,0.611950,0.600000,-0.600000,-0.600000,-0.600000
12,-0.600000,0.600000,-0.600000,1.000000,-0.600000,0.845339,-0.856782,-0.600000,0.600000,-0.600000,-0.600000,0.600000,-0.600000,0.600000,-0.600000,-0.600000,0.600000,-0.600000,-0.600000,-0.651523,-0.604795,0.600000,-0.600000,-0.600000,-0.611950,-0.600000,-0.600000,-0.600000,0.600000,-0.600000,-0.600000,-0.600000,-0.600000,-0.600000,0.600000,-0.429355,0.597599,0.600000,-0.600000,-0.600000,0.600000,-0.600000,0.600000,-0.600000,0.600000,0.600000,0.600000,-0.600000,-0.600000,-0.600000,0.600000,0.600000,-0.600000,0.600000,-0.600000,-0.600000,-0.600000,-0.600000,-0.600000,0.600000,-0.600000,-0.600000,-0.600000,-0.600000,0.600000,-0.600000,0.611950,0.600000,-0.600000,-0.600000,-0.600000
13,-0.600000,0.600000,-0.600000,1.000000,-0.600000,0.860437,-0.870936,-0.600000,0.600000,-0.600000,-0.600000,0.600000,-0.600000,0.600000,-0.600000,-0.600000,0.600000,-0.600000,-0.600000,-0.651523,-0.604795,0.600000,-0.600000,-0.600000,-0.611950,-0.600000,-0.600000,-0.600000,0.600000,-0.600000,-0.600000,-0.600000,-0.600000,-0.600000,0.600000,-0.414715,0.597599,0.600000,-0.600000,-0.600000,0.600000,-0.600000,0.600000,-0.600000,0.600000,0.600000,0.600000,-0.600000,-0.600000,-0.600000,0.600000,0.600000,-0.600000,0.600000,-0.600000,-0.600000,-0.600000,-0.600000,-0.600000,0.600000,-0.600000,-0.600000,-0.600000,-0.600000,0.600000,-0.600000,0.611950,0.600000,-0.600000,-0.600000,-0.600000
14,-0.600000,0.600000,-0.600000,1.000000,-0.600000,0.874283,-0.883881,-0.600000,0.600000,-0.600000,-0.600000,0.600000,-0.600000,0.600000,-0.600000,-0.600000,0.600000,-0.600000,-0.600000,-0.651523,-0.604795,0.600000,-0.600000,-0.600000,-0.611950,-0.600000,-0.600000,-0.600000,0.600000,-0.600000,-0.600000,-0.600000,-0.600000,-0.600000,0.600000,-0.400224,0.597599,0.600000,-0.600000,-0.600000,0.600000,-0.600000,0.600000,-0.600000,0.600000,0.600000,0.600000,-0.600000,-0.600000,-0.600000,0.600000,0.600000,-0.600000,0.600000,-0.600000,-0.600000,-0.600000,-0.600000,-0.600000,0.600000,-0.600000,-0.600000,-0.600000,-0.600000,0.600000,-0.600000,0.611950,0.600000,-0.600000,-0.600000,-0.600000
15,-0.600000,0.600000,-0.600000,1.000000,-0.600000,0.886937,-0.895686,-0.600000,0.600000,-0.600000,-0.600000,0.600000,-0.600000,0.600000,-0.600000,-0.600000,0.600000,-0.600000,-0.600000,-0.651523,-0.604795,0.600000,-0.600000,-0.600000,-0.611950,-0.600000,-0.600000,-0.600000,0.600000,-0.600000,-0.600000,-0.600000,-0.600000,-0.600000,0.600000,-0.385903,0.597599,0.600000,-0.600000,-0.600000,0.600000,-0.600000,0.600000,-0.600000,0.600000,0.600000,0.600000,-0.600000,-0.600000,-0.600000,0.600000,0.600000,-0.600000,0.600000,-0.600000,-0.600000,-0.600000,-0.600000,-0.600000,0.600000,-0.600000,-0.600000,-0.600000,-0.600000,0.600000,-0.600000,0.611950,0.600000,-0.600000,-0.600000,-0.600000
16,-0.600000,0.600000,-0.600000,1.000000,-0.600000,0.898467,-0.906418,-0.600000,0.600000,-0.600000,-0.600000,0.600000,-0.600000,0.600000,-0.600000,-0.600000,0.600000,-0.600000,-0.600000,-0.651523,-0.604795,0.600000,-0.600000,-0.600000,-0.611950,-0.600000,-0.600000,-0.600000,0.600000,-0.600000,-0.600000,-0.600000,-0.600000,-0.600000,0.600000,-0.371777,0.597599,0.600000,-0.600000,-0.600000,0.600000,-0.600000,0.600000,-0.600000,0.600000,0.600000,0.600000,-0.600000,-0.600000,-0.600000,0.600000,0.600000,-0.600000,0.600000,-0.600000,-0.600000,-0.600000,-0.600000,-0.600000,0.600000,-0.600000,-0.600000,-0.600000,-0.600000,0.600000,-0.600000,0.611950,0.600000,-0.600000,-0.600000,-0.600000
17,-0.600000,0.600000,-0.600000,1.000000,-0.600000,0.908942,-0.916151,-0.600000,0.600000,-0.600000,-0.600000,0.600000,-0.600000,0.600000,-0.600000,-0.600000,0.600000,-0.600000,-0.600000,-0.651523,-0.604795,0.600000,-0.600000,-0.600000,-0.611950,-0.600000,-0.600000,-0.600000,0.600000,-0.600000,-0.600000,-0.600000,-0.600000,-0.600000,0.600000,-0.357865,0.597599,0.600000,-0.600000,-0.600000,0.600000,-0.600000,0.600000,-0.600000,0.600000,0.600000,0.600000,-0.600000,-0.600000,-0.600000,0.600000,0.600000,-0.600000,0.600000,-0.600000,-0.600000,-0.600000,-0.600000,-0.600000,0.600000,-0.600000,-0.600000,-0.600000,-0.600000,0.600000,-0.600000,0.611950,0.600000,-0.600000,-0.600000,-0.600000
18,-0.600000,0.600000,-0.600000,1.000000,-0.600000,0.918436,-0.924956,-0.600000,0.600000,-0.600000,-0.600000,0.600000,-0.600000,0.600000,-0.600000,-0.600000,0.600000,-0.600000,-0.600000,-0.651523,-0.604795,0.600000,-0.600000,-0.600000,-0.611950,-0.600000,-0.600000,-0.600000,0.600000,-0.600000,-0.600000,-0.600000,-0.600000,-0.600000,0.600000,-0.344188,0.597599,0.600000,-0.600000,-0.600000,0.600000,-0.600000,0.600000,-0.600000,0.600000,0.600000,0.600000,-0.600000,-0.600000,-0.600000,0.600000,0.600000,-0.600000,0.600000,-0.600000,-0.600000,-0.600000,-0.600000,-0.600000,0.600000,-0.600000,-0.600000,-0.600000,-0.600000,0.600000,-0.600000,0.611950,0.600000,-0.600000,-0.600000,-0.600000
19,-0.600000,0.600000,-0.600000,1.000000,-0.600000,0.927021,-0.932905,-0.600000,0.600000,-0.600000,-0.600000,0.600000,-0.600000,0.600000,-0.600000,-0.600000,0.600000,-0.600000,-0.600000,-0.651523,-0.604795,0.600000,-0.600000,-0.600000,-0.611950,-0.600000,-0.600000,-0.600000,0.600000,-0.600000,-0.600000,-0.600000,-0.600000,-0.600000,0.600000,-0.330763,0.597599,0.600000,-0.600000,-0.600000,0.600000,-0.600000,0.600000,-0.600000,0.600000,0.600000,0.600000,-0.600000,-0.600000,-0.600000,0.600000,0.600000,-0.600000,0.600000,-0.600000,-0.600000,-0.600000,-0.600000,-0.600000,0.600000,-0.600000,-0.600000,-0.600000,-0.600000,0.600000,-0.600000,0.611950,0.600000,-0.600000,-0.600000,-0.600000
20,-0.600000,0.600000,-0.600000,1.000000,-0.600000,0.934766,-0.940066,-0.600000,0.600000,-0.600000,-0.600000,0.600000,-0.600000,0.600000,-0.600000,-0.600000,0.600000,-0.600000,-0.600000,-0.651523,-0.604795,0.600000,-0.600000,-0.600000,-0.611950,-0.600000,-0.600000,-0.600000,0.600000,-0.600000,-0.600000,-0.600000,-0.600000,-0.600000,0.600000,-0.317607,0.597599,0.600000,-0.600000,-0.600000,0.600000,-0.600000,0.600000,-0.600000,0.600000,0.600000,0.600000,-0.600000,-0.600000,-0.600000,0.600000,0.600000,-0.600000,0.600000,-0.600000,-0.600000,-0.600000,-0.600000,-0.600000,0.600000,-0.600000,-0.600000,-0.600000,-0.600000,0.600000,-0.600000,0.611950,0.600000,-0.600000,-0.600000,-0.600000
21,-0.600000,0.600000,-0.600000,1.000000,-0.600000,0.941742,-0.946508,-0.600000,0.600000,-0.600000,-0.600000,0.600000,-0.600000,0.600000,-0.600000,-0.600000,0.600000,-0.600000,-0.600000,-0.651523,-0.604795,0.600000,-0.600000,-0.600000,-0.611950,-0.600000,-0.600000,-0.600000,0.600000,-0.600000,-0.600000,-0.600000,-0.600000,-0.600000,0.600000,-0.304736,0.597599,0.600000,-0.600000,-0.600000,0.600000,-0.600000,0.600000,-0.600000,0.600000,0.600000,0.600000,-0.600000,-0.600000,-0.600000,0.600000,0.600000,-0.600000,0.600000,-0.600000,-0.600000,-0.600000,-0.600000,-0.600000,0.600000,-0.600000,-0.600000,-0.600000,-0.600000,0.600000,-0.600000,0.611950,0.600000,-0.600000,-0.600000,-0.600000
22,-0.600000,0.600000,-0.600000,1.000000,-0.600000,0.948013,-0.952293,-0.600000,0.600000,-0.600000,-0.600000,0.600000,-0.600000,0.600000,-0.600000,-0.600000,0.600000,-0.600000,-0.600000,-0.651523,-0.604795,0.600000,-0.600000,-0.600000,-0.611950,-0.600000,-0.600000,-0.600000,0.600000,-0.600000,-0.600000,-0.600000,-0.600000,-0.600000,0.600000,-0.292162,0.597599,0.600000,-0.600000,-0.600000,0.600000,-0.600000,0.600000,-0.600000,0.600000,0.600000,0.600000,-0.600000,-0.600000,-0.600000,0.600000,0.600000,-0.600000,0.600000,-0.600000,-0.600000,-0.600000,-0.600000,-0.600000,0.600000,-0.600000,-0.600000,-0.600000,-0.600000,0.600000,-0.600000,0.611950,0.600000,-0.600000,-0.600000,-0.600000
23,-0.600000,0.600000,-0.600000,1.000000,-0.600000,0.953643,-0.957480,-0.600000,0.600000,-0.600000,-0.600000,0.600000,-0.600000,0.600000,-0.600000,-0.600000,0.600000,-0.600000,-0.600000,-0.651523,-0.604795,0.600000,-0.600000,-0.600000,-0.611950,-0.600000,-0.600000,-0.600000,0.600000,-0.600000,-0.600000,-0.600000,-0.600000,-0.600000,0.600000,-0.279897,0.597599,0.600000,-0.600000,-0.600000,0.600000,-0.600000,0.600000,-0.600000,0.600000,0.600000,0.600000,-0.600000,-0.600000,-0.600000,0.600000,0.600000,-0.600000,0.600000,-0.600000,-0.600000,-0.600000,-0.600000,-0.600000,0.600000,-0.600000,-0.600000,-0.600000,-0.600000,0.600000,-0.600000,0.611950,0.600000,-0.600000,-0.600000,-0.600000
24,-0.600000,0.600000,-0.600000,1.000000,-0.600000,0.958691,-0.962127,-0.600000,0.600000,-0.600000,-0.600000,0.600000,-0.600000,0.600000,-0.600000,-0.600000,0.600000,-0.600000,-0.600000,-0.651523,-0.604795,0.600000,-0.600000,-0.600000,-0.611950,-0.600000,-0.600000,-0.600000,0.600000,-0.600000,-0.600000,-0.600000,-0.600000,-0.600000,0.600000,-0.267952,0.597599,0.600000,-0.600000,-0.600000,0.600000,-0.600000,0.600000,-0.600000,0.600000,0.600000,0.600000,-0.600000,-0.600000,-0.600000,0.600000,0.600000,-0.600000,0.600000,-0.600000,-0.600000,-0.600000,-0.600000,-0.600000,0.600000,-0.600000,-0.600000,-0.600000,-0.600000,0.600000,-0.600000,0.611950,0.600000,-0.600000,-0.600000,-0.600000
25,-0.600000,0.600000,-0.600000,1.000000,-0.600000,0.963210,-0.966283,-0.600000,0.600000,-0.600000,-0.600000,0.600000,-0.600000,0.600000,-0.600000,-0.600000,0.600000,-0.600000,-0.600000,-0.651523,-0.604795,0.600000,-0.600000,-0.600000,-0.611950,-0.600000,-0.600000,-0.600000,0.600000,-0.600000,-0.600000,-0.600000,-0.600000,-0.600000,0.600000,-0.256334,0.597599,0.600000,-0.600000,-0.600000,0.600000,-0.600000,0.600000,-0.600000,0.600000,0.600000,0.600000,-0.600000,-0.600000,-0.600000,0.600000,0.600000,-0.600000,0.600000,-0.600000,-0.600000,-0.600000,-0.600000,-0.600000,0.600000,-0.600000,-0.600000,-0.600000,-0.600000,0.600000,-0.600000,0.611950,0.600000,-0.600000,-0.600000,-0.600000
26,-0.600000,0.600000,-0.600000,1.000000,-0.600000,0.967251,-0.969998,-0.600000,0.600000,-0.600000,-0.600000,0.600000,-0.600000,0.600000,-0.600000,-0.600000,0.600000,-0.600000,-0.600000,-0.651523,-0.604795,0.600000,-0.600000,-0.600000,-0.611950,-0.600000,-0.600000,-0.600000,0.600000,-0.600000,-0.600000,-0.600000,-0.600000,-0.600000,0.600000,-0.245051,0.597599,0.600000,-0.600000,-0.600000,0.600000,-0.600000,0.600000,-0.600000,0.600000,0.600000,0.600000,-0.600000,-0.600000,-0.600000,0.600000,0.600000,-0.600000,0.600000,-0.600000,-0.600000,-0.600000,-0.600000,-0.600000,0.600000,-0.600000,-0.600000,-0.600000,-0.600000,0.600000,-0.600000,0.611950,0.600000,-0.600000,-0.600000,-0.600000
27,-0.600000,0.600000,-0.600000,1.000000,-0.600000,0.970863,-0.973315,-0.600000,0.600000,-0.600000,-0.600000,0.600000,-0.600000,0.600000,-0.600000,-0.600000,0.600000,-0.600000,-0.600000,-0.651523,-0.604795,0.600000,-0.600000,-0.600000,-0.611950,-0.600000,-0.600000,-0.600000,0.600000,-0.600000,-0.600000,-0.600000,-0.600000,-0.600000,0.600000,-0.234107,0.597599,0.600000,-0.600000,-0.600000,0.600000,-0.600000,0.600000,-0.600000,0.600000,0.600000,0.600000,-0.600000,-0.600000,-0.600000,0.600000,0.600000,-0.600000,0.600000,-0.600000,-0.600000,-0.600000,-0.600000,-0.600000,0.600000,-0.600000,-0.600000,-0.600000,-0.600000,0.600000,-0.600000,0.611950,0.600000,-0.600000,-0.600000,-0.600000
28,-0.600000,0.600000,-0.600000,1.000000,-0.600000,0.974086,-0.976274,-0.600000,0.600000,-0.600000,-0.600000,0.600000,-0.600000,0.600000,-0.600000,-0.600000,0.600000,-0.600000,-0.600000,-0.651523,-0.604795,0.600000,-0.600000,-0.600000,-0.611950,-0.600000,-0.600000,-0.600000,0.600000,-0.600000,-0.600000,-0.600000,-0.600000,-0.600000,0.600000,-0.223507,0.597599,0.600000,-0.600000,-0.600000,0.600000,-0.600000,0.600000,-0.600000,0.600000,0.600000,0.600000,-0.600000,-0.600000,-0.600000,0.600000,0.600000,-0.600000,0.600000,-0.600000,-0.600000,-0.600000,-0.600000,-0.600000,0.600000,-0.600000,-0.600000,-0.600000,-0.600000,0.600000,-0.600000,0.611950,0.600000,-0.600000,-0.600000,-0.600000
29,-0.600000,0.600000,-0.600000,1.000000,-0.600000,0.976962,-0.978912,-0.600000,0.600000,-0.600000,-0.600000,0.600000,-0.600000,0.600000,-0.600000,-0.600000,0.600000,-0.600000,-0.600000,-0.651523,-0.604795,0.600000,-0.600000,-0.600000,-0.611950,-0.600000,-0.600000,-0.600000,0.600000,-0.600000,-0.600000,-0.600000,-0.600000,-0.600000,0.600000,-0.213253,0.597599,0.600000,-0.600000,-0.600000,0.600000,-0.600000,0.600000,-0.600000,0.600000,0.600000,0.600000,-0.600000,-0.600000,-0.600000,0.600000,0.600000,-0.600000,0.600000,-0.600000,-0.600000,-0.600000,-0.600000,-0.600000,0.600000,-0.600000,-0.600000,-0.600000,-0.600000,0.600000,-0.600000,0.611950,0.600000,-0.600000,-0.600000,-0.600000
30,-0.600000,0.600000,-0.600000,1.000000,-0.600000,0.979525,-0.981263,-0.600000,0.600000,-0.600000,-0.600000,0.600000,-0.600000,0.600000,-0.600000,-0.600000,0.600000,-0.600000,-0.600000,-0.651523,-0.604795,0.600000,-0.600000,-0.600000,-0.611950,-0.600000,-0.600000,-0.600000,0.600000,-0.600000,-0.600000,-0.600000,-0.600000,-0.600000,0.600000,-0.203345,0.597599,0.600000,-0.600000,-0.600000,0.600000,-0.600000,0.600000,-0.600000,0.600000,0.600000,0.600000,-0.600000,-0.600000,-0.600000,0.600000,0.600000,-0.600000,0.600000,-0.600000,-0.600000,-0.600000,-0.600000,-0.600000,0.600000,-0.600000,-0.600000,-0.600000,-0.600000,0.600000,-0.600000,0.611950,0.600000,-0.600000,-0.600000,-0.600000
31,-0.600000,0.600000,-0.600000,1.000000,-0.600000,0.981809,-0.983356,-0.600000,0.600000,-0.600000,-0.600000,0.600000,-0.600000,0.600000,-0.600000,-0.600000,0.600000,-0.600000,-0.600000,-0.651523,-0.604795,0.600000,-0.600000,-0.600000,-0.611950,-0.600000,-0.600000,-0.600000,0.600000,-0.600000,-0.600000,-0.600000,-0.600000,-0.600000,0.600000,-0.193784,0.597599,0.600000,-0.600000,-0.600000,0.600000,-0.600000,0.600000,-0.600000,0.600000,0.600000,0.600000,-0.600000,-0.600000,-0.600000,0.600000,0.600000,-0.600000,0.600000,-0.600000,-0.600000,-0.600000,-0.600000,-0.600000,0.600000,-0.600000,-0.600000,-0.600000,-0.600000,0.600000,-0.600000,0.611950,0.600000,-0.600000,-0.600000,-0.600000
32,-0.600000,0.600000,-0.600000,1.000000,-0.600000,0.983842,-0.985219,-0.600000,0.600000,-0.600000,-0.600000,0.600000,-0.600000,0.600000,-0.600000,-0.600000,0.600000,-0.600000,-0.600000,-0.651523,-0.604795,0.600000,-0.600000,-0.600000,-0.611950,-0.600000,-0.600000,-0.600000,0.600000,-0.600000,-0.600000,-0.600000,-0.600000,-0.600000,0.600000,-0.184568,0.597599,0.600000,-0.600000,-0.600000,0.600000,-0.600000,0.600000,-0.600000,0.600000,0.600000,0.600000,-0.600000,-0.600000,-0.600000,0.600000,0.600000,-0.600000,0.600000,-0.600000,-0.600000,-0.600000,-0.600000,-0.600000,0.600000,-0.600000,-0.600000,-0.600000,-0.600000,0.600000,-0.600000,0.611950,0.600000,-0.600000,-0.600000,-0.600000
33,-0.600000,0.600000,-0.600000,1.000000,-0.600000,0.985651,-0.986876,-0.600000,0.600000,-0.600000,-0.600000,0.600000,-0.600000,0.600000,-0.600000,-0.600000,0.600000,-0.600000,-0.600000,-0.651523,-0.604795,0.600000,-0.600000,-0.600000,-0.611950,-0.600000,-0.600000,-0.600000,0.600000,-0.600000,-0.600000,-0.600000,-0.600000,-0.600000,0.600000,-0.175694,0.597599,0.600000,-0.600000,-0.600000,0.600000,-0.600000,0.600000,-0.600000,0.600000,0.600000,0.600000,-0.600000,-0.600000,-0.600000,0.600000,0.600000,-0.600000,0.600000,-0.600000,-0.600000,-0.600000,-0.600000,-0.600000,0.600000,-0.600000,-0.600000,-0.600000,-0.600000,0.600000,-0.600000,0.611950,0.600000,-0.600000,-0.600000,-0.600000
34,-0.600000,0.600000,-0.600000,1.000000,-0.600000,0.987260,-0.988349,-0.600000,0.600000,-0.600000,-0.600000,0.600000,-0.600000,0.600000,-0.600000,-0.600000,0.600000,-0.600000,-0.600000,-0.651523,-0.604795,0.600000,-0.600000,-0.600000,-0.611950,-0.600000,-0.600000,-0.600000,0.600000,-0.600000,-0.600000,-0.600000,-0.600000,-0.600000,0.600000,-0.167159,0.597599,0.600000,-0.600000,-0.600000,0.600000,-0.600000,0.600000,-0.600000,0.600000,0.600000,0.600000,-0.600000,-0.600000,-0.600000,0.600000,0.600000,-0.600000,0.600000,-0.600000,-0.600000,-0.600000,-0.600000,-0.600000,0.600000,-0.600000,-0.600000,-0.600000,-0.600000,0.600000,-0.600000,0.611950,0.600000,-0.600000,-0.600000,-0.600000
35,-0.600000,0.600000,-0.600000,1.000000,-0.600000,0.988691,-0.989659,-0.600000,0.600000,-0.600000,-0.600000,0.600000,-0.600000,0.600000,-0.600000,-0.600000,0.600000,-0.600000,-0.600000,-0.651523,-0.604795,0.600000,-0.600000,-0.600000,-0.611950,-0.600000,-0.600000,-0.600000,0.600000,-0.600000,-0.600000,-0.600000,-0.600000,-0.600000,0.600000,-0.158959,0.597599,0.600000,-0.600000,-0.600000,0.600000,-0.600000,0.600000,-0.600000,0.600000,0.600000,0.600000,-0.600000,-0.600000,-0.600000,0.600000,0.600000,-0.600000,0.600000,-0.600000,-0.600000,-0.600000,-0.600000,-0.600000,0.600000,-0.600000,-0.600000,-0.600000,-0.600000,0.600000,-0.600000,0.611950,0.600000,-0.600000,-0.600000,-0.600000
36,-0.600000,0.600000,-0.600000,1.000000,-0.600000,0.989963,-0.990823,-0.600000,0.600000,-0.600000,-0.600000,0.600000,-0.600000,0.600000,-0.600000,-0.600000,0.600000,-0.600000,-0.600000,-0.651523,-0.604795,0.600000,-0.600000,-0.600000,-0.611950,-0.600000,-0.600000,-0.600000,0.600000,-0.600000,-0.600000,-0.600000,-0.600000,-0.600000,0.600000,-0.151087,0.597599,0.600000,-0.600000,-0.600000,0.600000,-0.600000,0.600000,-0.600000,0.600000,0.600000,0.600000,-0.600000,-0.600000,-0.600000,0.600000,0.600000,-0.600000,0.600000,-0.600000,-0.600000,-0.600000,-0.600000,-0.600000,0.600000,-0.600000,-0.600000,-0.600000,-0.600000,0.600000,-0.600000,0.611950,0.600000,-0.600000,-0.600000,-0.600000
37,-0.600000,0.600000,-0.600000,1.000000,-0.600000,0.991093,-0.991857,-0.600000,0.600000,-0.600000,-0.600000,0.600000,-0.600000,0.600000,-0.600000,-0.600000,0.600000,-0.600000,-0.600000,-0.651523,-0.604795,0.600000,-0.600000,-0.600000,-0.611950,-0.600000,-0.600000,-0.600000,0.600000,-0.600000,-0.600000,-0.600000,-0.600000,-0.600000,0.600000,-0.143538,0.597599,0.600000,-0.600000,-0.600000,0.600000,-0.600000,0.600000,-0.600000,0.600000,0.600000,0.600000,-0.600000,-0.600000,-0.600000,0.600000,0.600000,-0.600000,0.600000,-0.600000,-0.600000,-0.600000,-0.600000,-0.600000,0.600000,-0.600000,-0.600000,-0.600000,-0.600000,0.600000,-0.600000,0.611950,0.600000,-0.600000,-0.600000,-0.600000
38,-0.600000,0.600000,-0.600000,1.000000,-0.600000,0.992097,-0.992776,-0.600000,0.600000,-0.600000,-0.600000,0.600000,-0.600000,0.600000,-0.600000,-0.600000,0.600000,-0.600000,-0.600000,-0.651523,-0.604795,0.600000,-0.600000,-0.600000,-0.611950,-0.600000,-0.600000,-0.600000,0.600000,-0.600000,-0.600000,-0.600000,-0.600000,-0.600000,0.600000,-0.136306,0.597599,0.600000,-0.600000,-0.600000,0.600000,-0.600000,0.600000,-0.600000,0.600000,0.600000,0.600000,-0.600000,-0.600000,-0.600000,0.600000,0.600000,-0.600000,0.600000,-0.600000,-0.600000,-0.600000,-0.600000,-0.600000,0.600000,-0.600000,-0.600000,-0.600000,-0.600000,0.600000,-0.600000,0.611950,0.600000,-0.600000,-0.600000,-0.600000
39,-0.600000,0.600000,-0.600000,1.000000,-0.600000,0.992989,-0.993591,-0.600000,0.600000,-0.600000,-0.600000,0.600000,-0.600000,0.600000,-0.600000,-0.600000,0.600000,-0.600000,-0.600000,-0.651523,-0.604795,0.600000,-0.600000,-0.600000,-0.611950,-0.600000,-0.600000,-0.600000,0.600000,-0.600000,-0.600000,-0.600000,-0.600000,-0.600000,0.600000,-0.129383,0.597599,0.600000,-0.600000,-0.600000,0.600000,-0.600000,0.600000,-0.600000,0.600000,0.600000,0.600000,-0.600000,-0.600000,-0.600000,0.600000,0.600000,-0.600000,0.600000,-0.600000,-0.600000,-0.600000,-0.600000,-0.600000,0.600000,-0.600000,-0.600000,-0.600000,-0.600000,0.600000,-0.600000,0.611950,0.600000,-0.600000,-0.600000,-0.600000
40,-0.600000,0.600000,-0.600000,1.000000,-0.600000,0.993780,-0.994315,-0.600000,0.600000,-0.600000,-0.600000,0.600000,-0.600000,0.600000,-0.600000,-0.600000,0.600000,-0.600000,-0.600000,-0.651523,-0.604795,0.600000,-0.600000,-0.600000,-0.611950,-0.600000,-0.600000,-0.600000,0.600000,-0.600000,-0.600000,-0.600000,-0.600000,-0.600000,0.600000,-0.122761,0.597599,0.600000,-0.600000,-0.600000,0.600000,-0.600000,0.600000,-0.600000,0.600000,0.600000,0.600000,-0.600000,-0.600000,-0.600000,0.600000,0.600000,-0.600000,0.600000,-0.600000,-0.600000,-0.600000,-0.600000,-0.600000,0.600000,-0.600000,-0.600000,-0.600000,-0.600000,0.600000,-0.600000,0.611950,0.600000,-0.600000,-0.600000,-0.600000
41,-0.600000,0.600000,-0.600000,1.000000,-0.600000,0.994483,-0.994958,-0.600000,0.600000,-0.600000,-0.600000,0.600000,-0.600000,0.600000,-0.600000,-0.600000,0.600000,-0.600000,-0.600000,-0.651523,-0.604795,0.600000,-0.600000,-0.600000,-0.611950,-0.600000,-0.600000,-0.600000,0.600000,-0.600000,-0.600000,-0.600000,-0.600000,-0.600000,0.600000,-0.116433,0.597599,0.600000,-0.600000,-0.600000,0.600000,-0.600000,0.600000,-0.600000,0.600000,0.600000,0.600000,-0.600000,-0.600000,-0.600000,0.600000,0.600000,-0.600000,0.600000,-0.600000,-0.600000,-0.600000,-0.600000,-0.600000,0.600000,-0.600000,-0.600000,-0.600000,-0.600000,0.600000,-0.600000,0.611950,0.600000,-0.600000,-0.600000,-0.600000
42,-0.600000,0.600000,-0.600000,1.000000,-0.600000,0.995107,-0.995528,-0.600000,0.600000,-0.600000,-0.600000,0.600000,-0.600000,0.600000,-0.600000,-0.600000,0.600000,-0.600000,-0.600000,-0.651523,-0.604795,0.600000,-0.600000,-0.600000,-0.611950,-0.600000,-0.600000,-0.600000,0.600000,-0.600000,-0.600000,-0.600000,-0.600000,-0.600000,0.600000,-0.110390,0.597599,0.600000,-0.600000,-0.600000,0.600000,-0.600000,0.600000,-0.600000,0.600000,0.600000,0.600000,-0.600000,-0.600000,-0.600000,0.600000,0.600000,-0.600000,0.600000,-0.600000,-0.600000,-0.600000,-0.600000,-0.600000,0.600000,-0.600000,-0.600000,-0.600000,-0.600000,0.600000,-0.600000,0.611950,0.600000,-0.600000,-0.600000,-0.600000
43,-0.600000,0.600000,-0.600000,1.000000,-0.600000,0.995660,-0.996034,-0.600000,0.600000,-0.600000,-0.600000,0.600000,-0.600000,0.600000,-0.600000,-0.600000,0.600000,-0.600000,-0.600000,-0.651523,-0.604795,0.600000,-0.600000,-0.600000,-0.611950,-0.600000,-0.600000,-0.600000,0.600000,-0.600000,-0.600000,-0.600000,-0.600000,-0.600000,0.600000,-0.104623,0.597599,0.600000,-0.600000,-0.600000,0.600000,-0.600000,0.600000,-0.600000,0.600000,0.600000,0.600000,-0.600000,-0.600000,-0.600000,0.600000,0.600000,-0.600000,0.600000,-0.600000,-0.600000,-0.600000,-0.600000,-0.600000,0.600000,-0.600000,-0.600000,-0.600000,-0.600000,0.600000,-0.600000,0.611950,0.600000,-0.600000,-0.600000,-0.600000
44,-0.600000,0.600000,-0.600000,1.000000,-0.600000,0.996151,-0.996483,-0.600000,0.600000,-0.600000,-0.600000,0.600000,-0.600000,0.600000,-0.600000,-0.600000,0.600000,-0.600000,-0.600000,-0.651523,-0.604795,0.600000,-0.600000,-0.600000,-0.611950,-0.600000,-0.600000,-0.600000,0.600000,-0.600000,-0.600000,-0.600000,-0.600000,-0.600000,0.600000,-0.099123,0.597599,0.600000,-0.600000,-0.600000,0.600000,-0.600000,0.600000,-0.600000,0.600000,0.600000,0.600000,-0.600000,-0.600000,-0.600000,0.600000,0.600000,-0.600000,0.600000,-0.600000,-0.600000,-0.600000,-0.600000,-0.600000,0.600000,-0.600000,-0.600000,-0.600000,-0.600000,0.600000,-0.600000,0.611950,0.600000,-0.600000,-0.600000,-0.600000
45,-0.600000,0.600000,-0.600000,1.000000,-0.600000,0.996587,-0.996881,-0.600000,0.600000,-0.600000,-0.600000,0.600000,-0.600000,0.600000,-0.600000,-0.600000,0.600000,-0.600000,-0.600000,-0.651523,-0.604795,0.600000,-0.600000,-0.600000,-0.611950,-0.600000,-0.600000,-0.600000,0.600000,-0.600000,-0.600000,-0.600000,-0.600000,-0.600000,0.600000,-0.093882,0.597599,0.600000,-0.600000,-0.600000,0.600000,-0.600000,0.600000,-0.600000,0.600000,0.600000,0.600000,-0.600000,-0.600000,-0.600000,0.600000,0.600000,-0.600000,0.600000,-0.600000,-0.600000,-0.600000,-0.600000,-0.600000,0.600000,-0.600000,-0.600000,-0.600000,-0.600000,0.600000,-0.600000,0.611950,0.600000,-0.600000,-0.600000,-0.600000
46,-0.600000,0.600000,-0.600000,1.000000,-0.600000,0.996974,-0.997235,-0.600000,0.600000,-0.600000,-0.600000,0.600000,-0.600000,0.600000,-0.600000,-0.600000,0.600000,-0.600000,-0.600000,-0.651523,-0.604795,0.600000,-0.600000,-0.600000,-0.611950,-0.600000,-0.600000,-0.600000,0.600000,-0.600000,-0.600000,-0.600000,-0.600000,-0.600000,0.600000,-0.088891,0.597599,0.600000,-0.600000,-0.600000,0.600000,-0.600000,0.600000,-0.600000,0.600000,0.600000,0.600000,-0.600000,-0.600000,-0.600000,0.600000,0.600000,-0.600000,0.600000,-0.600000,-0.600000,-0.600000,-0.600000,-0.600000,0.600000,-0.600000,-0.600000,-0.600000,-0.600000,0.600000,-0.600000,0.611950,0.600000,-0.600000,-0.600000,-0.600000
47,-0.600000,0.600000,-0.600000,1.000000,-0.600000,0.997317,-0.997548,-0.600000,0.600000,-0.600000,-0.600000,0.600000,-0.600000,0.600000,-0.600000,-0.600000,0.600000,-0.600000,-0.600000,-0.651523,-0.604795,0.600000,-0.600000,-0.600000,-0.611950,-0.600000,-0.600000,-0.600000,0.600000,-0.600000,-0.600000,-0.600000,-0.600000,-0.600000,0.600000,-0.084141,0.597599,0.600000,-0.600000,-0.600000,0.600000,-0.600000,0.600000,-0.600000,0.600000,0.600000,0.600000,-0.600000,-0.600000,-0.600000,0.600000,0.600000,-0.600000,0.600000,-0.600000,-0.600000,-0.600000,-0.600000,-0.600000,0.600000,-0.600000,-0.600000,-0.600000,-0.600000,0.600000,-0.600000,0.611950,0.600000,-0.600000,-0.600000,-0.600000
48,-0.600000,0.600000,-0.600000,1.000000,-0.600000,0.997621,-0.997826,-0.600000,0.600000,-0.600000,-0.600000,0.600000,-0.600000,0.600000,-0.600000,-0.600000,0.600000,-0.600000,-0.600000,-0.651523,-0.604795,0.600000,-0.600000,-0.600000,-0.611950,-0.600000,-0.600000,-0.600000,0.600000,-0.600000,-0.600000,-0.600000,-0.600000,-0.600000,0.600000,-0.079622,0.597599,0.600000,-0.600000,-0.600000,0.600000,-0.600000,0.600000,-0.600000,0.600000,0.600000,0.600000,-0.600000,-0.600000,-0.600000,0.600000,0.600000,-0.600000,0.600000,-0.600000,-0.600000,-0.600000,-0.600000,-0.600000,0.600000,-0.600000,-0.600000,-0.600000,-0.600000,0.600000,-0.600000,0.611950,0.600000,-0.600000,-0.600000,-0.600000
49,-0.600000,0.600000,-0.600000,1.000000,-0.600000,0.997890,-0.998073,-0.600000,0.600000,-0.600000,-0.600000,0.600000,-0.600000,0.600000,-0.600000,-0.600000,0.600000,-0.600000,-0.600000,-0.651523,-0.604795,0.600000,-0.600000,-0.600000,-0.611950,-0.600000,-0.600000,-0.600000,0.600000,-0.600000,-0.600000,-0.600000,-0.600000,-0.600000,0.600000,-0.075325,0.597599,0.600000,-0.600000,-0.600000,0.600000,-0.600000,0.600000,-0.600000,0.600000,0.600000,0.600000,-0.600000,-0.600000,-0.600000,0.600000,0.600000,-0.600000,0.600000,-0.600000,-0.600000,-0.600000,-0.600000,-0.600000,0.600000,-0.600000,-0.600000,-0.600000,-0.600000,0.600000,-0.600000,0.611950,0.600000,-0.600000,-0.600000,-0.600000
50,-0.600000,0.600000,-0.600000,1.000000,-0.600000,0.998130,-0.998291,-0.600000,0.600000,-0.600000,-0.600000,0.600000,-0.600000,0.600000,-0.600000,-0.600000,0.600000,-0.600000,-0.600000,-0.651523,-0.604795,0.600000,-0.600000,-0.600000,-0.611950,-0.600000,-0.600000,-0.600000,0.600000,-0.600000,-0.600000,-0.600000,-0.600000,-0.600000,0.600000,-0.071243,0.597599,0.600000,-0.600000,-0.600000,0.600000,-0.600000,0.600000,-0.600000,0.600000,0.600000,0.600000,-0.600000,-0.600000,-0.600000,0.600000,0.600000,-0.600000,0.600000,-0.600000,-0.600000,-0.600000,-0.600000,-0.600000,0.600000,-0.600000,-0.600000,-0.600000,-0.600000,0.600000,-0.600000,0.611950,0.600000,-0.600000,-0.600000,-0.600000
51,-0.600000,0.600000,-0.600000,1.000000,-0.600000,0.998342,-0.998485,-0.600000,0.600000,-0.600000,-0.600000,0.600000,-0.600000,0.600000,-0.600000,-0.600000,0.600000,-0.600000,-0.600000,-0.651523,-0.604795,0.600000,-0.600000,-0.600000,-0.611950,-0.600000,-0.600000,-0.600000,0.600000,-0.600000,-0.600000,-0.600000,-0.600000,-0.600000,0.600000,-0.067365,0.597599,0.600000,-0.600000,-0.600000,0.600000,-0.600000,0.600000,-0.600000,0.600000,0.600000,0.600000,-0.600000,-0.600000,-0.600000,0.600000,0.600000,-0.600000,0.600000,-0.600000,-0.600000,-0.600000,-0.600000,-0.600000,0.600000,-0.600000,-0.600000,-0.600000,-0.600000,0.600000,-0.600000,0.611950,0.600000,-0.600000,-0.600000,-0.600000
52,-0.600000,0.600000,-0.600000,1.000000,-0.600000,0.998530,-0.998657,-0.600000,0.600000,-0.600000,-0.600000,0.600000,-0.600000,0.600000,-0.600000,-0.600000,0.600000,-0.600000,-0.600000,-0.651523,-0.604795,0.600000,-0.600000,-0.600000,-0.611950,-0.600000,-0.600000,-0.600000,0.600000,-0.600000,-0.600000,-0.600000,-0.600000,-0.600000,0.600000,-0.063684,0.597599,0.600000,-0.600000,-0.600000,0.600000,-0.600000,0.600000,-0.600000,0.600000,0.600000,0.600000,-0.600000,-0.600000,-0.600000,0.600000,0.600000,-0.600000,0.600000,-0.600000,-0.600000,-0.600000,-0.600000,-0.600000,0.600000,-0.600000,-0.600000,-0.600000,-0.600000,0.600000,-0.600000,0.611950,0.600000,-0.600000,-0.600000,-0.600000
53,-0.600000,0.600000,-0.600000,1.000000,-0.600000,0.998697,-0.998809,-0.600000,0.600000,-0.600000,-0.600000,0.600000,-0.600000,0.600000,-0.600000,-0.600000,0.600000,-0.600000,-0.600000,-0.651523,-0.604795,0.600000,-0.600000,-0.600000,-0.611950,-0.600000,-0.600000,-0.600000,0.600000,-0.600000,-0.600000,-0.600000,-0.600000,-0.600000,0.600000,-0.060191,0.597599,0.600000,-0.600000,-0.600000,0.600000,-0.600000,0.600000,-0.600000,0.600000,0.600000,0.600000,-0.600000,-0.600000,-0.600000,0.600000,0.600000,-0.600000,0.600000,-0.600000,-0.600000,-0.600000,-0.600000,-0.600000,0.600000,-0.600000,-0.600000,-0.600000,-0.600000,0.600000,-0.600000,0.611950,0.600000,-0.600000,-0.600000,-0.600000
54,-0.600000,0.600000,-0.600000,1.000000,-0.600000,0.998845,-0.998944,-0.600000,0.600000,-0.600000,-0.600000,0.600000,-0.600000,0.600000,-0.600000,-0.600000,0.600000,-0.600000,-0.600000,-0.651523,-0.604795,0.600000,-0.600000,-0.600000,-0.611950,-0.600000,-0.600000,-0.600000,0.600000,-0.600000,-0.600000,-0.600000,-0.600000,-0.600000,0.600000,-0.056878,0.597599,0.600000,-0.600000,-0.600000,0.600000,-0.600000,0.600000,-0.600000,0.600000,0.600000,0.600000,-0.600000,-0.600000,-0.600000,0.600000,0.600000,-0.600000,0.600000,-0.600000,-0.600000,-0.600000,-0.600000,-0.600000,0.600000,-0.600000,-0.600000,-0.600000,-0.600000,0.600000,-0.600000,0.611950,0.600000,-0.600000,-0.600000,-0.600000
55,-0.600000,0.600000,-0.600000,1.000000,-0.600000,0.998976,-0.999064,-0.600000,0.600000,-0.600000,-0.600000,0.600000,-0.600000,0.600000,-0.600000,-0.600000,0.600000,-0.600000,-0.600000,-0.651523,-0.604795,0.600000,-0.600000,-0.600000,-0.611950,-0.600000,-0.600000,-0.600000,0.600000,-0.600000,-0.600000,-0.600000,-0.600000,-0.600000,0.600000,-0.053737,0.597599,0.600000,-0.600000,-0.600000,0.600000,-0.600000,0.600000,-0.600000,0.600000,0.600000,0.600000,-0.600000,-0.600000,-0.600000,0.600000,0.600000,-0.600000,0.600000,-0.600000,-0.600000,-0.600000,-0.600000,-0.600000,0.600000,-0.600000,-0.600000,-0.600000,-0.600000,0.600000,-0.600000,0.611950,0.600000,-0.600000,-0.600000,-0.600000
56,-0.600000,0.600000,-0.600000,1.000000,-0.600000,0.999092,-0.999170,-0.600000,0.600000,-0.600000,-0.600000,0.600000,-0.600000,0.600000,-0.600000,-0.600000,0.600000,-0.600000,-0.600000,-0.651523,-0.604795,0.600000,-0.600000,-0.600000,-0.611950,-0.600000,-0.600000,-0.600000,0.600000,-0.600000,-0.600000,-0.600000,-0.600000,-0.600000,0.600000,-0.050760,0.597599,0.600000,-0.600000,-0.600000,0.600000,-0.600000,0.600000,-0.600000,0.600000,0.600000,0.600000,-0.600000,-0.600000,-0.600000,0.600000,0.600000,-0.600000,0.600000,-0.600000,-0.600000,-0.600000,-0.600000,-0.600000,0.600000,-0.600000,-0.600000,-0.600000,-0.600000,0.600000,-0.600000,0.611950,0.600000,-0.600000,-0.600000,-0.600000
57,-0.600000,0.600000,-0.600000,1.000000,-0.600000,0.999195,-0.999265,-0.600000,0.600000,-0.600000,-0.600000,0.600000,-0.600000,0.600000,-0.600000,-0.600000,0.600000,-0.600000,-0.600000,-0.651523,-0.604795,0.600000,-0.600000,-0.600000,-0.611950,-0.600000,-0.600000,-0.600000,0.600000,-0.600000,-0.600000,-0.600000,-0.600000,-0.600000,0.600000,-0.047940,0.597599,0.600000,-0.600000,-0.600000,0.600000,-0.600000,0.600000,-0.600000,0.600000,0.600000,0.600000,-0.600000,-0.600000,-0.600000,0.600000,0.600000,-0.600000,0.600000,-0.600000,-0.600000,-0.600000,-0.600000,-0.600000,0.600000,-0.600000,-0.600000,-0.600000,-0.600000,0.600000,-0.600000,0.611950,0.600000,-0.600000,-0.600000,-0.600000
58,-0.600000,0.600000,-0.600000,1.000000,-0.600000,0.999286,-0.999348,-0.600000,0.600000,-0.600000,-0.600000,0.600000,-0.600000,0.600000,-0.600000,-0.600000,0.600000,-0.600000,-0.600000,-0.651523,-0.604795,0.600000,-0.600000,-0.600000,-0.611950,-0.600000,-0.600000,-0.600000,0.600000,-0.600000,-0.600000,-0.600000,-0.600000,-0.600000,0.600000,-0.045268,0.597599,0.600000,-0.600000,-0.600000,0.600000,-0.600000,0.600000,-0.600000,0.600000,0.600000,0.600000,-0.600000,-0.600000,-0.600000,0.600000,0.600000,-0.600000,0.600000,-0.600000,-0.600000,-0.600000,-0.600000,-0.600000,0.600000,-0.600000,-0.600000,-0.600000,-0.600000,0.600000,-0.600000,0.611950,0.600000,-0.600000,-0.600000,-0.600000
59,-0.600000,0.600000,-0.600000,1.000000,-0.600000,0.999368,-0.999422,-0.600000,0.600000,-0.600000,-0.600000,0.600000,-0.600000,0.600000,-0.600000,-0.600000,0.600000,-0.600000,-0.600000,-0.651523,-0.604795,0.600000,-0.600000,-0.600000,-0.611950,-0.600000,-0.600000,-0.600000,0.600000,-0.600000,-0.600000,-0.600000,-0.600000,-0.600000,0.600000,-0.042739,0.597599,0.600000,-0.600000,-0.600000,0.600000,-0.600000,0.600000,-0.600000,0.600000,0.600000,0.600000,-0.600000,-0.600000,-0.600000,0.600000,0.600000,-0.600000,0.600000,-0.600000,-0.600000,-0.600000,-0.600000,-0.600000,0.600000,-0.600000,-0.600000,-0.600000,-0.600000,0.600000,-0.600000,0.611950,0.600000,-0.600000,-0.600000,-0.600000
60,-0.600000,0.600000,-0.600000,1.000000,-0.600000,0.999439,-0.999488,-0.600000,0.600000,-0.600000,-0.600000,0.600000,-0.600000,0.600000,-0.600000,-0.600000,0.600000,-0.600000,-0.600000,-0.651523,-0.604795,0.600000,-0.600000,-0.600000,-0.611950,-0.600000,-0.600000,-0.600000,0.600000,-0.600000,-0.600000,-0.600000,-0.600000,-0.600000,0.600000,-0.040345,0.597599,0.600000,-0.600000,-0.600000,0.600000,-0.600000,0.600000,-0.600000,0.600000,0.600000,0.600000,-0.600000,-0.600000,-0.600000,0.600000,0.600000,-0.600000,0.600000,-0.600000,-0.600000,-0.600000,-0.600000,-0.600000,0.600000,-0.600000,-0.600000,-0.600000,-0.600000,0.600000,-0.600000,0.611950,0.600000,-0.600000,-0.600000,-0.600000
61,-0.600000,0.600000,-0.600000,1.000000,-0.600000,0.999503,-0.999546,-0.600000,0.600000,-0.600000,-0.600000,0.600000,-0.600000,0.600000,-0.600000,-0.600000,0.600000,-0.600000,-0.600000,-0.651523,-0.604795,0.600000,-0.600000,-0.600000,-0.611950,-0.600000,-0.600000,-0.600000,0.600000,-0.600000,-0.600000,-0.600000,-0.600000,-0.600000,0.600000,-0.038080,0.597599,0.600000,-0.600000,-0.600000,0.600000,-0.600000,0.600000,-0.600000,0.600000,0.600000,0.600000,-0.600000,-0.600000,-0.600000,0.600000,0.600000,-0.600000,0.600000,-0.600000,-0.600000,-0.600000,-0.600000,-0.600000,0.600000,-0.600000,-0.600000,-0.600000,-0.600000,0.600000,-0.600000,0.611950,0.600000,-0.600000,-0.600000,-0.600000
62,-0.600000,0.600000,-0.600000,1.000000,-0.600000,0.999559,-0.999598,-0.600000,0.600000,-0.600000,-0.600000,0.600000,-0.600000,0.600000,-0.600000,-0.600000,0.600000,-0.600000,-0.600000,-0.651523,-0.604795,0.600000,-0.600000,-0.600000,-0.611950,-0.600000,-0.600000,-0.600000,0.600000,-0.600000,-0.600000,-0.600000,-0.600000,-0.600000,0.600000,-0.035938,0.597599,0.600000,-0.600000,-0.600000,0.600000,-0.600000,0.600000,-0.600000,0.600000,0.600000,0.600000,-0.600000,-0.600000,-0.600000,0.600000,0.600000,-0.600000,0.600000,-0.600000,-0.600000,-0.600000,-0.600000,-0.600000,0.600000,-0.600000,-0.600000,-0.600000,-0.600000,0.600000,-0.600000,0.611950,0.600000,-0.600000,-0.600000,-0.600000
63,-0.600000,0.600000,-0.600000,1.000000,-0.600000,0.999609,-0.999643,-0.600000,0.600000,-0.600000,-0.600000,0.600000,-0.600000,0.600000,-0.600000,-0.600000,0.600000,-0.600000,-0.600000,-0.651523,-0.604795,0.600000,-0.600000,-0.600000,-0.611950,-0.600000,-0.600000,-0.600000,0.600000,-0.600000,-0.600000,-0.600000,-0.600000,-0.600000,0.600000,-0.033911,0.597599,0.600000,-0.600000,-0.600000,0.600000,-0.600000,0.600000,-0.600000,0.600000,0.600000,0.600000,-0.600000,-0.600000,-0.600000,0.600000,0.600000,-0.600000,0.600000,-0.600000,-0.600000,-0.600000,-0.600000,-0.600000,0.600000,-0.600000,-0.600000,-0.600000,-0.600000,0.600000,-0.600000,0.611950,0.600000,-0.600000,-0.600000,-0.600000
64,-0.600000,0.600000,-0.600000,1.000000,-0.600000,0.999654,-0.999684,-0.600000,0.600000,-0.600000,-0.600000,0.600000,-0.600000,0.600000,-0.600000,-0.600000,0.600000,-0.600000,-0.600000,-0.651523,-0.604795,0.600000,-0.600000,-0.600000,-0.611950,-0.600000,-0.600000,-0.600000,0.600000,-0.600000,-0.600000,-0.600000,-0.600000,-0.600000,0.600000,-0.031995,0.597599,0.600000,-0.600000,-0.600000,0.600000,-0.600000,0.600000,-0.600000,0.600000,0.600000,0.600000,-0.600000,-0.600000,-0.600000,0.600000,0.600000,-0.600000,0.600000,-0.600000,-0.600000,-0.600000,-0.600000,-0.600000,0.600000,-0.600000,-0.600000,-0.600000,-0.600000,0.600000,-0.600000,0.611950,0.600000,-0.600000,-0.600000,-0.600000
65,-0.600000,0.600000,-0.600000,1.000000,-0.600000,0.999693,-0.999720,-0.600000,0.600000,-0.600000,-0.600000,0.600000,-0.600000,0.600000,-0.600000,-0.600000,0.600000,-0.600000,-0.600000,-0.651523,-0.604795,0.600000,-0.600000,-0.600000,-0.611950,-0.600000,-0.600000,-0.600000,0.600000,-0.600000,-0.600000,-0.600000,-0.600000,-0.600000,0.600000,-0.030184,0.597599,0.600000,-0.600000,-0.600000,0.600000,-0.600000,0.600000,-0.600000,0.600000,0.600000,0.600000,-0.600000,-0.600000,-0.600000,0.600000,0.600000,-0.600000,0.600000,-0.600000,-0.600000,-0.600000,-0.600000,-0.600000,0.600000,-0.600000,-0.600000,-0.600000,-0.600000,0.600000,-0.600000,0.611950,0.600000,-0.600000,-0.600000,-0.600000
66,-0.600000,0.600000,-0.600000,1.000000,-0.600000,0.999728,-0.999752,-0.600000,0.600000,-0.600000,-0.600000,0.600000,-0.600000,0.600000,-0.600000,-0.600000,0.600000,-0.600000,-0.600000,-0.651523,-0.604795,0.600000,-0.600000,-0.600000,-0.611950,-0.600000,-0.600000,-0.600000,0.600000,-0.600000,-0.600000,-0.600000,-0.600000,-0.600000,0.600000,-0.028472,0.597599,0.600000,-0.600000,-0.600000,0.600000,-0.600000,0.600000,-0.600000,0.600000,0.600000,0.600000,-0.600000,-0.600000,-0.600000,0.600000,0.600000,-0.600000,0.600000,-0.600000,-0.600000,-0.600000,-0.600000,-0.600000,0.600000,-0.600000,-0.600000,-0.600000,-0.600000,0.600000,-0.600000,0.611950,0.600000,-0.600000,-0.600000,-0.600000
67,-0.600000,0.600000,-0.600000,1.000000,-0.600000,0.999759,-0.999780,-0.600000,0.600000,-0.600000,-0.600000,0.600000,-0.600000,0.600000,-0.600000,-0.600000,0.600000,-0.600000,-0.600000,-0.651523,-0.604795,0.600000,-0.600000,-0.600000,-0.611950,-0.600000,-0.600000,-0.600000,0.600000,-0.600000,-0.600000,-0.600000,-0.600000,-0.600000,0.600000,-0.026855,0.597599,0.600000,-0.600000,-0.600000,0.600000,-0.600000,0.600000,-0.600000,0.600000,0.600000,0.600000,-0.600000,-0.600000,-0.600000,0.600000,0.600000,-0.600000,0.600000,-0.600000,-0.600000,-0.600000,-0.600000,-0.600000,0.600000,-0.600000,-0.600000,-0.600000,-0.600000,0.600000,-0.600000,0.611950,0.600000,-0.600000,-0.600000,-0.600000
68,-0.600000,0.600000,-0.600000,1.000000,-0.600000,0.999786,-0.999805,-0.600000,0.600000,-0.600000,-0.600000,0.600000,-0.600000,0.600000,-0.600000,-0.600000,0.600000,-0.600000,-0.600000,-0.651523,-0.604795,0.600000,-0.600000,-0.600000,-0.611950,-0.600000,-0.600000,-0.600000,0.600000,-0.600000,-0.600000,-0.600000,-0.600000,-0.600000,0.600000,-0.025327,0.597599,0.600000,-0.600000,-0.600000,0.600000,-0.600000,0.600000,-0.600000,0.600000,0.600000,0.600000,-0.600000,-0.600000,-0.600000,0.600000,0.600000,-0.600000,0.600000,-0.600000,-0.600000,-0.600000,-0.600000,-0.600000,0.600000,-0.600000,-0.600000,-0.600000,-0.600000,0.600000,-0.600000,0.611950,0.600000,-0.600000,-0.600000,-0.600000
69,-0.600000,0.600000,-0.600000,1.000000,-0.600000,0.999811,-0.999827,-0.600000,0.600000,-0.600000,-0.600000,0.600000,-0.600000,0.600000,-0.600000,-0.600000,0.600000,-0.600000,-0.600000,-0.651523,-0.604795,0.600000,-0.600000,-0.600000,-0.611950,-0.600000,-0.600000,-0.600000,0.600000,-0.600000,-0.600000,-0.600000,-0.600000,-0.600000,0.600000,-0.023884,0.597599,0.600000,-0.600000,-0.600000,0.600000,-0.600000,0.600000,-0.600000,0.600000,0.600000,0.600000,-0.600000,-0.600000,-0.600000,0.600000,0.600000,-0.600000,0.600000,-0.600000,-0.600000,-0.600000,-0.600000,-0.600000,0.600000,-0.600000,-0.600000,-0.600000,-0.600000,0.600000,-0.600000,0.611950,0.600000,-0.600000,-0.600000,-0.600000
70,-0.600000,0.600000,-0.600000,1.000000,-0.600000,0.999832,-0.999847,-0.600000,0.600000,-0.600000,-0.600000,0.600000,-0.600000,0.600000,-0.600000,-0.600000,0.600000,-0.600000,-0.600000,-0.651523,-0.604795,0.600000,-0.600000,-0.600000,-0.611950,-0.600000,-0.600000,-0.600000,0.600000,-0.600000,-0.600000,-0.600000,-0.600000,-0.600000,0.600000,-0.022521,0.597599,0.600000,-0.600000,-0.600000,0.600000,-0.600000,0.600000,-0.600000,0.600000,0.600000,0.600000,-0.600000,-0.600000,-0.600000,0.600000,0.600000,-0.600000,0.600000,-0.600000,-0.600000,-0.600000,-0.600000,-0.600000,0.600000,-0.600000,-0.600000,-0.600000,-0.600000,0.600000,-0.600000,0.611950,0.600000,-0.600000,-0.600000,-0.600000
71,-0.600000,0.600000,-0.600000,1.000000,-0.600000,0.999851,-0.999864,-0.600000,0.600000,-0.600000,-0.600000,0.600000,-0.600000,0.600000,-0.600000,-0.600000,0.600000,-0.600000,-0.600000,-0.651523,-0.604795,0.600000,-0.600000,-0.600000,-0.611950,-0.600000,-0.600000,-0.600000,0.600000,-0.600000,-0.600000,-0.600000,-0.600000,-0.600000,0.600000,-0.021235,0.597599,0.600000,-0.600000,-0.600000,0.600000,-0.600000,0.600000,-0.600000,0.600000,0.600000,0.600000,-0.600000,-0.600000,-0.600000,0.600000,0.600000,-0.600000,0.600000,-0.600000,-0.600000,-0.600000,-0.600000,-0.600000,0.600000,-0.600000,-0.600000,-0.600000,-0.600000,0.600000,-0.600000,0.611950,0.600000,-0.600000,-0.600000,-0.600000
72,-0.600000,0.600000,-0.600000,1.000000,-0.600000,0.999868,-0.999879,-0.600000,0.600000,-0.600000,-0.600000,0.600000,-0.600000,0.600000,-0.600000,-0.600000,0.600000,-0.600000,-0.600000,-0.651523,-0.604795,0.600000,-0.600000,-0.600000,-0.611950,-0.600000,-0.600000,-0.600000,0.600000,-0.600000,-0.600000,-0.600000,-0.600000,-0.600000,0.600000,-0.020020,0.597599,0.600000,-0.600000,-0.600000,0.600000,-0.600000,0.600000,-0.600000,0.600000,0.600000,0.600000,-0.600000,-0.600000,-0.600000,0.600000,0.600000,-0.600000,0.600000,-0.600000,-0.600000,-0.600000,-0.600000,-0.600000,0.600000,-0.600000,-0.600000,-0.600000,-0.600000,0.600000,-0.600000,0.611950,0.600000,-0.600000,-0.600000,-0.600000
73,-0.600000,0.600000,-0.600000,1.000000,-0.600000,0.999883,-0.999893,-0.600000,0.600000,-0.600000,-0.600000,0.600000,-0.600000,0.600000,-0.600000,-0.600000,0.600000,-0.600000,-0.600000,-0.651523,-0.604795,0.600000,-0.600000,-0.600000,-0.611950,-0.600000,-0.600000,-0.600000,0.600000,-0.600000,-0.600000,-0.600000,-0.600000,-0.600000,0.600000,-0.018874,0.597599,0.600000,-0.600000,-0.600000,0.600000,-0.600000,0.600000,-0.600000,0.600000,0.600000,0.600000,-0.600000,-0.600000,-0.600000,0.600000,0.600000,-0.600000,0.600000,-0.600000,-0.600000,-0.600000,-0.600000,-0.600000,0.600000,-0.600000,-0.600000,-0.600000,-0.600000,0.600000,-0.600000,0.611950,0.600000,-0.600000,-0.600000,-0.600000
74,-0.600000,0.600000,-0.600000,1.000000,-0.600000,0.999896,-0.999905,-0.600000,0.600000,-0.600000,-0.600000,0.600000,-0.600000,0.600000,-0.600000,-0.600000,0.600000,-0.600000,-0.600000,-0.651523,-0.604795,0.600000,-0.600000,-0.600000,-0.611950,-0.600000,-0.600000,-0.600000,0.600000,-0.600000,-0.600000,-0.600000,-0.600000,-0.600000,0.600000,-0.017791,0.597599,0.600000,-0.600000,-0.600000,0.600000,-0.600000,0.600000,-0.600000,0.600000,0.600000,0.600000,-0.600000,-0.600000,-0.600000,0.600000,0.600000,-0.600000,0.600000,-0.600000,-0.600000,-0.600000,-0.600000,-0.600000,0.600000,-0.600000,-0.600000,-0.600000,-0.600000,0.600000,-0.600000,0.611950,0.600000,-0.600000,-0.600000,-0.600000
75,-0.600000,0.600000,-0.600000,1.000000,-0.600000,0.999908,-0.999916,-0.600000,0.600000,-0.600000,-0.600000,0.600000,-0.600000,0.600000,-0.600000,-0.600000,0.600000,-0.600000,-0.600000,-0.651523,-0.604795,0.600000,-0.600000,-0.600000,-0.611950,-0.600000,-0.600000,-0.600000,0.600000,-0.600000,-0.600000,-0.600000,-0.600000,-0.600000,0.600000,-0.016770,0.597599,0.600000,-0.600000,-0.600000,0.600000,-0.600000,0.600000,-0.600000,0.600000,0.600000,0.600000,-0.600000,-0.600000,-0.600000,0.600000,0.600000,-0.600000,0.600000,-0.600000,-0.600000,-0.600000,-0.600000,-0.600000,0.600000,-0.600000,-0.600000,-0.600000,-0.600000,0.600000,-0.600000,0.611950,0.600000,-0.600000,-0.600000,-0.600000
76,-0.600000,0.600000,-0.600000,1.000000,-0.600000,0.999919,-0.999926,-0.600000,0.600000,-0.600000,-0.600000,0.600000,-0.600000,0.600000,-0.600000,-0.600000,0.600000,-0.600000,-0.600000,-0.651523,-0.604795,0.600000,-0.600000,-0.600000,-0.611950,-0.600000,-0.600000,-0.600000,0.600000,-0.600000,-0.600000,-0.600000,-0.600000,-0.600000,0.600000,-0.015807,0.597599,0.600000,-0.600000,-0.600000,0.600000,-0.600000,0.600000,-0.600000,0.600000,0.600000,0.600000,-0.600000,-0.600000,-0.600000,0.600000,0.600000,-0.600000,0.600000,-0.600000,-0.600000,-0.600000,-0.600000,-0.600000,0.600000,-0.600000,-0.600000,-0.600000,-0.600000,0.600000,-0.600000,0.611950,0.600000,-0.600000,-0.600000,-0.600000
77,-0.600000,0.600000,-0.600000,1.000000,-0.600000,0.999928,-0.999934,-0.600000,0.600000,-0.600000,-0.600000,0.600000,-0.600000,0.600000,-0.600000,-0.600000,0.600000,-0.600000,-0.600000,-0.651523,-0.604795,0.600000,-0.600000,-0.600000,-0.611950,-0.600000,-0.600000,-0.600000,0.600000,-0.600000,-0.600000,-0.600000,-0.600000,-0.600000,0.600000,-0.014898,0.597599,0.600000,-0.600000,-0.600000,0.600000,-0.600000,0.600000,-0.600000,0.600000,0.600000,0.600000,-0.600000,-0.600000,-0.600000,0.600000,0.600000,-0.600000,0.600000,-0.600000,-0.600000,-0.600000,-0.600000,-0.600000,0.600000,-0.600000,-0.600000,-0.600000,-0.600000,0.600000,-0.600000,0.611950,0.600000,-0.600000,-0.600000,-0.600000
78,-0.600000,0.600000,-0.600000,1.000000,-0.600000,0.999936,-0.999942,-0.600000,0.600000,-0.600000,-0.600000,0.600000,-0.600000,0.600000,-0.600000,-0.600000,0.600000,-0.600000,-0.600000,-0.651523,-0.604795,0.600000,-0.600000,-0.600000,-0.611950,-0.600000,-0.600000,-0.600000,0.600000,-0.600000,-0.600000,-0.600000,-0.600000,-0.600000,0.600000,-0.014040,0.597599,0.600000,-0.600000,-0.600000,0.600000,-0.600000,0.600000,-0.600000,0.600000,0.600000,0.600000,-0.600000,-0.600000,-0.600000,0.600000,0.600000,-0.600000,0.600000,-0.600000,-0.600000,-0.600000,-0.600000,-0.600000,0.600000,-0.600000,-0.600000,-0.600000,-0.600000,0.600000,-0.600000,0.611950,0.600000,-0.600000,-0.600000,-0.600000
79,-0.600000,0.600000,-0.600000,1.000000,-0.600000,0.999943,-0.999948,-0.600000,0.600000,-0.600000,-0.600000,0.600000,-0.600000,0.600000,-0.600000,-0.600000,0.600000,-0.600000,-0.600000,-0.651523,-0.604795,0.600000,-0.600000,-0.600000,-0.611950,-0.600000,-0.600000,-0.600000,0.600000,-0.600000,-0.600000,-0.600000,-0.600000,-0.600000,0.600000,-0.013232,0.597599,0.600000,-0.600000,-0.600000,0.600000,-0.600000,0.600000,-0.600000,0.600000,0.600000,0.600000,-0.600000,-0.600000,-0.600000,0.600000,0.600000,-0.600000,0.600000,-0.600000,-0.600000,-0.600000,-0.600000,-0.600000,0.600000,-0.600000,-0.600000,-0.600000,-0.600000,0.600000,-0.600000,0.611950,0.600000,-0.600000,-0.600000,-0.600000
80,-0.600000,0.600000,-0.600000,1.000000,-0.600000,0.999950,-0.999954,-0.600000,0.600000,-0.600000,-0.600000,0.600000,-0.600000,0.600000,-0.600000,-0.600000,0.600000,-0.600000,-0.600000,-0.651523,-0.604795,0.600000,-0.600000,-0.600000,-0.611950,-0.600000,-0.600000,-0.600000,0.600000,-0.600000,-0.600000,-0.600000,-0.600000,-0.600000,0.600000,-0.012469,0.597599,0.600000,-0.600000,-0.600000,0.600000,-0.600000,0.600000,-0.600000,0.600000,0.600000,0.600000,-0.600000,-0.600000,-0.600000,0.600000,0.600000,-0.600000,0.600000,-0.600000,-0.600000,-0.600000,-0.600000,-0.600000,0.600000,-0.600000,-0.600000,-0.600000,-0.600000,0.600000,-0.600000,0.611950,0.600000,-0.600000,-0.600000,-0.600000
81,-0.600000,0.600000,-0.600000,1.000000,-0.600000,0.999955,-0.999959,-0.600000,0.600000,-0.600000,-0.600000,0.600000,-0.600000,0.600000,-0.600000,-0.600000,0.600000,-0.600000,-0.600000,-0.651523,-0.604795,0.600000,-0.600000,-0.600000,-0.611950,-0.600000,-0.600000,-0.600000,0.600000,-0.600000,-0.600000,-0.600000,-0.600000,-0.600000,0.600000,-0.011750,0.597599,0.600000,-0.600000,-0.600000,0.600000,-0.600000,0.600000,-0.600000,0.600000,0.600000,0.600000,-0.600000,-0.600000,-0.600000,0.600000,0.600000,-0.600000,0.600000,-0.600000,-0.600000,-0.600000,-0.600000,-0.600000,0.600000,-0.600000,-0.600000,-0.600000,-0.600000,0.600000,-0.600000,0.611950,0.600000,-0.600000,-0.600000,-0.600000
82,-0.600000,0.600000,-0.600000,1.000000,-0.600000,0.999960,-0.999964,-0.600000,0.600000,-0.600000,-0.600000,0.600000,-0.600000,0.600000,-0.600000,-0.600000,0.600000,-0.600000,-0.600000,-0.651523,-0.604795,0.600000,-0.600000,-0.600000,-0.611950,-0.600000,-0.600000,-0.600000,0.600000,-0.600000,-0.600000,-0.600000,-0.600000,-0.600000,0.600000,-0.011071,0.597599,0.600000,-0.600000,-0.600000,0.600000,-0.600000,0.600000,-0.600000,0.600000,0.600000,0.600000,-0.600000,-0.600000,-0.600000,0.600000,0.600000,-0.600000,0.600000,-0.600000,-0.600000,-0.600000,-0.600000,-0.600000,0.600000,-0.600000,-0.600000,-0.600000,-0.600000,0.600000,-0.600000,0.611950,0.600000,-0.600000,-0.600000,-0.600000
83,-0.600000,0.600000,-0.600000,1.000000,-0.600000,0.999965,-0.999968,-0.600000,0.600000,-0.600000,-0.600000,0.600000,-0.600000,0.600000,-0.600000,-0.600000,0.600000,-0.600000,-0.600000,-0.651523,-0.604795,0.600000,-0.600000,-0.600000,-0.611950,-0.600000,-0.600000,-0.600000,0.600000,-0.600000,-0.600000,-0.600000,-0.600000,-0.600000,0.600000,-0.010432,0.597599,0.600000,-0.600000,-0.600000,0.600000,-0.600000,0.600000,-0.600000,0.600000,0.600000,0.600000,-0.600000,-0.600000,-0.600000,0.600000,0.600000,-0.600000,0.600000,-0.600000,-0.600000,-0.600000,-0.600000,-0.600000,0.600000,-0.600000,-0.600000,-0.600000,-0.600000,0.600000,-0.600000,0.611950,0.600000,-0.600000,-0.600000,-0.600000
84,-0.600000,0.600000,-0.600000,1.000000,-0.600000,0.999969,-0.999972,-0.600000,0.600000,-0.600000,-0.600000,0.600000,-0.600000,0.600000,-0.600000,-0.600000,0.600000,-0.600000,-0.600000,-0.651523,-0.604795,0.600000,-0.600000,-0.600000,-0.611950,-0.600000,-0.600000,-0.600000,0.600000,-0.600000,-0.600000,-0.600000,-0.600000,-0.600000,0.600000,-0.009829,0.597599,0.600000,-0.600000,-0.600000,0.600000,-0.600000,0.600000,-0.600000,0.600000,0.600000,0.600000,-0.600000,-0.600000,-0.600000,0.600000,0.600000,-0.600000,0.600000,-0.600000,-0.600000,-0.600000,-0.600000,-0.600000,0.600000,-0.600000,-0.600000,-0.600000,-0.600000,0.600000,-0.600000,0.611950,0.600000,-0.600000,-0.600000,-0.600000
85,-0.600000,0.600000,-0.600000,1.000000,-0.600000,0.999972,-0.999975,-0.600000,0.600000,-0.600000,-0.600000,0.600000,-0.600000,0.600000,-0.600000,-0.600000,0.600000,-0.600000,-0.600000,-0.651523,-0.604795,0.600000,-0.600000,-0.600000,-0.611950,-0.600000,-0.600000,-0.600000,0.600000,-0.600000,-0.600000,-0.600000,-0.600000,-0.600000,0.600000,-0.009260,0.597599,0.600000,-0.600000,-0.600000,0.600000,-0.600000,0.600000,-0.600000,0.600000,0.600000,0.600000,-0.600000,-0.600000,-0.600000,0.600000,0.600000,-0.600000,0.600000,-0.600000,-0.600000,-0.600000,-0.600000,-0.600000,0.600000,-0.600000,-0.600000,-0.600000,-0.600000,0.600000,-0.600000,0.611950,0.600000,-0.600000,-0.600000,-0.600000
86,-0.600000,0.600000,-0.600000,1.000000,-0.600000,0.999976,-0.999978,-0.600000,0.600000,-0.600000,-0.600000,0.600000,-0.600000,0.600000,-0.600000,-0.600000,0.600000,-0.600000,-0.600000,-0.651523,-0.604795,0.600000,-0.600000,-0.600000,-0.611950,-0.600000,-0.600000,-0.600000,0.600000,-0.600000,-0.600000,-0.600000,-0.600000,-0.600000,0.600000,-0.008725,0.597599,0.600000,-0.600000,-0.600000,0.600000,-0.600000,0.600000,-0.600000,0.600000,0.600000,0.600000,-0.600000,-0.600000,-0.600000,0.600000,0.600000,-0.600000,0.600000,-0.600000,-0.600000,-0.600000,-0.600000,-0.600000,0.600000,-0.600000,-0.600000,-0.600000,-0.600000,0.600000,-0.600000,0.611950,0.600000,-0.600000,-0.600000,-0.600000
87,-0.600000,0.600000,-0.600000,1.000000,-0.600000,0.999978,-0.999980,-0.600000,0.600000,-0.600000,-0.600000,0.600000,-0.600000,0.600000,-0.600000,-0.600000,0.600000,-0.600000,-0.600000,-0.651523,-0.604795,0.600000,-0.600000,-0.600000,-0.611950,-0.600000,-0.600000,-0.600000,0.600000,-0.600000,-0.600000,-0.600000,-0.600000,-0.600000,0.600000,-0.008219,0.597599,0.600000,-0.600000,-0.600000,0.600000,-0.600000,0.600000,-0.600000,0.600000,0.600000,0.600000,-0.600000,-0.600000,-0.600000,0.600000,0.600000,-0.600000,0.600000,-0.600000,-0.600000,-0.600000,-0.600000,-0.600000,0.600000,-0.600000,-0.600000,-0.600000,-0.600000,0.600000,-0.600000,0.611950,0.600000,-0.600000,-0.600000,-0.600000
88,-0.600000,0.600000,-0.600000,1.000000,-0.600000,0.999981,-0.999982,-0.600000,0.600000,-0.600000,-0.600000,0.600000,-0.600000,0.600000,-0.600000,-0.600000,0.600000,-0.600000,-0.600000,-0.651523,-0.604795,0.600000,-0.600000,-0.600000,-0.611950,-0.600000,-0.600000,-0.600000,0.600000,-0.600000,-0.600000,-0.600000,-0.600000,-0.600000,0.600000,-0.007743,0.597599,0.600000,-0.600000,-0.600000,0.600000,-0.600000,0.600000,-0.600000,0.600000,0.600000,0.600000,-0.600000,-0.600000,-0.600000,0.600000,0.600000,-0.600000,0.600000,-0.600000,-0.600000,-0.600000,-0.600000,-0.600000,0.600000,-0.600000,-0.600000,-0.600000,-0.600000,0.600000,-0.600000,0.611950,0.600000,-0.600000,-0.600000,-0.600000
89,-0.600000,0.600000,-0.600000,1.000000,-0.600000,0.999983,-0.999984,-0.600000,0.600000,-0.600000,-0.600000,0.600000,-0.600000,0.600000,-0.600000,-0.600000,0.600000,-0.600000,-0.600000,-0.651523,-0.604795,0.600000,-0.600000,-0.600000,-0.611950,-0.600000,-0.600000,-0.600000,0.600000,-0.600000,-0.600000,-0.600000,-0.600000,-0.600000,0.600000,-0.007295,0.597599,0.600000,-0.600000,-0.600000,0.600000,-0.600000,0.600000,-0.600000,0.600000,0.600000,0.600000,-0.600000,-0.600000,-0.600000,0.600000,0.600000,-0.600000,0.600000,-0.600000,-0.600000,-0.600000,-0.600000,-0.600000,0.600000,-0.600000,-0.600000,-0.600000,-0.600000,0.600000,-0.600000,0.611950,0.600000,-0.600000,-0.600000,-0.600000
90,-0.600000,0.600000,-0.600000,1.000000,-0.600000,0.999985,-0.999986,-0.600000,0.600000,-0.600000,-0.600000,0.600000,-0.600000,0.600000,-0.600000,-0.600000,0.600000,-0.600000,-0.600000,-0.651523,-0.604795,0.600000,-0.600000,-0.600000,-0.611950,-0.600000,-0.600000,-0.600000,0.600000,-0.600000,-0.600000,-0.600000,-0.600000,-0.600000,0.600000,-0.006872,0.597599,0.600000,-0.600000,-0.600000,0.600000,-0.600000,0.600000,-0.600000,0.600000,0.600000,0.600000,-0.600000,-0.600000,-0.600000,0.600000,0.600000,-0.600000,0.600000,-0.600000,-0.600000,-0.600000,-0.600000,-0.600000,0.600000,-0.600000,-0.600000,-0.600000,-0.600000,0.600000,-0.600000,0.611950,0.600000,-0.600000,-0.600000,-0.600000
91,-0.600000,0.600000,-0.600000,1.000000,-0.600000,0.999987,-0.999988,-0.600000,0.600000,-0.600000,-0.600000,0.600000,-0.600000,0.600000,-0.600000,-0.600000,0.600000,-0.600000,-0.600000,-0.651523,-0.604795,0.600000,-0.600000,-0.600000,-0.611950,-0.600000,-0.600000,-0.600000,0.600000,-0.600000,-0.600000,-0.600000,-0.600000,-0.600000,0.600000,-0.006473,0.597599,0.600000,-0.600000,-0.600000,0.600000,-0.600000,0.600000,-0.600000,0.600000,0.600000,0.600000,-0.600000,-0.600000,-0.600000,0.600000,0.600000,-0.600000,0.600000,-0.600000,-0.600000,-0.600000,-0.600000,-0.600000,0.600000,-0.600000,-0.600000,-0.600000,-0.600000,0.600000,-0.600000,0.611950,0.600000,-0.600000,-0.600000,-0.600000
92,-0.600000,0.600000,-0.600000,1.000000,-0.600000,0.999988,-0.999989,-0.600000,0.600000,-0.600000,-0.600000,0.600000,-0.600000,0.600000,-0.600000,-0.600000,0.600000,-0.600000,-0.600000,-0.651523,-0.604795,0.600000,-0.600000,-0.600000,-0.611950,-0.600000,-0.600000,-0.600000,0.600000,-0.600000,-0.600000,-0.600000,-0.600000,-0.600000,0.600000,-0.006098,0.597599,0.600000,-0.600000,-0.600000,0.600000,-0.600000,0.600000,-0.600000,0.600000,0.600000,0.600000,-0.600000,-0.600000,-0.600000,0.600000,0.600000,-0.600000,0.600000,-0.600000,-0.600000,-0.600000,-0.600000,-0.600000,0.600000,-0.600000,-0.600000,-0.600000,-0.600000,0.600000,-0.600000,0.611950,0.600000,-0.600000,-0.600000,-0.600000
93,-0.600000,0.600000,-0.600000,1.000000,-0.600000,0.999990,-0.999990,-0.600000,0.600000,-0.600000,-0.600000,0.600000,-0.600000,0.600000,-0.600000,-0.600000,0.600000,-0.600000,-0.600000,-0.651523,-0.604795,0.600000,-0.600000,-0.600000,-0.611950,-0.600000,-0.600000,-0.600000,0.600000,-0.600000,-0.600000,-0.600000,-0.600000,-0.600000,0.600000,-0.005744,0.597599,0.600000,-0.600000,-0.600000,0.600000,-0.600000,0.600000,-0.600000,0.600000,0.600000,0.600000,-0.600000,-0.600000,-0.600000,0.600000,0.600000,-0.600000,0.600000,-0.600000,-0.600000,-0.600000,-0.600000,-0.600000,0.600000,-0.600000,-0.600000,-0.600000,-0.600000,0.600000,-0.600000,0.611950,0.600000,-0.600000,-0.600000,-0.600000
94,-0.600000,0.600000,-0.600000,1.000000,-0.600000,0.999991,-0.999992,-0.600000,0.600000,-0.600000,-0.600000,0.600000,-0.600000,0.600000,-0.600000,-0.600000,0.600000,-0.600000,-0.600000,-0.651523,-0.604795,0.600000,-0.600000,-0.600000,-0.611950,-0.600000,-0.600000,-0.600000,0.600000,-0.600000,-0.600000,-0.600000,-0.600000,-0.600000,0.600000,-0.005410,0.597599,0.600000,-0.600000,-0.600000,0.600000,-0.600000,0.600000,-0.600000,0.600000,0.600000,0.600000,-0.600000,-0.600000,-0.600000,0.600000,0.600000,-0.600000,0.600000,-0.600000,-0.600000,-0.600000,-0.600000,-0.600000,0.600000,-0.600000,-0.600000,-0.600000,-0.600000,0.600000,-0.600000,0.611950,0.600000,-0.600000,-0.600000,-0.600000
95,-0.600000,0.600000,-0.600000,1.000000,-0.600000,0.999992,-0.999992,-0.600000,0.600000,-0.600000,-0.600000,0.600000,-0.600000,0.600000,-0.600000,-0.600000,0.600000,-0.600000,-0.600000,-0.651523,-0.604795,0.600000,-0.600000,-0.600000,-0.611950,-0.600000,-0.600000,-0.600000,0.600000,-0.600000,-0.600000,-0.600000,-0.600000,-0.600000,0.600000,-0.005096,0.597599,0.600000,-0.600000,-0.600000,0.600000,-0.600000,0.600000,-0.600000,0.600000,0.600000,0.600000,-0.600000,-0.600000,-0.600000,0.600000,0.600000,-0.600000,0.600000,-0.600000,-0.600000,-0.600000,-0.600000,-0.600000,0.600000,-0.600000,-0.600000,-0.600000,-0.600000,0.600000,-0.600000,0.611950,0.600000,-0.600000,-0.600000,-0.600000
96,-0.600000,0.600000,-0.600000,1.000000,-0.600000,0.999993,-0.999993,-0.600000,0.600000,-0.600000,-0.600000,0.600000,-0.600000,0.600000,-0.600000,-0.600000,0.600000,-0.600000,-0.600000,-0.651523,-0.604795,0.600000,-0.600000,-0.600000,-0.611950,-0.600000,-0.600000,-0.600000,0.600000,-0.600000,-0.600000,-0.600000,-0.600000,-0.600000,0.600000,-0.004800,0.597599,0.600000,-0.600000,-0.600000,0.600000,-0.600000,0.600000,-0.600000,0.600000,0.600000,0.600000,-0.600000,-0.600000,-0.600000,0.600000,0.600000,-0.600000,0.600000,-0.600000,-0.600000,-0.600000,-0.600000,-0.600000,0.600000,-0.600000,-0.600000,-0.600000,-0.600000,0.600000,-0.600000,0.611950,0.600000,-0.600000,-0.600000,-0.600000
97,-0.600000,0.600000,-0.600000,1.000000,-0.600000,0.999994,-0.999994,-0.600000,0.600000,-0.600000,-0.600000,0.600000,-0.600000,0.600000,-0.600000,-0.600000,0.600000,-0.600000,-0.600000,-0.651523,-0.604795,0.600000,-0.600000,-0.600000,-0.611950,-0.600000,-0.600000,-0.600000,0.600000,-0.600000,-0.600000,-0.600000,-0.600000,-0.600000,0.600000,-0.004521,0.597599,0.600000,-0.600000,-0.600000,0.600000,-0.600000,0.600000,-0.600000,0.600000,0.600000,0.600000,-0.600000,-0.600000,-0.600000,0.600000,0.600000,-0.600000,0.600000,-0.600000,-0.600000,-0.600000,-0.600000,-0.600000,0.600000,-0.600000,-0.600000,-0.600000,-0.600000,0.600000,-0.600000,0.611950,0.600000,-0.600000,-0.600000,-0.600000
98,-0.600000,0.600000,-0.600000,1.000000,-0.600000,0.999994,-0.999995,-0.600000,0.600000,-0.600000,-0.600000,0.600000,-0.600000,0.600000,-0.600000,-0.600000,0.600000,-0.600000,-0.600000,-0.651523,-0.604795,0.600000,-0.600000,-0.600000,-0.611950,-0.600000,-0.600000,-0.600000,0.600000,-0.600000,-0.600000,-0.600000,-0.600000,-0.600000,0.600000,-0.004258,0.597599,0.600000,-0.600000,-0.600000,0.600000,-0.600000,0.600000,-0.600000,0.600000,0.600000,0.600000,-0.600000,-0.600000,-0.600000,0.600000,0.600000,-0.600000,0.600000,-0.600000,-0.600000,-0.600000,-0.600000,-0.600000,0.600000,-0.600000,-0.600000,-0.600000,-0.600000,0.600000,-0.600000,0.611950,0.600000,-0.600000,-0.600000,-0.600000
99,-0.600000,0.600000,-0.600000,1.000000,-0.600000,0.999995,-0.999995,-0.600000,0.600000,-0.600000,-0.600000,0.600000,-0.600000,0.600000,-0.600000,-0.600000,0.600000,-0.600000,-0.600000,-0.651523,-0.604795,0.600000,-0.600000,-0.600000,-0.611950,-0.600000,-0.600000,-0.600000,0.600000,-0.600000,-0.600000,-0.600000,-0.600000,-0.600000,0.600000,-0.004011,0.597599,0.600000,-0.600000,-0.600000,0.600000,-0.600000,0.600000,-0.600000,0.600000,0.600000,0.600000,-0.600000,-0.600000,-0.600000,0.600000,0.600000,-0.600000,0.600000,-0.600000,-0.600000,-0.600000,-0.600000,-0.600000,0.600000,-0.600000,-0.600000,-0.600000,-0.600000,0.600000,-0.600000,0.611950,0.600000,-0.600000,-0.600000,-0.600000
100,-0.600000,0.600000,-0.600000,1.000000,-0.600000,0.999995,-0.999996,-0.600000,0.600000,-0.600000,-0.600000,0.600000,-0.600000,0.600000,-0.600000,-0.600000,0.600000,-0.600000,-0.600000,-0.651523,-0.604795,0.600000,-0.600000,-0.600000,-0.611950,-0.600000,-0.600000,-0.600000,0.600000,-0.600000,-0.600000,-0.600000,-0.600000,-0.600000,0.600000,-0.003777,0.597599,0.600000,-0.600000,-0.600000,0.600000,-0.600000,0.600000,-0.600000,0.600000,0.600000,0.600000,-0.600000,-0.600000,-0.600000,0.600000,0.600000,-0.600000,0.600000,-0.600000,-0.600000,-0.600000,-0.600000,-0.600000,0.600000,-0.600000,-0.600000,-0.600000,-0.600000,0.600000,-0.600000,0.611950,0.600000,-0.600000,-0.600000,-0.600000
101,-0.600000,0.600000,-0.600000,1.000000,-0.600000,0.999996,-0.999996,-0.600000,0.600000,-0.600000,-0.600000,0.600000,-0.600000,0.600000,-0.600000,-0.600000,0.600000,-0.600000,-0.600000,-0.651523,-0.604795,0.600000,-0.600000,-0.600000,-0.611950,-0.600000,-0.600000,-0.600000,0.600000,-0.600000,-0.600000,-0.600000,-0.600000,-0.600000,0.600000,-0.003558,0.597599,0.600000,-0.600000,-0.600000,0.600000,-0.600000,0.600000,-0.600000,0.600000,0.600000,0.600000,-0.600000,-0.600000,-0.600000,0.600000,0.600000,-0.600000,0.600000,-0.600000,-0.600000,-0.600000,-0.600000,-0.600000,0.600000,-0.600000,-0.600000,-0.600000,-0.600000,0.600000,-0.600000,0.611950,0.600000,-0.600000,-0.600000,-0.600000
102,-0.600000,0.600000,-0.600000,1.000000,-0.600000,0.999996,-0.999997,-0.600000,0.600000,-0.600000,-0.600000,0.600000,-0.600000,0.600000,-0.600000,-0.600000,0.600000,-0.600000,-0.600000,-0.651523,-0.604795,0.600000,-0.600000,-0.600000,-0.611950,-0.600000,-0.600000,-0.600000,0.600000,-0.600000,-0.600000,-0.600000,-0.600000,-0.600000,0.600000,-0.003351,0.597599,0.600000,-0.600000,-0.600000,0.600000,-0.600000,0.600000,-0.600000,0.600000,0.600000,0.600000,-0.600000,-0.600000,-0.600000,0.600000,0.600000,-0.600000,0.600000,-0.600000,-0.600000,-0.600000,-0.600000,-0.600000,0.600000,-0.600000,-0.600000,-0.600000,-0.600000,0.600000,-0.600000,0.611950,0.600000,-0.600000,-0.600000,-0.600000
103,-0.600000,0.600000,-0.600000,1.000000,-0.600000,0.999997,-0.999997,-0.600000,0.600000,-0.600000,-0.600000,0.600000,-0.600000,0.600000,-0.600000,-0.600000,0.600000,-0.600000,-0.600000,-0.651523,-0.604795,0.600000,-0.600000,-0.600000,-0.611950,-0.600000,-0.600000,-0.600000,0.600000,-0.600000,-0.600000,-0.600000,-0.600000,-0.600000,0.600000,-0.003156,0.597599,0.600000,-0.600000,-0.600000,0.600000,-0.600000,0.600000,-0.600000,0.600000,0.600000,0.600000,-0.600000,-0.600000,-0.600000,0.600000,0.600000,-0.600000,0.600000,-0.600000,-0.600000,-0.600000,-0.600000,-0.600000,0.600000,-0.600000,-0.600000,-0.600000,-0.600000,0.600000,-0.600000,0.611950,0.600000,-0.600000,-0.600000,-0.600000
104,-0.600000,0.600000,-0.600000,1.000000,-0.600000,0.999997,-0.999997,-0.600000,0.600000,-0.600000,-0.600000,0.600000,-0.600000,0.600000,-0.600000,-0.600000,0.600000,-0.600000,-0.600000,-0.651523,-0.604795,0.600000,-0.600000,-0.600000,-0.611950,-0.600000,-0.600000,-0.600000,0.600000,-0.600000,-0.600000,-0.600000,-0.600000,-0.600000,0.600000,-0.002972,0.597599,0.600000,-0.600000,-0.600000,0.600000,-0.600000,0.600000,-0.600000,0.600000,0.600000,0.600000,-0.600000,-0.600000,-0.600000,0.600000,0.600000,-0.600000,0.600000,-0.600000,-0.600000,-0.600000,-0.600000,-0.600000,0.600000,-0.600000,-0.600000,-0.600000,-0.600000,0.600000,-0.600000,0.611950,0.600000,-0.600000,-0.600000,-0.600000
105,-0.600000,0.600000,-0.600000,1.000000,-0.600000,0.999998,-0.999998,-0.600000,0.600000,-0.600000,-0.600000,0.600000,-0.600000,0.600000,-0.600000,-0.600000,0.600000,-0.600000,-0.600000,-0.651523,-0.604795,0.600000,-0.600000,-0.600000,-0.611950,-0.600000,-0.600000,-0.600000,0.600000,-0.600000,-0.600000,-0.600000,-0.600000,-0.600000,0.600000,-0.002799,0.597599,0.600000,-0.600000,-0.600000,0.600000,-0.600000,0.600000,-0.600000,0.600000,0.600000,0.600000,-0.600000,-0.600000,-0.600000,0.600000,0.600000,-0.600000,0.600000,-0.600000,-0.600000,-0.600000,-0.600000,-0.600000,0.600000,-0.600000,-0.600000,-0.600000,-0.600000,0.600000,-0.600000,0.611950,0.600000,-0.600000,-0.600000,-0.600000
106,-0.600000,0.600000,-0.600000,1.000000,-0.600000,0.999998,-0.999998,-0.600000,0.600000,-0.600000,-0.600000,0.600000,-0.600000,0.600000,-0.600000,-0.600000,0.600000,-0.600000,-0.600000,-0.651523,-0.604795,0.600000,-0.600000,-0.600000,-0.611950,-0.600000,-0.600000,-0.600000,0.600000,-0.600000,-0.600000,-0.600000,-0.600000,-0.600000,0.600000,-0.002636,0.597599,0.600000,-0.600000,-0.600000,0.600000,-0.600000,0.600000,-0.600000,0.600000,0.600000,0.600000,-0.600000,-0.600000,-0.600000,0.600000,0.600000,-0.600000,0.600000,-0.600000,-0.600000,-0.600000,-0.600000,-0.600000,0.600000,-0.600000,-0.600000,-0.600000,-0.600000,0.600000,-0.600000,0.611950,0.600000,-0.600000,-0.600000,-0.600000
107,-0.600000,0.600000,-0.600000,1.000000,-0.600000,0.999998,-0.999998,-0.600000,0.600000,-0.600000,-0.600000,0.600000,-0.600000,0.600000,-0.600000,-0.600000,0.600000,-0.600000,-0.600000,-0.651523,-0.604795,0.600000,-0.600000,-0.600000,-0.611950,-0.600000,-0.600000,-0.600000,0.600000,-0.600000,-0.600000,-0.600000,-0.600000,-0.600000,0.600000,-0.002483,0.597599,0.600000,-0.600000,-0.600000,0.600000,-0.600000,0.600000,-0.600000,0.600000,0.600000,0.600000,-0.600000,-0.600000,-0.600000,0.600000,0.600000,-0.600000,0.600000,-0.600000,-0.600000,-0.600000,-0.600000,-0.600000,0.600000,-0.600000,-0.600000,-0.600000,-0.600000,0.600000,-0.600000,0.611950,0.600000,-0.600000,-0.600000,-0.600000
108,-0.600000,0.600000,-0.600000,1.000000,-0.600000,0.999998,-0.999998,-0.600000,0.600000,-0.600000,-0.600000,0.600000,-0.600000,0.600000,-0.600000,-0.600000,0.600000,-0.600000,-0.600000,-0.651523,-0.604795,0.600000,-0.600000,-0.600000,-0.611950,-0.600000,-0.600000,-0.600000,0.600000,-0.600000,-0.600000,-0.600000,-0.600000,-0.600000,0.600000,-0.002338,0.597599,0.600000,-0.600000,-0.600000,0.600000,-0.600000,0.600000,-0.600000,0.600000,0.600000,0.600000,-0.600000,-0.600000,-0.600000,0.600000,0.600000,-0.600000,0.600000,-0.600000,-0.600000,-0.600000,-0.600000,-0.600000,0.600000,-0.600000,-0.600000,-0.600000,-0.600000,0.600000,-0.600000,0.611950,0.600000,-0.600000,-0.600000,-0.600000
109,-0.600000,0.600000,-0.600000,1.000000,-0.600000,0.999998,-0.999999,-0.600000,0.600000,-0.600000,-0.600000,0.600000,-0.600000,0.600000,-0.600000,-0.600000,0.600000,-0.600000,-0.600000,-0.651523,-0.604795,0.600000,-0.600000,-0.600000,-0.611950,-0.600000,-0.600000,-0.600000,0.600000,-0.600000,-0.600000,-0.600000,-0.600000,-0.600000,0.600000,-0.002202,0.597599,0.600000,-0.600000,-0.600000,0.600000,-0.600000,0.600000,-0.600000,0.600000,0.600000,0.600000,-0.600000,-0.600000,-0.600000,0.600000,0.600000,-0.600000,0.600000,-0.600000,-0.600000,-0.600000,-0.600000,-0.600000,0.600000,-0.600000,-0.600000,-0.600000,-0.600000,0.600000,-0.600000,0.611950,0.600000,-0.600000,-0.600000,-0.600000
110,-0.600000,0.600000,-0.600000,1.000000,-0.600000,0.999999,-0.999999,-0.600000,0.600000,-0.600000,-0.600000,0.600000,-0.600000,0.600000,-0.600000,-0.600000,0.600000,-0.600000,-0.600000,-0.651523,-0.604795,0.600000,-0.600000,-0.600000,-0.611950,-0.600000,-0.600000,-0.600000,0.600000,-0.600000,-0.600000,-0.600000,-0.600000,-0.600000,0.600000,-0.002074,0.597599,0.600000,-0.600000,-0.600000,0.600000,-0.600000,0.600000,-0.600000,0.600000,0.600000,0.600000,-0.600000,-0.600000,-0.600000,0.600000,0.600000,-0.600000,0.600000,-0.600000,-0.600000,-0.600000,-0.600000,-0.600000,0.600000,-0.600000,-0.600000,-0.600000,-0.600000,0.600000,-0.600000,0.611950,0.600000,-0.600000,-0.600000,-0.600000
111,-0.600000,0.600000,-0.600000,1.000000,-0.600000,0.999999,-0.999999,-0.600000,0.600000,-0.600000,-0.600000,0.600000,-0.600000,0.600000,-0.600000,-0.600000,0.600000,-0.600000,-0.600000,-0.651523,-0.604795,0.600000,-0.600000,-0.600000,-0.611950,-0.600000,-0.600000,-0.600000,0.600000,-0.600000,-0.600000,-0.600000,-0.600000,-0.600000,0.600000,-0.001953,0.597599,0.600000,-0.600000,-0.600000,0.600000,-0.600000,0.600000,-0.600000,0.600000,0.600000,0.600000,-0.600000,-0.600000,-0.600000,0.600000,0.600000,-0.600000,0.600000,-0.600000,-0.600000,-0.600000,-0.600000,-0.600000,0.600000,-0.600000,-0.600000,-0.600000,-0.600000,0.600000,-0.600000,0.611950,0.600000,-0.600000,-0.600000,-0.600000
112,-0.600000,0.600000,-0.600000,1.000000,-0.600000,0.999999,-0.999999,-0.600000,0.600000,-0.600000,-0.600000,0.600000,-0.600000,0.600000,-0.600000,-0.600000,0.600000,-0.600000,-0.600000,-0.651523,-0.604795,0.600000,-0.600000,-0.600000,-0.611950,-0.600000,-0.600000,-0.600000,0.600000,-0.600000,-0.600000,-0.600000,-0.600000,-0.600000,0.600000,-0.001839,0.597599,0.600000,-0.600000,-0.600000,0.600000,-0.600000,0.600000,-0.600000,0.600000,0.600000,0.600000,-0.600000,-0.600000,-0.600000,0.600000,0.600000,-0.600000,0.600000,-0.600000,-0.600000,-0.600000,-0.600000,-0.600000,0.600000,-0.600000,-0.600000,-0.600000,-0.600000,0.600000,-0.600000,0.611950,0.600000,-0.600000,-0.600000,-0.600000
113,-0.600000,0.600000,-0.600000,1.000000,-0.600000,0.999999,-0.999999,-0.600000,0.600000,-0.600000,-0.600000,0.600000,-0.600000,0.600000,-0.600000,-0.600000,0.600000,-0.600000,-0.600000,-0.651523,-0.604795,0.600000,-0.600000,-0.600000,-0.611950,-0.600000,-0.600000,-0.600000,0.600000,-0.600000,-0.600000,-0.600000,-0.600000,-0.600000,0.600000,-0.001732,0.597599,0.600000,-0.600000,-0.600000,0.600000,-0.600000,0.600000,-0.600000,0.600000,0.600000,0.600000,-0.600000,-0.600000,-0.600000,0.600000,0.600000,-0.600000,0.600000,-0.600000,-0.600000,-0.600000,-0.600000,-0.600000,0.600000,-0.600000,-0.600000,-0.600000,-0.600000,0.600000,-0.600000,0.611950,0.600000,-0.600000,-0.600000,-0.600000
114,-0.600000,0.600000,-0.600000,1.000000,-0.600000,0.999999,-0.999999,-0.600000,0.600000,-0.600000,-0.600000,0.600000,-0.600000,0.600000,-0.600000,-0.600000,0.600000,-0.600000,-0.600000,-0.651523,-0.604795,0.600000,-0.600000,-0.600000,-0.611950,-0.600000,-0.600000,-0.600000,0.600000,-0.600000,-0.600000,-0.600000,-0.600000,-0.600000,0.600000,-0.001631,0.597599,0.600000,-0.600000,-0.600000,0.600000,-0.600000,0.600000,-0.600000,0.600000,0.600000,0.600000,-0.600000,-0.600000,-0.600000,0.600000,0.600000,-0.600000,0.600000,-0.600000,-0.600000,-0.600000,-0.600000,-0.600000,0.600000,-0.600000,-0.600000,-0.600000,-0.600000,0.600000,-0.600000,0.611950,0.600000,-0.600000,-0.600000,-0.600000
115,-0.600000,0.600000,-0.600000,1.000000,-0.600000,0.999999,-0.999999,-0.600000,0.600000,-0.600000,-0.600000,0.600000,-0.600000,0.600000,-0.600000,-0.600000,0.600000,-0.600000,-0.600000,-0.651523,-0.604795,0.600000,-0.600000,-0.600000,-0.611950,-0.600000,-0.600000,-0.600000,0.600000,-0.600000,-0.600000,-0.600000,-0.600000,-0.600000,0.600000,-0.001536,0.597599,0.600000,-0.600000,-0.600000,0.600000,-0.600000,0.600000,-0.600000,0.600000,0.600000,0.600000,-0.600000,-0.600000,-0.600000,0.600000,0.600000,-0.600000,0.600000,-0.600000,-0.600000,-0.600000,-0.600000,-0.600000,0.600000,-0.600000,-0.600000,-0.600000,-0.600000,0.600000,-0.600000,0.611950,0.600000,-0.600000,-0.600000,-0.600000
116,-0.600000,0.600000,-0.600000,1.000000,-0.600000,0.999999,-0.999999,-0.600000,0.600000,-0.600000,-0.600000,0.600000,-0.600000,0.600000,-0.600000,-0.600000,0.600000,-0.600000,-0.600000,-0.651523,-0.604795,0.600000,-0.600000,-0.600000,-0.611950,-0.600000,-0.600000,-0.600000,0.600000,-0.600000,-0.600000,-0.600000,-0.600000,-0.600000,0.600000,-0.001446,0.597599,0.600000,-0.600000,-0.600000,0.600000,-0.600000,0.600000,-0.600000,0.600000,0.600000,0.600000,-0.600000,-0.600000,-0.600000,0.600000,0.600000,-0.600000,0.600000,-0.600000,-0.600000,-0.600000,-0.600000,-0.600000,0.600000,-0.600000,-0.600000,-0.600000,-0.600000,0.600000,-0.600000,0.611950,0.600000,-0.600000,-0.600000,-0.600000
117,-0.600000,0.600000,-0.600000,1.000000,-0.600000,0.999999,-0.999999,-0.600000,0.600000,-0.600000,-0.600000,0.600000,-0.600000,0.600000,-0.600000,-0.600000,0.600000,-0.600000,-0.600000,-0.651523,-0.604795,0.600000,-0.600000,-0.600000,-0.611950,-0.600000,-0.600000,-0.600000,0.600000,-0.600000,-0.600000,-0.600000,-0.600000,-0.600000,0.600000,-0.001362,0.597599,0.600000,-0.600000,-0.600000,0.600000,-0.600000,0.600000,-0.600000,0.600000,0.600000,0.600000,-0.600000,-0.600000,-0.600000,0.600000,0.600000,-0.600000,0.600000,-0.600000,-0.600000,-0.600000,-0.600000,-0.600000,0.600000,-0.600000,-0.600000,-0.600000,-0.600000,0.600000,-0.600000,0.611950,0.600000,-0.600000,-0.600000,-0.600000
118,-0.600000,0.600000,-0.600000,1.000000,-0.600000,0.999999,-1.000000,-0.600000,0.600000,-0.600000,-0.600000,0.600000,-0.600000,0.600000,-0.600000,-0.600000,0.600000,-0.600000,-0.600000,-0.651523,-0.604795,0.600000,-0.600000,-0.600000,-0.611950,-0.600000,-0.600000,-0.600000,0.600000,-0.600000,-0.600000,-0.600000,-0.600000,-0.600000,0.600000,-0.001283,0.597599,0.600000,-0.600000,-0.600000,0.600000,-0.600000,0.600000,-0.600000,0.600000,0.600000,0.600000,-0.600000,-0.600000,-0.600000,0.600000,0.600000,-0.600000,0.600000,-0.600000,-0.600000,-0.600000,-0.600000,-0.600000,0.600000,-0.600000,-0.600000,-0.600000,-0.600000,0.600000,-0.600000,0.611950,0.600000,-0.600000,-0.600000,-0.600000
119,-0.600000,0.600000,-0.600000,1.000000,-0.600000,1.000000,-1.000000,-0.600000,0.600000,-0.600000,-0.600000,0.600000,-0.600000,0.600000,-0.600000,-0.600000,0.600000,-0.600000,-0.600000,-0.651523,-0.604795,0.600000,-0.600000,-0.600000,-0.611950,-0.600000,-0.600000,-0.600000,0.600000,-0.600000,-0.600000,-0.600000,-0.600000,-0.600000,0.600000,-0.001208,0.597599,0.600000,-0.600000,-0.600000,0.600000,-0.600000,0.600000,-0.600000,0.600000,0.600000,0.600000,-0.600000,-0.600000,-0.600000,0.600000,0.600000,-0.600000,0.600000,-0.600000,-0.600000,-0.600000,-0.600000,-0.600000,0.600000,-0.600000,-0.600000,-0.600000,-0.600000,0.600000,-0.600000,0.611950,0.600000,-0.600000,-0.600000,-0.600000
120,-0.600000,0.600000,-0.600000,1.000000,-0.600000,1.000000,-1.000000,-0.600000,0.600000,-0.600000,-0.600000,0.600000,-0.600000,0.600000,-0.600000,-0.600000,0.600000,-0.600000,-0.600000,-0.651523,-0.604795,0.600000,-0.600000,-0.600000,-0.611950,-0.600000,-0.600000,-0.600000,0.600000,-0.600000,-0.600000,-0.600000,-0.600000,-0.600000,0.600000,-0.001137,0.597599,0.600000,-0.600000,-0.600000,0.600000,-0.600000,0.600000,-0.600000,0.600000,0.600000,0.600000,-0.600000,-0.600000,-0.600000,0.600000,0.600000,-0.600000,0.600000,-0.600000,-0.600000,-0.600000,-0.600000,-0.600000,0.600000,-0.600000,-0.600000,-0.600000,-0.600000,0.600000,-0.600000,0.611950,0.600000,-0.600000,-0.600000,-0.600000
121,-0.600000,0.600000,-0.600000,1.000000,-0.600000,1.000000,-1.000000,-0.600000,0.600000,-0.600000,-0.600000,0.600000,-0.600000,0.600000,-0.600000,-0.600000,0.600000,-0.600000,-0.600000,-0.651523,-0.604795,0.600000,-0.600000,-0.600000,-0.611950,-0.600000,-0.600000,-0.600000,0.600000,-0.600000,-0.600000,-0.600000,-0.600000,-0.600000,0.600000,-0.001071,0.597599,0.600000,-0.600000,-0.600000,0.600000,-0.600000,0.600000,-0.600000,0.600000,0.600000,0.600000,-0.600000,-0.600000,-0.600000,0.600000,0.600000,-0.600000,0.600000,-0.600000,-0.600000,-0.600000,-0.600000,-0.600000,0.600000,-0.600000,-0.600000,-0.600000,-0.600000,0.600000,-0.600000,0.611950,0.600000,-0.600000,-0.600000,-0.600000
122,-0.600000,0.600000,-0.600000,1.000000,-0.600000,1.000000,-1.000000,-0.600000,0.600000,-0.600000,-0.600000,0.600000,-0.600000,0.600000,-0.600000,-0.600000,0.600000,-0.600000,-0.600000,-0.651523,-0.604795,0.600000,-0.600000,-0.600000,-0.611950,-0.600000,-0.600000,-0.600000,0.600000,-0.600000,-0.600000,-0.600000,-0.600000,-0.600000,0.600000,-0.001009,0.597599,0.600000,-0.600000,-0.600000,0.600000,-0.600000,0.600000,-0.600000,0.600000,0.600000,0.600000,-0.600000,-0.600000,-0.600000,0.600000,0.600000,-0.600000,0.600000,-0.600000,-0.600000,-0.600000,-0.600000,-0.600000,0.600000,-0.600000,-0.600000,-0.600000,-0.600000,0.600000,-0.600000,0.611950,0.600000,-0.600000,-0.600000,-0.600000
123,-0.600000,0.600000,-0.600000,1.000000,-0.600000,1.000000,-1.000000,-0.600000,0.600000,-0.600000,-0.600000,0.600000,-0.600000,0.600000,-0.600000,-0.600000,0.600000,-0.600000,-0.600000,-0.651523,-0.604795,0.600000,-0.600000,-0.600000,-0.611950,-0.600000,-0.600000,-0.600000,0.600000,-0.600000,-0.600000,-0.600000,-0.600000,-0.600000,0.600000,-0.000950,0.597599,0.600000,-0.600000,-0.600000,0.600000,-0.600000,0.600000,-0.600000,0.600000,0.600000,0.600000,-0.600000,-0.600000,-0.600000,0.600000,0.600000,-0.600000,0.600000,-0.600000,-0.600000,-0.600000,-0.600000,-0.600000,0.600000,-0.600000,-0.600000,-0.600000,-0.600000,0.600000,-0.600000,0.611950,0.600000,-0.600000,-0.600000,-0.600000
124,-0.600000,0.600000,-0.600000,1.000000,-0.600000,1.000000,-1.000000,-0.600000,0.600000,-0.600000,-0.600000,0.600000,-0.600000,0.600000,-0.600000,-0.600000,0.600000,-0.600000,-0.600000,-0.651523,-0.604795,0.600000,-0.600000,-0.600000,-0.611950,-0.600000,-0.600000,-0.600000,0.600000,-0.600000,-0.600000,-0.600000,-0.600000,-0.600000,0.600000,-0.000894,0.597599,0.600000,-0.600000,-0.600000,0.600000,-0.600000,0.600000,-0.600000,0.600000,0.600000,0.600000,-0.600000,-0.600000,-0.600000,0.600000,0.600000,-0.600000,0.600000,-0.600000,-0.600000,-0.600000,-0.600000,-0.600000,0.600000,-0.600000,-0.600000,-0.600000,-0.600000,0.600000,-0.600000,0.611950,0.600000,-0.600000,-0.600000,-0.600000
125,-0.600000,0.600000,-0.600000,1.000000,-0.600000,1.000000,-1.000000,-0.600000,0.600000,-0.600000,-0.600000,0.600000,-0.600000,0.600000,-0.600000,-0.600000,0.600000,-0.600000,-0.600000,-0.651523,-0.604795,0.600000,-0.600000,-0.600000,-0.611950,-0.600000,-0.600000,-0.600000,0.600000,-0.600000,-0.600000,-0.600000,-0.600000,-0.600000,0.600000,-0.000842,0.597599,0.600000,-0.600000,-0.600000,0.600000,-0.600000,0.600000,-0.600000,0.600000,0.600000,0.600000,-0.600000,-0.600000,-0.600000,0.600000,0.600000,-0.600000,0.600000,-0.600000,-0.600000,-0.600000,-0.600000,-0.600000,0.600000,-0.600000,-0.600000,-0.600000,-0.600000,0.600000,-0.600000,0.611950,0.600000,-0.600000,-0.600000,-0.600000
126,-0.600000,0.600000,-0.600000,1.000000,-0.600000,1.000000,-1.000000,-0.600000,0.600000,-0.600000,-0.600000,0.600000,-0.600000,0.600000,-0.600000,-0.600000,0.600000,-0.600000,-0.600000,-0.651523,-0.604795,0.600000,-0.600000,-0.600000,-0.611950,-0.600000,-0.600000,-0.600000,0.600000,-0.600000,-0.600000,-0.600000,-0.600000,-0.600000,0.600000,-0.000793,0.597599,0.600000,-0.600000,-0.600000,0.600000,-0.600000,0.600000,-0.600000,0.600000,0.600000,0.600000,-0.600000,-0.600000,-0.600000,0.600000,0.600000,-0.600000,0.600000,-0.600000,-0.600000,-0.600000,-0.600000,-0.600000,0.600000,-0.600000,-0.600000,-0.600000,-0.600000,0.600000,-0.600000,0.611950,0.600000,-0.600000,-0.600000,-0.600000
127,-0.600000,0.600000,-0.600000,1.000000,-0.600000,1.000000,-1.000000,-0.600000,0.600000,-0.600000,-0.600000,0.600000,-0.600000,0.600000,-0.600000,-0.600000,0.600000,-0.600000,-0.600000,-0.651523,-0.604795,0.600000,-0.600000,-0.600000,-0.611950,-0.600000,-0.600000,-0.600000,0.600000,-0.600000,-0.600000,-0.600000,-0.600000,-0.600000,0.600000,-0.000747,0.597599,0.600000,-0.600000,-0.600000,0.600000,-0.600000,0.600000,-0.600000,0.600000,0.600000,0.600000,-0.600000,-0.600000,-0.600000,0.600000,0.600000,-0.600000,0.600000,-0.600000,-0.600000,-0.600000,-0.600000,-0.600000,0.600000,-0.600000,-0.600000,-0.600000,-0.600000,0.600000,-0.600000,0.611950,0.600000,-0.600000,-0.600000,-0.600000
128,-0.600000,0.600000,-0.600000,1.000000,-0.600000,1.000000,-1.000000,-0.600000,0.600000,-0.600000,-0.600000,0.600000,-0.600000,0.600000,-0.600000,-0.600000,0.600000,-0.600000,-0.600000,-0.651523,-0.604795,0.600000,-0.600000,-0.600000,-0.611950,-0.600000,-0.600000,-0.600000,0.600000,-0.600000,-0.600000,-0.600000,-0.600000,-0.600000,0.600000,-0.000703,0.597599,0.600000,-0.600000,-0.600000,0.600000,-0.600000,0.600000,-0.600000,0.600000,0.600000,0.600000,-0.600000,-0.600000,-0.600000,0.600000,0.600000,-0.600000,0.600000,-0.600000,-0.600000,-0.600000,-0.600000,-0.600000,0.600000,-0.600000,-0.600000,-0.600000,-0.600000,0.600000,-0.600000,0.611950,0.600000,-0.600000,-0.600000,-0.600000
129,-0.600000,0.600000,-0.600000,1.000000,-0.600000,1.000000,-1.000000,-0.600000,0.600000,-0.600000,-0.600000,0.600000,-0.600000,0.600000,-0.600000,-0.600000,0.600000,-0.600000,-0.600000,-0.651523,-0.604795,0.600000,-0.600000,-0.600000,-0.611950,-0.600000,-0.600000,-0.600000,0.600000,-0.600000,-0.600000,-0.600000,-0.600000,-0.600000,0.600000,-0.000662,0.597599,0.600000,-0.600000,-0.600000,0.600000,-0.600000,0.600000,-0.600000,0.600000,0.600000,0.600000,-0.600000,-0.600000,-0.600000,0.600000,0.600000,-0.600000,0.600000,-0.600000,-0.600000,-0.600000,-0.600000,-0.600000,0.600000,-0.600000,-0.600000,-0.600000,-0.600000,0.600000,-0.600000,0.611950,0.600000,-0.600000,-0.600000,-0.600000
130,-0.600000,0.600000,-0.600000,1.000000,-0.600000,1.000000,-1.000000,-0.600000,0.600000,-0.600000,-0.600000,0.600000,-0.600000,0.600000,-0.600000,-0.600000,0.600000,-0.600000,-0.600000,-0.651523,-0.604795,0.600000,-0.600000,-0.600000,-0.611950,-0.600000,-0.600000,-0.600000,0.600000,-0.600000,-0.600000,-0.600000,-0.600000,-0.600000,0.600000,-0.000624,0.597599,0.600000,-0.600000,-0.600000,0.600000,-0.600000,0.600000,-0.600000,0.600000,0.600000,0.600000,-0.600000,-0.600000,-0.600000,0.600000,0.600000,-0.600000,0.600000,-0.600000,-0.600000,-0.600000,-0.600000,-0.600000,0.600000,-0.600000,-0.600000,-0.600000,-0.600000,0.600000,-0.600000,0.611950,0.600000,-0.600000,-0.600000,-0.600000
131,-0.600000,0.600000,-0.600000,1.000000,-0.600000,1.000000,-1.000000,-0.600000,0.600000,-0.600000,-0.600000,0.600000,-0.600000,0.600000,-0.600000,-0.600000,0.600000,-0.600000,-0.600000,-0.651523,-0.604795,0.600000,-0.600000,-0.600000,-0.611950,-0.600000,-0.600000,-0.600000,0.600000,-0.600000,-0.600000,-0.600000,-0.600000,-0.600000,0.600000,-0.000587,0.597599,0.600000,-0.600000,-0.600000,0.600000,-0.600000,0.600000,-0.600000,0.600000,0.600000,0.600000,-0.600000,-0.600000,-0.600000,0.600000,0.600000,-0.600000,0.600000,-0.600000,-0.600000,-0.600000,-0.600000,-0.600000,0.600000,-0.600000,-0.600000,-0.600000,-0.600000,0.600000,-0.600000,0.611950,0.600000,-0.600000,-0.600000,-0.600000
132,-0.600000,0.600000,-0.600000,1.000000,-0.600000,1.000000,-1.000000,-0.600000,0.600000,-0.600000,-0.600000,0.600000,-0.600000,0.600000,-0.600000,-0.600000,0.600000,-0.600000,-0.600000,-0.651523,-0.604795,0.600000,-0.600000,-0.600000,-0.611950,-0.600000,-0.600000,-0.600000,0.600000,-0.600000,-0.600000,-0.600000,-0.600000,-0.600000,0.600000,-0.000553,0.597599,0.600000,-0.600000,-0.600000,0.600000,-0.600000,0.600000,-0.600000,0.600000,0.600000,0.600000,-0.600000,-0.600000,-0.600000,0.600000,0.600000,-0.600000,0.600000,-0.600000,-0.600000,-0.600000,-0.600000,-0.600000,0.600000,-0.600000,-0.600000,-0.600000,-0.600000,0.600000,-0.600000,0.611950,0.600000,-0.600000,-0.600000,-0.600000
133,-0.600000,0.600000,-0.600000,1.000000,-0.600000,1.000000,-1.000000,-0.600000,0.600000,-0.600000,-0.600000,0.600000,-0.600000,0.600000,-0.600000,-0.600000,0.600000,-0.600000,-0.600000,-0.651523,-0.604795,0.600000,-0.600000,-0.600000,-0.611950,-0.600000,-0.600000,-0.600000,0.600000,-0.600000,-0.600000,-0.600000,-0.600000,-0.600000,0.600000,-0.000521,0.597599,0.600000,-0.600000,-0.600000,0.600000,-0.600000,0.600000,-0.600000,0.600000,0.600000,0.600000,-0.600000,-0.600000,-0.600000,0.600000,0.600000,-0.600000,0.600000,-0.600000,-0.600000,-0.600000,-0.600000,-0.600000,0.600000,-0.600000,-0.600000,-0.600000,-0.600000,0.600000,-0.600000,0.611950,0.600000,-0.600000,-0.600000,-0.600000
134,-0.600000,0.600000,-0.600000,1.000000,-0.600000,1.000000,-1.000000,-0.600000,0.600000,-0.600000,-0.600000,0.600000,-0.600000,0.600000,-0.600000,-0.600000,0.600000,-0.600000,-0.600000,-0.651523,-0.604795,0.600000,-0.600000,-0.600000,-0.611950,-0.600000,-0.600000,-0.600000,0.600000,-0.600000,-0.600000,-0.600000,-0.600000,-0.600000,0.600000,-0.000490,0.597599,0.600000,-0.600000,-0.600000,0.600000,-0.600000,0.600000,-0.600000,0.600000,0.600000,0.600000,-0.600000,-0.600000,-0.600000,0.600000,0.600000,-0.600000,0.600000,-0.600000,-0.600000,-0.600000,-0.600000,-0.600000,0.600000,-0.600000,-0.600000,-0.600000,-0.600000,0.600000,-0.600000,0.611950,0.600000,-0.600000,-0.600000,-0.600000
135,-0.600000,0.600000,-0.600000,1.000000,-0.600000,1.000000,-1.000000,-0.600000,0.600000,-0.600000,-0.600000,0.600000,-0.600000,0.600000,-0.600000,-0.600000,0.600000,-0.600000,-0.600000,-0.651523,-0.604795,0.600000,-0.600000,-0.600000,-0.611950,-0.600000,-0.600000,-0.600000,0.600000,-0.600000,-0.600000,-0.600000,-0.600000,-0.600000,0.600000,-0.000462,0.597599,0.600000,-0.600000,-0.600000,0.600000,-0.600000,0.600000,-0.600000,0.600000,0.600000,0.600000,-0.600000,-0.600000,-0.600000,0.600000,0.600000,-0.600000,0.600000,-0.600000,-0.600000,-0.600000,-0.600000,-0.600000,0.600000,-0.600000,-0.600000,-0.600000,-0.600000,0.600000,-0.600000,0.611950,0.600000,-0.600000,-0.600000,-0.600000
136,-0.600000,0.600000,-0.600000,1.000000,-0.600000,1.000000,-1.000000,-0.600000,0.600000,-0.600000,-0.600000,0.600000,-0.600000,0.600000,-0.600000,-0.600000,0.600000,-0.600000,-0.600000,-0.651523,-0.604795,0.600000,-0.600000,-0.600000,-0.611950,-0.600000,-0.600000,-0.600000,0.600000,-0.600000,-0.600000,-0.600000,-0.600000,-0.600000,0.600000,-0.000435,0.597599,0.600000,-0.600000,-0.600000,0.600000,-0.600000,0.600000,-0.600000,0.600000,0.600000,0.600000,-0.600000,-0.600000,-0.600000,0.600000,0.600000,-0.600000,0.600000,-0.600000,-0.600000,-0.600000,-0.600000,-0.600000,0.600000,-0.600000,-0.600000,-0.600000,-0.600000,0.600000,-0.600000,0.611950,0.600000,-0.600000,-0.600000,-0.600000
137,-0.600000,0.600000,-0.600000,1.000000,-0.600000,1.000000,-1.000000,-0.600000,0.600000,-0.600000,-0.600000,0.600000,-0.600000,0.600000,-0.600000,-0.600000,0.600000,-0.600000,-0.600000,-0.651523,-0.604795,0.600000,-0.600000,-0.600000,-0.611950,-0.600000,-0.600000,-0.600000,0.600000,-0.600000,-0.600000,-0.600000,-0.600000,-0.600000,0.600000,-0.000409,0.597599,0.600000,-0.600000,-0.600000,0.600000,-0.600000,0.600000,-0.600000,0.600000,0.600000,0.600000,-0.600000,-0.600000,-0.600000,0.600000,0.600000,-0.600000,0.600000,-0.600000,-0.600000,-0.600000,-0.600000,-0.600000,0.600000,-0.600000,-0.600000,-0.600000,-0.600000,0.600000,-0.600000,0.611950,0.600000,-0.600000,-0.600000,-0.600000
138,-0.600000,0.600000,-0.600000,1.000000,-0.600000,1.000000,-1.000000,-0.600000,0.600000,-0.600000,-0.600000,0.600000,-0.600000,0.600000,-0.600000,-0.600000,0.600000,-0.600000,-0.600000,-0.651523,-0.604795,0.600000,-0.600000,-0.600000,-0.611950,-0.600000,-0.600000,-0.600000,0.600000,-0.600000,-0.600000,-0.600000,-0.600000,-0.600000,0.600000,-0.000385,0.597599,0.600000,-0.600000,-0.600000,0.600000,-0.600000,0.600000,-0.600000,0.600000,0.600000,0.600000,-0.600000,-0.600000,-0.600000,0.600000,0.600000,-0.600000,0.600000,-0.600000,-0.600000,-0.600000,-0.600000,-0.600000,0.600000,-0.600000,-0.600000,-0.600000,-0.600000,0.600000,-0.600000,0.611950,0.600000,-0.600000,-0.600000,-0.600000
139,-0.600000,0.600000,-0.600000,1.000000,-0.600000,1.000000,-1.000000,-0.600000,0.600000,-0.600000,-0.600000,0.600000,-0.600000,0.600000,-0.600000,-0.600000,0.600000,-0.600000,-0.600000,-0.651523,-0.604795,0.600000,-0.600000,-0.600000,-0.611950,-0.600000,-0.600000,-0.600000,0.600000,-0.600000,-0.600000,-0.600000,-0.600000,-0.600000,0.600000,-0.000363,0.597599,0.600000,-0.600000,-0.600000,0.600000,-0.600000,0.600000,-0.600000,0.600000,0.600000,0.600000,-0.600000,-0.600000,-0.600000,0.600000,0.600000,-0.600000,0.600000,-0.600000,-0.600000,-0.600000,-0.600000,-0.600000,0.600000,-0.600000,-0.600000,-0.600000,-0.600000,0.600000,-0.600000,0.611950,0.600000,-0.600000,-0.600000,-0.600000
140,-0.600000,0.600000,-0.600000,1.000000,-0.600000,1.000000,-1.000000,-0.600000,0.600000,-0.600000,-0.600000,0.600000,-0.600000,0.600000,-0.600000,-0.600000,0.600000,-0.600000,-0.600000,-0.651523,-0.604795,0.600000,-0.600000,-0.600000,-0.611950,-0.600000,-0.600000,-0.600000,0.600000,-0.600000,-0.600000,-0.600000,-0.600000,-0.600000,0.600000,-0.000342,0.597599,0.600000,-0.600000,-0.600000,0.600000,-0.600000,0.600000,-0.600000,0.600000,0.600000,0.600000,-0.600000,-0.600000,-0.600000,0.600000,0.600000,-0.600000,0.600000,-0.600000,-0.600000,-0.600000,-0.600000,-0.600000,0.600000,-0.600000,-0.600000,-0.600000,-0.600000,0.600000,-0.600000,0.611950,0.600000,-0.600000,-0.600000,-0.600000
141,-0.600000,0.600000,-0.600000,1.000000,-0.600000,1.000000,-1.000000,-0.600000,0.600000,-0.600000,-0.600000,0.600000,-0.600000,0.600000,-0.600000,-0.600000,0.600000,-0.600000,-0.600000,-0.651523,-0.604795,0.600000,-0.600000,-0.600000,-0.611950,-0.600000,-0.600000,-0.600000,0.600000,-0.600000,-0.600000,-0.600000,-0.600000,-0.600000,0.600000,-0.000322,0.597599,0.600000,-0.600000,-0.600000,0.600000,-0.600000,0.600000,-0.600000,0.600000,0.600000,0.600000,-0.600000,-0.600000,-0.600000,0.600000,0.600000,-0.600000,0.600000,-0.600000,-0.600000,-0.600000,-0.600000,-0.600000,0.600000,-0.600000,-0.600000,-0.600000,-0.600000,0.600000,-0.600000,0.611950,0.600000,-0.600000,-0.600000,-0.600000
142,-0.600000,0.600000,-0.600000,1.000000,-0.600000,1.000000,-1.000000,-0.600000,0.600000,-0.600000,-0.600000,0.600000,-0.600000,0.600000,-0.600000,-0.600000,0.600000,-0.600000,-0.600000,-0.651523,-0.604795,0.600000,-0.600000,-0.600000,-0.611950,-0.600000,-0.600000,-0.600000,0.600000,-0.600000,-0.600000,-0.600000,-0.600000,-0.600000,0.600000,-0.000303,0.597599,0.600000,-0.600000,-0.600000,0.600000,-0.600000,0.600000,-0.600000,0.600000,0.600000,0.600000,-0.600000,-0.600000,-0.600000,0.600000,0.600000,-0.600000,0.600000,-0.600000,-0.600000,-0.600000,-0.600000,-0.600000,0.600000,-0.600000,-0.600000,-0.600000,-0.600000,0.600000,-0.600000,0.611950,0.600000,-0.600000,-0.600000,-0.600000
143,-0.600000,0.600000,-0.600000,1.000000,-0.600000,1.000000,-1.000000,-0.600000,0.600000,-0.600000,-0.600000,0.600000,-0.600000,0.600000,-0.600000,-0.600000,0.600000,-0.600000,-0.600000,-0.651523,-0.604795,0.600000,-0.600000,-0.600000,-0.611950,-0.600000,-0.600000,-0.600000,0.600000,-0.600000,-0.600000,-0.600000,-0.600000,-0.600000,0.600000,-0.000285,0.597599,0.600000,-0.600000,-0.600000,0.600000,-0.600000,0.600000,-0.600000,0.600000,0.600000,0.600000,-0.600000,-0.600000,-0.600000,0.600000,0.600000,-0.600000,0.600000,-0.600000,-0.600000,-0.600000,-0.600000,-0.600000,0.600000,-0.600000,-0.600000,-0.600000,-0.600000,0.600000,-0.600000,0.611950,0.600000,-0.600000,-0.600000,-0.600000
144,-0.600000,0.600000,-0.600000,1.000000,-0.600000,1.000000,-1.000000,-0.600000,0.600000,-0.600000,-0.600000,0.600000,-0.600000,0.600000,-0.600000,-0.600000,0.600000,-0.600000,-0.600000,-0.651523,-0.604795,0.600000,-0.600000,-0.600000,-0.611950,-0.600000,-0.600000,-0.600000,0.600000,-0.600000,-0.600000,-0.600000,-0.600000,-0.600000,0.600000,-0.000269,0.597599,0.600000,-0.600000,-0.600000,0.600000,-0.600000,0.600000,-0.600000,0.600000,0.600000,0.600000,-0.600000,-0.600000,-0.600000,0.600000,0.600000,-0.600000,0.600000,-0.600000,-0.600000,-0.600000,-0.600000,-0.600000,0.600000,-0.600000,-0.600000,-0.600000,-0.600000,0.600000,-0.600000,0.611950,0.600000,-0.600000,-0.600000,-0.600000
145,-0.600000,0.600000,-0.600000,1.000000,-0.600000,1.000000,-1.000000,-0.600000,0.600000,-0.600000,-0.600000,0.600000,-0.600000,0.600000,-0.600000,-0.600000,0.600000,-0.600000,-0.600000,-0.651523,-0.604795,0.600000,-0.600000,-0.600000,-0.611950,-0.600000,-0.600000,-0.600000,0.600000,-0.600000,-0.600000,-0.600000,-0.600000,-0.600000,0.600000,-0.000253,0.597599,0.600000,-0.600000,-0.600000,0.600000,-0.600000,0.600000,-0.600000,0.600000,0.600000,0.600000,-0.600000,-0.600000,-0.600000,0.600000,0.600000,-0.600000,0.600000,-0.600000,-0.600000,-0.600000,-0.600000,-0.600000,0.600000,-0.600000,-0.600000,-0.600000,-0.600000,0.600000,-0.600000,0.611950,0.600000,-0.600000,-0.600000,-0.600000
146,-0.600000,0.600000,-0.600000,1.000000,-0.600000,1.000000,-1.000000,-0.600000,0.600000,-0.600000,-0.600000,0.600000,-0.600000,0.600000,-0.600000,-0.600000,0.600000,-0.600000,-0.600000,-0.651523,-0.604795,0.600000,-0.600000,-0.600000,-0.611950,-0.600000,-0.600000,-0.600000,0.600000,-0.600000,-0.600000,-0.600000,-0.600000,-0.600000,0.600000,-0.000238,0.597599,0.600000,-0.600000,-0.600000,0.600000,-0.600000,0.600000,-0.600000,0.600000,0.600000,0.600000,-0.600000,-0.600000,-0.600000,0.600000,0.600000,-0.600000,0.600000,-0.600000,-0.600000,-0.600000,-0.600000,-0.600000,0.600000,-0.600000,-0.600000,-0.600000,-0.600000,0.600000,-0.600000,0.611950,0.600000,-0.600000,-0.600000,-0.600000
147,-0.600000,0.600000,-0.600000,1.000000,-0.600000,1.000000,-1.000000,-0.600000,0.600000,-0.600000,-0.600000,0.600000,-0.600000,0.600000,-0.600000,-0.600000,0.600000,-0.600000,-0.600000,-0.651523,-0.604795,0.600000,-0.600000,-0.600000,-0.611950,-0.600000,-0.600000,-0.600000,0.600000,-0.600000,-0.600000,-0.600000,-0.600000,-0.600000,0.600000,-0.000224,0.597599,0.600000,-0.600000,-0.600000,0.600000,-0.600000,0.600000,-0.600000,0.600000,0.600000,0.600000,-0.600000,-0.600000,-0.600000,0.600000,0.600000,-0.600000,0.600000,-0.600000,-0.600000,-0.600000,-0.600000,-0.600000,0.600000,-0.600000,-0.600000,-0.600000,-0.600000,0.600000,-0.600000,0.611950,0.600000,-0.600000,-0.600000,-0.600000
148,-0.600000,0.600000,-0.600000,1.000000,-0.600000,1.000000,-1.000000,-0.600000,0.600000,-0.600000,-0.600000,0.600000,-0.600000,0.600000,-0.600000,-0.600000,0.600000,-0.600000,-0.600000,-0.651523,-0.604795,0.600000,-0.600000,-0.600000,-0.611950,-0.600000,-0.600000,-0.600000,0.600000,-0.600000,-0.600000,-0.600000,-0.600000,-0.600000,0.600000,-0.000211,0.597599,0.600000,-0.600000,-0.600000,0.600000,-0.600000,0.600000,-0.600000,0.600000,0.600000,0.600000,-0.600000,-0.600000,-0.600000,0.600000,0.600000,-0.600000,0.600000,-0.600000,-0.600000,-0.600000,-0.600000,-0.600000,0.600000,-0.600000,-0.600000,-0.600000,-0.600000,0.600000,-0.600000,0.611950,0.600000,-0.600000,-0.600000,-0.600000
149,-0.600000,0.600000,-0.600000,1.000000,-0.600000,1.000000,-1.000000,-0.600000,0.600000,-0.600000,-0.600000,0.600000,-0.600000,0.600000,-0.600000,-0.600000,0.600000,-0.600000,-0.600000,-0.651523,-0.604795,0.600000,-0.600000,-0.600000,-0.611950,-0.600000,-0.600000,-0.600000,0.600000,-0.600000,-0.600000,-0.600000,-0.600000,-0.600000,0.600000,-0.000199,0.597599,0.600000,-0.600000,-0.600000,0.600000,-0.600000,0.600000,-0.600000,0.600000,0.600000,0.600000,-0.600000,-0.600000,-0.600000,0.600000,0.600000,-0.600000,0.600000,-0.600000,-0.600000,-0.600000,-0.600000,-0.600000,0.600000,-0.600000,-0.600000,-0.600000,-0.600000,0.600000,-0.600000,0.611950,0.600000,-0.600000,-0.600000,-0.600000
150,-0.600000,0.600000,-0.600000,1.000000,-0.600000,1.000000,-1.000000,-0.600000,0.600000,-0.600000,-0.600000,0.600000,-0.600000,0.600000,-0.600000,-0.600000,0.600000,-0.600000,-0.600000,-0.651523,-0.604795,0.600000,-0.600000,-0.600000,-0.611950,-0.600000,-0.600000,-0.600000,0.600000,-0.600000,-0.600000,-0.600000,-0.600000,-0.600000,0.600000,-0.000187,0.597599,0.600000,-0.600000,-0.600000,0.600000,-0.600000,0.600000,-0.600000,0.600000,0.600000,0.600000,-0.600000,-0.600000,-0.600000,0.600000,0.600000,-0.600000,0.600000,-0.600000,-0.600000,-0.600000,-0.600000,-0.600000,0.600000,-0.600000,-0.600000,-0.600000,-0.600000,0.600000,-0.600000,0.611950,0.600000,-0.600000,-0.600000,-0.600000
151,-0.600000,0.600000,-0.600000,1.000000,-0.600000,1.000000,-1.000000,-0.600000,0.600000,-0.600000,-0.600000,0.600000,-0.600000,0.600000,-0.600000,-0.600000,0.600000,-0.600000,-0.600000,-0.651523,-0.604795,0.600000,-0.600000,-0.600000,-0.611950,-0.600000,-0.600000,-0.600000,0.600000,-0.600000,-0.600000,-0.600000,-0.600000,-0.600000,0.600000,-0.000176,0.597599,0.600000,-0.600000,-0.600000,0.600000,-0.600000,0.600000,-0.600000,0.600000,0.600000,0.600000,-0.600000,-0.600000,-0.600000,0.600000,0.600000,-0.600000,0.600000,-0.600000,-0.600000,-0.600000,-0.600000,-0.600000,0.600000,-0.600000,-0.600000,-0.600000,-0.600000,0.600000,-0.600000,0.611950,0.600000,-0.600000,-0.600000,-0.600000
152,-0.600000,0.600000,-0.600000,1.000000,-0.600000,1.000000,-1.000000,-0.600000,0.600000,-0.600000,-0.600000,0.600000,-0.600000,0.600000,-0.600000,-0.600000,0.600000,-0.600000,-0.600000,-0.651523,-0.604795,0.600000,-0.600000,-0.600000,-0.611950,-0.600000,-0.600000,-0.600000,0.600000,-0.600000,-0.600000,-0.600000,-0.600000,-0.600000,0.600000,-0.000166,0.597599,0.600000,-0.600000,-0.600000,0.600000,-0.600000,0.600000,-0.600000,0.600000,0.600000,0.600000,-0.600000,-0.600000,-0.600000,0.600000,0.600000,-0.600000,0.600000,-0.600000,-0.600000,-0.600000,-0.600000,-0.600000,0.600000,-0.600000,-0.600000,-0.600000,-0.600000,0.600000,-0.600000,0.611950,0.600000,-0.600000,-0.600000,-0.600000
153,-0.600000,0.600000,-0.600000,1.000000,-0.600000,1.000000,-1.000000,-0.600000,0.600000,-0.600000,-0.600000,0.600000,-0.600000,0.600000,-0.600000,-0.600000,0.600000,-0.600000,-0.600000,-0.651523,-0.604795,0.600000,-0.600000,-0.600000,-0.611950,-0.600000,-0.600000,-0.600000,0.600000,-0.600000,-0.600000,-0.600000,-0.600000,-0.600000,0.600000,-0.000156,0.597599,0.600000,-0.600000,-0.600000,0.600000,-0.600000,0.600000,-0.600000,0.600000,0.600000,0.600000,-0.600000,-0.600000,-0.600000,0.600000,0.600000,-0.600000,0.600000,-0.600000,-0.600000,-0.600000,-0.600000,-0.600000,0.600000,-0.600000,-0.600000,-0.600000,-0.600000,0.600000,-0.600000,0.611950,0.600000,-0.600000,-0.600000,-0.600000
154,-0.600000,0.600000,-0.600000,1.000000,-0.600000,1.000000,-1.000000,-0.600000,0.600000,-0.600000,-0.600000,0.600000,-0.600000,0.600000,-0.600000,-0.600000,0.600000,-0.600000,-0.600000,-0.651523,-0.604795,0.600000,-0.600000,-0.600000,-0.611950,-0.600000,-0.600000,-0.600000,0.600000,-0.600000,-0.600000,-0.600000,-0.600000,-0.600000,0.600000,-0.000147,0.597599,0.600000,-0.600000,-0.600000,0.600000,-0.600000,0.600000,-0.600000,0.600000,0.600000,0.600000,-0.600000,-0.600000,-0.600000,0.600000,0.600000,-0.600000,0.600000,-0.600000,-0.600000,-0.600000,-0.600000,-0.600000,0.600000,-0.600000,-0.600000,-0.600000,-0.600000,0.600000,-0.600000,0.611950,0.600000,-0.600000,-0.600000,-0.600000
155,-0.600000,0.600000,-0.600000,1.000000,-0.600000,1.000000,-1.000000,-0.600000,0.600000,-0.600000,-0.600000,0.600000,-0.600000,0.600000,-0.600000,-0.600000,0.600000,-0.600000,-0.600000,-0.651523,-0.604795,0.600000,-0.600000,-0.600000,-0.611950,-0.600000,-0.600000,-0.600000,0.600000,-0.600000,-0.600000,-0.600000,-0.600000,-0.600000,0.600000,-0.000139,0.597599,0.600000,-0.600000,-0.600000,0.600000,-0.600000,0.600000,-0.600000,0.600000,0.600000,0.600000,-0.600000,-0.600000,-0.600000,0.600000,0.600000,-0.600000,0.600000,-0.600000,-0.600000,-0.600000,-0.600000,-0.600000,0.600000,-0.600000,-0.600000,-0.600000,-0.600000,0.600000,-0.600000,0.611950,0.600000,-0.600000,-0.600000,-0.600000
156,-0.600000,0.600000,-0.600000,1.000000,-0.600000,1.000000,-1.000000,-0.600000,0.600000,-0.600000,-0.600000,0.600000,-0.600000,0.600000,-0.600000,-0.600000,0.600000,-0.600000,-0.600000,-0.651523,-0.604795,0.600000,-0.600000,-0.600000,-0.611950,-0.600000,-0.600000,-0.600000,0.600000,-0.600000,-0.600000,-0.600000,-0.600000,-0.600000,0.600000,-0.000131,0.597599,0.600000,-0.600000,-0.600000,0.600000,-0.600000,0.600000,-0.600000,0.600000,0.600000,0.600000,-0.600000,-0.600000,-0.600000,0.600000,0.600000,-0.600000,0.600000,-0.600000,-0.600000,-0.600000,-0.600000,-0.600000,0.600000,-0.600000,-0.600000,-0.600000,-0.600000,0.600000,-0.600000,0.611950,0.600000,-0.600000,-0.600000,-0.600000
157,-0.600000,0.600000,-0.600000,1.000000,-0.600000,1.000000,-1.000000,-0.600000,0.600000,-0.600000,-0.600000,0.600000,-0.600000,0.600000,-0.600000,-0.600000,0.600000,-0.600000,-0.600000,-0.651523,-0.604795,0.600000,-0.600000,-0.600000,-0.611950,-0.600000,-0.600000,-0.600000,0.600000,-0.600000,-0.600000,-0.600000,-0.600000,-0.600000,0.600000,-0.000123,0.597599,0.600000,-0.600000,-0.600000,0.600000,-0.600000,0.600000,-0.600000,0.600000,0.600000,0.600000,-0.600000,-0.600000,-0.600000,0.600000,0.600000,-0.600000,0.600000,-0.600000,-0.600000,-0.600000,-0.600000,-0.600000,0.600000,-0.600000,-0.600000,-0.600000,-0.600000,0.600000,-0.600000,0.611950,0.600000,-0.600000,-0.600000,-0.600000
158,-0.600000,0.600000,-0.600000,1.000000,-0.600000,1.000000,-1.000000,-0.600000,0.600000,-0.600000,-0.600000,0.600000,-0.600000,0.600000,-0.600000,-0.600000,0.600000,-0.600000,-0.600000,-0.651523,-0.604795,0.600000,-0.600000,-0.600000,-0.611950,-0.600000,-0.600000,-0.600000,0.600000,-0.600000,-0.600000,-0.600000,-0.600000,-0.600000,0.600000,-0.000116,0.597599,0.600000,-0.600000,-0.600000,0.600000,-0.600000,0.600000,-0.600000,0.600000,0.600000,0.600000,-0.600000,-0.600000,-0.600000,0.600000,0.600000,-0.600000,0.600000,-0.600000,-0.600000,-0.600000,-0.600000,-0.600000,0.600000,-0.600000,-0.600000,-0.600000,-0.600000,0.600000,-0.600000,0.611950,0.600000,-0.600000,-0.600000,-0.600000
159,-0.600000,0.600000,-0.600000,1.000000,-0.600000,1.000000,-1.000000,-0.600000,0.600000,-0.600000,-0.600000,0.600000,-0.600000,0.600000,-0.600000,-0.600000,0.600000,-0.600000,-0.600000,-0.651523,-0.604795,0.600000,-0.600000,-0.600000,-0.611950,-0.600000,-0.600000,-0.600000,0.600000,-0.600000,-0.600000,-0.600000,-0.600000,-0.600000,0.600000,-0.000109,0.597599,0.600000,-0.600000,-0.600000,0.600000,-0.600000,0.600000,-0.600000,0.600000,0.600000,0.600000,-0.600000,-0.600000,-0.600000,0.600000,0.600000,-0.600000,0.600000,-0.600000,-0.600000,-0.600000,-0.600000,-0.600000,0.600000,-0.600000,-0.600000,-0.600000,-0.600000,0.600000,-0.600000,0.611950,0.600000,-0.600000,-0.600000,-0.600000
160,-0.600000,0.600000,-0.600000,1.000000,-0.600000,1.000000,-1.000000,-0.600000,0.600000,-0.600000,-0.600000,0.600000,-0.600000,0.600000,-0.600000,-0.600000,0.600000,-0.600000,-0.600000,-0.651523,-0.604795,0.600000,-0.600000,-0.600000,-0.611950,-0.600000,-0.600000,-0.600000,0.600000,-0.600000,-0.600000,-0.600000,-0.600000,-0.600000,0.600000,-0.000103,0.597599,0.600000,-0.600000,-0.600000,0.600000,-0.600000,0.600000,-0.600000,0.600000,0.600000,0.600000,-0.600000,-0.600000,-0.600000,0.600000,0.600000,-0.600000,0.600000,-0.600000,-0.600000,-0.600000,-0.600000,-0.600000,0.600000,-0.600000,-0.600000,-0.600000,-0.600000,0.600000,-0.600000,0.611950,0.600000,-0.600000,-0.600000,-0.600000
161,-0.600000,0.600000,-0.600000,1.000000,-0.600000,1.000000,-1.000000,-0.600000,0.600000,-0.600000,-0.600000,0.600000,-0.600000,0.600000,-0.600000,-0.600000,0.600000,-0.600000,-0.600000,-0.651523,-0.604795,0.600000,-0.600000,-0.600000,-0.611950,-0.600000,-0.600000,-0.600000,0.600000,-0.600000,-0.600000,-0.600000,-0.600000,-0.600000,0.600000,-0.000097,0.597599,0.600000,-0.600000,-0.600000,0.600000,-0.600000,0.600000,-0.600000,0.600000,0.600000,0.600000,-0.600000,-0.600000,-0.600000,0.600000,0.600000,-0.600000,0.600000,-0.600000,-0.600000,-0.600000,-0.600000,-0.600000,0.600000,-0.600000,-0.600000,-0.600000,-0.600000,0.600000,-0.600000,0.611950,0.600000,-0.600000,-0.600000,-0.600000
162,-0.600000,0.600000,-0.600000,1.000000,-0.600000,1.000000,-1.000000,-0.600000,0.600000,-0.600000,-0.600000,0.600000,-0.600000,0.600000,-0.600000,-0.600000,0.600000,-0.600000,-0.600000,-0.651523,-0.604795,0.600000,-0.600000,-0.600000,-0.611950,-0.600000,-0.600000,-0.600000,0.600000,-0.600000,-0.600000,-0.600000,-0.600000,-0.600000,0.600000,-0.000091,0.597599,0.600000,-0.600000,-0.600000,0.600000,-0.600000,0.600000,-0.600000,0.600000,0.600000,0.600000,-0.600000,-0.600000,-0.600000,0.600000,0.600000,-0.600000,0.600000,-0.600000,-0.600000,-0.600000,-0.600000,-0.600000,0.600000,-0.600000,-0.600000,-0.600000,-0.600000,0.600000,-0.600000,0.611950,0.600000,-0.600000,-0.600000,-0.600000
163,-0.600000,0.600000,-0.600000,1.000000,-0.600000,1.000000,-1.000000,-0.600000,0.600000,-0.600000,-0.600000,0.600000,-0.600000,0.600000,-0.600000,-0.600000,0.600000,-0.600000,-0.600000,-0.651523,-0.604795,0.600000,-0.600000,-0.600000,-0.611950,-0.600000,-0.600000,-0.600000,0.600000,-0.600000,-0.600000,-0.600000,-0.600000,-0.600000,0.600000,-0.000086,0.597599,0.600000,-0.600000,-0.600000,0.600000,-0.600000,0.600000,-0.600000,0.600000,0.600000,0.600000,-0.600000,-0.600000,-0.600000,0.600000,0.600000,-0.600000,0.600000,-0.600000,-0.600000,-0.600000,-0.600000,-0.600000,0.600000,-0.600000,-0.600000,-0.600000,-0.600000,0.600000,-0.600000,0.611950,0.600000,-0.600000,-0.600000,-0.600000
164,-0.600000,0.600000,-0.600000,1.000000,-0.600000,1.000000,-1.000000,-0.600000,0.600000,-0.600000,-0.600000,0.600000,-0.600000,0.600000,-0.600000,-0.600000,0.600000,-0.600000,-0.600000,-0.651523,-0.604795,0.600000,-0.600000,-0.600000,-0.611950,-0.600000,-0.600000,-0.600000,0.600000,-0.600000,-0.600000,-0.600000,-0.600000,-0.600000,0.600000,-0.000081,0.597599,0.600000,-0.600000,-0.600000,0.600000,-0.600000,0.600000,-0.600000,0.600000,0.600000,0.600000,-0.600000,-0.600000,-0.600000,0.600000,0.600000,-0.600000,0.600000,-0.600000,-0.600000,-0.600000,-0.600000,-0.600000,0.600000,-0.600000,-0.600000,-0.600000,-0.600000,0.600000,-0.600000,0.611950,0.600000,-0.600000,-0.600000,-0.600000
165,-0.600000,0.600000,-0.600000,1.000000,-0.600000,1.000000,-1.000000,-0.600000,0.600000,-0.600000,-0.600000,0.600000,-0.600000,0.600000,-0.600000,-0.600000,0.600000,-0.600000,-0.600000,-0.651523,-0.604795,0.600000,-0.600000,-0.600000,-0.611950,-0.600000,-0.600000,-0.600000,0.600000,-0.600000,-0.600000,-0.600000,-0.600000,-0.600000,0.600000,-0.000076,0.597599,0.600000,-0.600000,-0.600000,0.600000,-0.600000,0.600000,-0.600000,0.600000,0.600000,0.600000,-0.600000,-0.600000,-0.600000,0.600000,0.600000,-0.600000,0.600000,-0.600000,-0.600000,-0.600000,-0.600000,-0.600000,0.600000,-0.600000,-0.600000,-0.600000,-0.600000,0.600000,-0.600000,0.611950,0.600000,-0.600000,-0.600000,-0.600000
166,-0.600000,0.600000,-0.600000,1.000000,-0.600000,1.000000,-1.000000,-0.600000,0.600000,-0.600000,-0.600000,0.600000,-0.600000,0.600000,-0.600000,-0.600000,0.600000,-0.600000,-0.600000,-0.651523,-0.604795,0.600000,-0.600000,-0.600000,-0.611950,-0.600000,-0.600000,-0.600000,0.600000,-0.600000,-0.600000,-0.600000,-0.600000,-0.600000,0.600000,-0.000072,0.597599,0.600000,-0.600000,-0.600000,0.600000,-0.600000,0.600000,-0.600000,0.600000,0.600000,0.600000,-0.600000,-0.600000,-0.600000,0.600000,0.600000,-0.600000,0.600000,-0.600000,-0.600000,-0.600000,-0.600000,-0.600000,0.600000,-0.600000,-0.600000,-0.600000,-0.600000,0.600000,-0.600000,0.611950,0.600000,-0.600000,-0.600000,-0.600000
167,-0.600000,0.600000,-0.600000,1.000000,-0.600000,1.000000,-1.000000,-0.600000,0.600000,-0.600000,-0.600000,0.600000,-0.600000,0.600000,-0.600000,-0.600000,0.600000,-0.600000,-0.600000,-0.651523,-0.604795,0.600000,-0.600000,-0.600000,-0.611950,-0.600000,-0.600000,-0.600000,0.600000,-0.600000,-0.600000,-0.600000,-0.600000,-0.600000,0.600000,-0.000067,0.597599,0.600000,-0.600000,-0.600000,0.600000,-0.600000,0.600000,-0.600000,0.600000,0.600000,0.600000,-0.600000,-0.600000,-0.600000,0.600000,0.600000,-0.600000,0.600000,-0.600000,-0.600000,-0.600000,-0.600000,-0.600000,0.600000,-0.600000,-0.600000,-0.600000,-0.600000,0.600000,-0.600000,0.611950,0.600000,-0.600000,-0.600000,-0.600000
168,-0.600000,0.600000,-0.600000,1.000000,-0.600000,1.000000,-1.000000,-0.600000,0.600000,-0.600000,-0.600000,0.600000,-0.600000,0.600000,-0.600000,-0.600000,0.600000,-0.600000,-0.600000,-0.651523,-0.604795,0.600000,-0.600000,-0.600000,-0.611950,-0.600000,-0.600000,-0.600000,0.600000,-0.600000,-0.600000,-0.600000,-0.600000,-0.600000,0.600000,-0.000063,0.597599,0.600000,-0.600000,-0.600000,0.600000,-0.600000,0.600000,-0.600000,0.600000,0.600000,0.600000,-0.600000,-0.600000,-0.600000,0.600000,0.600000,-0.600000,0.600000,-0.600000,-0.600000,-0.600000,-0.600000,-0.600000,0.600000,-0.600000,-0.600000,-0.600000,-0.600000,0.600000,-0.600000,0.611950,0.600000,-0.600000,-0.600000,-0.600000
169,-0.600000,0.600000,-0.600000,1.000000,-0.600000,1.000000,-1.000000,-0.600000,0.600000,-0.600000,-0.600000,0.600000,-0.600000,0.600000,-0.600000,-0.600000,0.600000,-0.600000,-0.600000,-0.651523,-0.604795,0.600000,-0.600000,-0.600000,-0.611950,-0.600000,-0.600000,-0.600000,0.600000,-0.600000,-0.600000,-0.600000,-0.600000,-0.600000,0.600000,-0.000060,0.597599,0.600000,-0.600000,-0.600000,0.600000,-0.600000,0.600000,-0.600000,0.600000,0.600000,0.600000,-0.600000,-0.600000,-0.600000,0.600000,0.600000,-0.600000,0.600000,-0.600000,-0.600000,-0.600000,-0.600000,-0.600000,0.600000,-0.600000,-0.600000,-0.600000,-0.600000,0.600000,-0.600000,0.611950,0.600000,-0.600000,-0.600000,-0.600000
170,-0.600000,0.600000,-0.600000,1.000000,-0.600000,1.000000,-1.000000,-0.600000,0.600000,-0.600000,-0.600000,0.600000,-0.600000,0.600000,-0.600000,-0.600000,0.600000,-0.600000,-0.600000,-0.651523,-0.604795,0.600000,-0.600000,-0.600000,-0.611950,-0.600000,-0.600000,-0.600000,0.600000,-0.600000,-0.600000,-0.600000,-0.600000,-0.600000,0.600000,-0.000056,0.597599,0.600000,-0.600000,-0.600000,0.600000,-0.600000,0.600000,-0.600000,0.600000,0.600000,0.600000,-0.600000,-0.600000,-0.600000,0.600000,0.600000,-0.600000,0.600000,-0.600000,-0.600000,-0.600000,-0.600000,-0.600000,0.600000,-0.600000,-0.600000,-0.600000,-0.600000,0.600000,-0.600000,0.611950,0.600000,-0.600000,-0.600000,-0.600000
171,-0.600000,0.600000,-0.600000,1.000000,-0.600000,1.000000,-1.000000,-0.600000,0.600000,-0.600000,-0.600000,0.600000,-0.600000,0.600000,-0.600000,-0.600000,0.600000,-0.600000,-0.600000,-0.651523,-0.604795,0.600000,-0.600000,-0.600000,-0.611950,-0.600000,-0.600000,-0.600000,0.600000,-0.600000,-0.600000,-0.600000,-0.600000,-0.600000,0.600000,-0.000053,0.597599,0.600000,-0.600000,-0.600000,0.600000,-0.600000,0.600000,-0.600000,0.600000,0.600000,0.600000,-0.600000,-0.600000,-0.600000,0.600000,0.600000,-0.600000,0.600000,-0.600000,-0.600000,-0.600000,-0.600000,-0.600000,0.600000,-0.600000,-0.600000,-0.600000,-0.600000,0.600000,-0.600000,0.611950,0.600000,-0.600000,-0.600000,-0.600000
172,-0.600000,0.600000,-0.600000,1.000000,-0.600000,1.000000,-1.000000,-0.600000,0.600000,-0.600000,-0.600000,0.600000,-0.600000,0.600000,-0.600000,-0.600000,0.600000,-0.600000,-0.600000,-0.651523,-0.604795,0.600000,-0.600000,-0.600000,-0.611950,-0.600000,-0.600000,-0.600000,0.600000,-0.600000,-0.600000,-0.600000,-0.600000,-0.600000,0.600000,-0.000050,0.597599,0.600000,-0.600000,-0.600000,0.600000,-0.600000,0.600000,-0.600000,0.600000,0.600000,0.600000,-0.600000,-0.600000,-0.600000,0.600000,0.600000,-0.600000,0.600000,-0.600000,-0.600000,-0.600000,-0.600000,-0.600000,0.600000,-0.600000,-0.600000,-0.600000,-0.600000,0.600000,-0.600000,0.611950,0.600000,-0.600000,-0.600000,-0.600000
173,-0.600000,0.600000,-0.600000,1.000000,-0.600000,1.000000,-1.000000,-0.600000,0.600000,-0.600000,-0.600000,0.600000,-0.600000,0.600000,-0.600000,-0.600000,0.600000,-0.600000,-0.600000,-0.651523,-0.604795,0.600000,-0.600000,-0.600000,-0.611950,-0.600000,-0.600000,-0.600000,0.600000,-0.600000,-0.600000,-0.600000,-0.600000,-0.600000,0.600000,-0.000047,0.597599,0.600000,-0.600000,-0.600000,0.600000,-0.600000,0.600000,-0.600000,0.600000,0.600000,0.600000,-0.600000,-0.600000,-0.600000,0.600000,0.600000,-0.600000,0.600000,-0.600000,-0.600000,-0.600000,-0.600000,-0.600000,0.600000,-0.600000,-0.600000,-0.600000,-0.600000,0.600000,-0.600000,0.611950,0.600000,-0.600000,-0.600000,-0.600000
174,-0.600000,0.600000,-0.600000,1.000000,-0.600000,1.000000,-1.000000,-0.600000,0.600000,-0.600000,-0.600000,0.600000,-0.600000,0.600000,-0.600000,-0.600000,0.600000,-0.600000,-0.600000,-0.651523,-0.604795,0.600000,-0.600000,-0.600000,-0.611950,-0.600000,-0.600000,-0.600000,0.600000,-0.600000,-0.600000,-0.600000,-0.600000,-0.600000,0.600000,-0.000044,0.597599,0.600000,-0.600000,-0.600000,0.600000,-0.600000,0.600000,-0.600000,0.600000,0.600000,0.600000,-0.600000,-0.600000,-0.600000,0.600000,0.600000,-0.600000,0.600000,-0.600000,-0.600000,-0.600000,-0.600000,-0.600000,0.600000,-0.600000,-0.600000,-0.600000,-0.600000,0.600000,-0.600000,0.611950,0.600000,-0.600000,-0.600000,-0.600000
175,-0.600000,0.600000,-0.600000,1.000000,-0.600000,1.000000,-1.000000,-0.600000,0.600000,-0.600000,-0.600000,0.600000,-0.600000,0.600000,-0.600000,-0.600000,0.600000,-0.600000,-0.600000,-0.651523,-0.604795,0.600000,-0.600000,-0.600000,-0.611950,-0.600000,-0.600000,-0.600000,0.600000,-0.600000,-0.600000,-0.600000,-0.600000,-0.600000,0.600000,-0.000042,0.597599,0.600000,-0.600000,-0.600000,0.600000,-0.600000,0.600000,-0.600000,0.600000,0.600000,0.600000,-0.600000,-0.600000,-0.600000,0.600000,0.600000,-0.600000,0.600000,-0.600000,-0.600000,-0.600000,-0.600000,-0.600000,0.600000,-0.600000,-0.600000,-0.600000,-0.600000,0.600000,-0.600000,0.611950,0.600000,-0.600000,-0.600000,-0.600000
176,-0.600000,0.600000,-0.600000,1.000000,-0.600000,1.000000,-1.000000,-0.600000,0.600000,-0.600000,-0.600000,0.600000,-0.600000,0.600000,-0.600000,-0.600000,0.600000,-0.600000,-0.600000,-0.651523,-0.604795,0.600000,-0.600000,-0.600000,-0.611950,-0.600000,-0.600000,-0.600000,0.600000,-0.600000,-0.600000,-0.600000,-0.600000,-0.600000,0.600000,-0.000039,0.597599,0.600000,-0.600000,-0.600000,0.600000,-0.600000,0.600000,-0.600000,0.600000,0.600000,0.600000,-0.600000,-0.600000,-0.600000,0.600000,0.600000,-0.600000,0.600000,-0.600000,-0.600000,-0.600000,-0.600000,-0.600000,0.600000,-0.600000,-0.600000,-0.600000,-0.600000,0.600000,-0.600000,0.611950,0.600000,-0.600000,-0.600000,-0.600000
177,-0.600000,0.600000,-0.600000,1.000000,-0.600000,1.000000,-1.000000,-0.600000,0.600000,-0.600000,-0.600000,0.600000,-0.600000,0.600000,-0.600000,-0.600000,0.600000,-0.600000,-0.600000,-0.651523,-0.604795,0.600000,-0.600000,-0.600000,-0.611950,-0.600000,-0.600000,-0.600000,0.600000,-0.600000,-0.600000,-0.600000,-0.600000,-0.600000,0.600000,-0.000037,0.597599,0.600000,-0.600000,-0.600000,0.600000,-0.600000,0.600000,-0.600000,0.600000,0.600000,0.600000,-0.600000,-0.600000,-0.600000,0.600000,0.600000,-0.600000,0.600000,-0.600000,-0.600000,-0.600000,-0.600000,-0.600000,0.600000,-0.600000,-0.600000,-0.600000,-0.600000,0.600000,-0.600000,0.611950,0.600000,-0.600000,-0.600000,-0.600000
178,-0.600000,0.600000,-0.600000,1.000000,-0.600000,1.000000,-1.000000,-0.600000,0.600000,-0.600000,-0.600000,0.600000,-0.600000,0.600000,-0.600000,-0.600000,0.600000,-0.600000,-0.600000,-0.651523,-0.604795,0.600000,-0.600000,-0.600000,-0.611950,-0.600000,-0.600000,-0.600000,0.600000,-0.600000,-0.600000,-0.600000,-0.600000,-0.600000,0.600000,-0.000035,0.597599,0.600000,-0.600000,-0.600000,0.600000,-0.600000,0.600000,-0.600000,0.600000,0.600000,0.600000,-0.600000,-0.600000,-0.600000,0.600000,0.600000,-0.600000,0.600000,-0.600000,-0.600000,-0.600000,-0.600000,-0.600000,0.600000,-0.600000,-0.600000,-0.600000,-0.600000,0.600000,-0.600000,0.611950,0.600000,-0.600000,-0.600000,-0.600000
179,-0.600000,0.600000,-0.600000,1.000000,-0.600000,1.000000,-1.000000,-0.600000,0.600000,-0.600000,-0.600000,0.600000,-0.600000,0.600000,-0.600000,-0.600000,0.600000,-0.600000,-0.600000,-0.651523,-0.604795,0.600000,-0.600000,-0.600000,-0.611950,-0.600000,-0.600000,-0.600000,0.600000,-0.600000,-0.600000,-0.600000,-0.600000,-0.600000,0.600000,-0.000033,0.597599,0.600000,-0.600000,-0.600000,0.600000,-0.600000,0.600000,-0.600000,0.600000,0.600000,0.600000,-0.600000,-0.600000,-0.600000,0.600000,0.600000,-0.600000,0.600000,-0.600000,-0.600000,-0.600000,-0.600000,-0.600000,0.600000,-0.600000,-0.600000,-0.600000,-0.600000,0.600000,-0.600000,0.611950,0.600000,-0.600000,-0.600000,-0.600000
180,-0.600000,0.600000,-0.600000,1.000000,-0.600000,1.000000,-1.000000,-0.600000,0.600000,-0.600000,-0.600000,0.600000,-0.600000,0.600000,-0.600000,-0.600000,0.600000,-0.600000,-0.600000,-0.651523,-0.604795,0.600000,-0.600000,-0.600000,-0.611950,-0.600000,-0.600000,-0.600000,0.600000,-0.600000,-0.600000,-0.600000,-0.600000,-0.600000,0.600000,-0.000031,0.597599,0.600000,-0.600000,-0.600000,0.600000,-0.600000,0.600000,-0.600000,0.600000,0.600000,0.600000,-0.600000,-0.600000,-0.600000,0.600000,0.600000,-0.600000,0.600000,-0.600000,-0.600000,-0.600000,-0.600000,-0.600000,0.600000,-0.600000,-0.600000,-0.600000,-0.600000,0.600000,-0.600000,0.611950,0.600000,-0.600000,-0.600000,-0.600000
181,-0.600000,0.600000,-0.600000,1.000000,-0.600000,1.000000,-1.000000,-0.600000,0.600000,-0.600000,-0.600000,0.600000,-0.600000,0.600000,-0.600000,-0.600000,0.600000,-0.600000,-0.600000,-0.651523,-0.604795,0.600000,-0.600000,-0.600000,-0.611950,-0.600000,-0.600000,-0.600000,0.600000,-0.600000,-0.600000,-0.600000,-0.600000,-0.600000,0.600000,-0.000029,0.597599,0.600000,-0.600000,-0.600000,0.600000,-0.600000,0.600000,-0.600000,0.600000,0.600000,0.600000,-0.600000,-0.600000,-0.600000,0.600000,0.600000,-0.600000,0.600000,-0.600000,-0.600000,-0.600000,-0.600000,-0.600000,0.600000,-0.600000,-0.600000,-0.600000,-0.600000,0.600000,-0.600000,0.611950,0.600000,-0.600000,-0.600000,-0.600000
182,-0.600000,0.600000,-0.600000,1.000000,-0.600000,1.000000,-1.000000,-0.600000,0.600000,-0.600000,-0.600000,0.600000,-0.600000,0.600000,-0.600000,-0.600000,0.600000,-0.600000,-0.600000,-0.651523,-0.604795,0.600000,-0.600000,-0.600000,-0.611950,-0.600000,-0.600000,-0.600000,0.600000,-0.600000,-0.600000,-0.600000,-0.600000,-0.600000,0.600000,-0.000027,0.597599,0.600000,-0.600000,-0.600000,0.600000,-0.600000,0.600000,-0.600000,0.600000,0.600000,0.600000,-0.600000,-0.600000,-0.600000,0.600000,0.600000,-0.600000,0.600000,-0.600000,-0.600000,-0.600000,-0.600000,-0.600000,0.600000,-0.600000,-0.600000,-0.600000,-0.600000,0.600000,-0.600000,0.611950,0.600000,-0.600000,-0.600000,-0.600000
183,-0.600000,0.600000,-0.600000,1.000000,-0.600000,1.000000,-1.000000,-0.600000,0.600000,-0.600000,-0.600000,0.600000,-0.600000,0.600000,-0.600000,-0.600000,0.600000,-0.600000,-0.600000,-0.651523,-0.604795,0.600000,-0.600000,-0.600000,-0.611950,-0.600000,-0.600000,-0.600000,0.600000,-0.600000,-0.600000,-0.600000,-0.600000,-0.600000,0.600000,-0.000026,0.597599,0.600000,-0.600000,-0.600000,0.600000,-0.600000,0.600000,-0.600000,0.600000,0.600000,0.600000,-0.600000,-0.600000,-0.600000,0.600000,0.600000,-0.600000,0.600000,-0.600000,-0.600000,-0.600000,-0.600000,-0.600000,0.600000,-0.600000,-0.600000,-0.600000,-0.600000,0.600000,-0.600000,0.611950,0.600000,-0.600000,-0.600000,-0.600000
184,-0.600000,0.600000,-0.600000,1.000000,-0.600000,1.000000,-1.000000,-0.600000,0.600000,-0.600000,-0.600000,0.600000,-0.600000,0.600000,-0.600000,-0.600000,0.600000,-0.600000,-0.600000,-0.651523,-0.604795,0.600000,-0.600000,-0.600000,-0.611950,-0.600000,-0.600000,-0.600000,0.600000,-0.600000,-0.600000,-0.600000,-0.600000,-0.600000,0.600000,-0.000024,0.597599,0.600000,-0.600000,-0.600000,0.600000,-0.600000,0.600000,-0.600000,0.600000,0.600000,0.600000,-0.600000,-0.600000,-0.600000,0.600000,0.600000,-0.600000,0.600000,-0.600000,-0.600000,-0.600000,-0.600000,-0.600000,0.600000,-0.600000,-0.600000,-0.600000,-0.600000,0.600000,-0.600000,0.611950,0.600000,-0.600000,-0.600000,-0.600000
185,-0.600000,0.600000,-0.600000,1.000000,-0.600000,1.000000,-1.000000,-0.600000,0.600000,-0.600000,-0.600000,0.600000,-0.600000,0.600000,-0.600000,-0.600000,0.600000,-0.600000,-0.600000,-0.651523,-0.604795,0.600000,-0.600000,-0.600000,-0.611950,-0.600000,-0.600000,-0.600000,0.600000,-0.600000,-0.600000,-0.600000,-0.600000,-0.600000,0.600000,-0.000023,0.597599,0.600000,-0.600000,-0.600000,0.600000,-0.600000,0.600000,-0.600000,0.600000,0.600000,0.600000,-0.600000,-0.600000,-0.600000,0.600000,0.600000,-0.600000,0.600000,-0.600000,-0.600000,-0.600000,-0.600000,-0.600000,0.600000,-0.600000,-0.600000,-0.600000,-0.600000,0.600000,-0.600000,0.611950,0.600000,-0.600000,-0.600000,-0.600000
186,-0.600000,0.600000,-0.600000,1.000000,-0.600000,1.000000,-1.000000,-0.600000,0.600000,-0.600000,-0.600000,0.600000,-0.600000,0.600000,-0.600000,-0.600000,0.600000,-0.600000,-0.600000,-0.651523,-0.604795,0.600000,-0.600000,-0.600000,-0.611950,-0.600000,-0.600000,-0.600000,0.600000,-0.600000,-0.600000,-0.600000,-0.600000,-0.600000,0.600000,-0.000021,0.597599,0.600000,-0.600000,-0.600000,0.600000,-0.600000,0.600000,-0.600000,0.600000,0.600000,0.600000,-0.600000,-0.600000,-0.600000,0.600000,0.600000,-0.600000,0.600000,-0.600000,-0.600000,-0.600000,-0.600000,-0.600000,0.600000,-0.600000,-0.600000,-0.600000,-0.600000,0.600000,-0.600000,0.611950,0.600000,-0.600000,-0.600000,-0.600000
187,-0.600000,0.600000,-0.600000,1.000000,-0.600000,1.000000,-1.000000,-0.600000,0.600000,-0.600000,-0.600000,0.600000,-0.600000,0.600000,-0.600000,-0.600000,0.600000,-0.600000,-0.600000,-0.651523,-0.604795,0.600000,-0.600000,-0.600000,-0.611950,-0.600000,-0.600000,-0.600000,0.600000,-0.600000,-0.600000,-0.600000,-0.600000,-0.600000,0.600000,-0.000020,0.597599,0.600000,-0.600000,-0.600000,0.600000,-0.600000,0.600000,-0.600000,0.600000,0.600000,0.600000,-0.600000,-0.600000,-0.600000,0.600000,0.600000,-0.600000,0.600000,-0.600000,-0.600000,-0.600000,-0.600000,-0.600000,0.600000,-0.600000,-0.600000,-0.600000,-0.600000,0.600000,-0.600000,0.611950,0.600000,-0.600000,-0.600000,-0.600000
188,-0.600000,0.600000,-0.600000,1.000000,-0.600000,1.000000,-1.000000,-0.600000,0.600000,-0.600000,-0.600000,0.600000,-0.600000,0.600000,-0.600000,-0.600000,0.600000,-0.600000,-0.600000,-0.651523,-0.604795,0.600000,-0.600000,-0.600000,-0.611950,-0.600000,-0.600000,-0.600000,0.600000,-0.600000,-0.600000,-0.600000,-0.600000,-0.600000,0.600000,-0.000019,0.597599,0.600000,-0.600000,-0.600000,0.600000,-0.600000,0.600000,-0.600000,0.600000,0.600000,0.600000,-0.600000,-0.600000,-0.600000,0.600000,0.600000,-0.600000,0.600000,-0.600000,-0.600000,-0.600000,-0.600000,-0.600000,0.600000,-0.600000,-0.600000,-0.600000,-0.600000,0.600000,-0.600000,0.611950,0.600000,-0.600000,-0.600000,-0.600000
189,-0.600000,0.600000,-0.600000,1.000000,-0.600000,1.000000,-1.000000,-0.600000,0.600000,-0.600000,-0.600000,0.600000,-0.600000,0.600000,-0.600000,-0.600000,0.600000,-0.600000,-0.600000,-0.651523,-0.604795,0.600000,-0.600000,-0.600000,-0.611950,-0.600000,-0.600000,-0.600000,0.600000,-0.600000,-0.600000,-0.600000,-0.600000,-0.600000,0.600000,-0.000018,0.597599,0.600000,-0.600000,-0.600000,0.600000,-0.600000,0.600000,-0.600000,0.600000,0.600000,0.600000,-0.600000,-0.600000,-0.600000,0.600000,0.600000,-0.600000,0.600000,-0.600000,-0.600000,-0.600000,-0.600000,-0.600000,0.600000,-0.600000,-0.600000,-0.600000,-0.600000,0.600000,-0.600000,0.611950,0.600000,-0.600000,-0.600000,-0.600000
190,-0.600000,0.600000,-0.600000,1.000000,-0.600000,1.000000,-1.000000,-0.600000,0.600000,-0.600000,-0.600000,0.600000,-0.600000,0.600000,-0.600000,-0.600000,0.600000,-0.600000,-0.600000,-0.651523,-0.604795,0.600000,-0.600000,-0.600000,-0.611950,-0.600000,-0.600000,-0.600000,0.600000,-0.600000,-0.600000,-0.600000,-0.600000,-0.600000,0.600000,-0.000017,0.597599,0.600000,-0.600000,-0.600000,0.600000,-0.600000,0.600000,-0.600000,0.600000,0.600000,0.600000,-0.600000,-0.600000,-0.600000,0.600000,0.600000,-0.600000,0.600000,-0.600000,-0.600000,-0.600000,-0.600000,-0.600000,0.600000,-0.600000,-0.600000,-0.600000,-0.600000,0.600000,-0.600000,0.611950,0.600000,-0.600000,-0.600000,-0.600000
191,-0.600000,0.600000,-0.600000,1.000000,-0.600000,1.000000,-1.000000,-0.600000,0.600000,-0.600000,-0.600000,0.600000,-0.600000,0.600000,-0.600000,-0.600000,0.600000,-0.600000,-0.600000,-0.651523,-0.604795,0.600000,-0.600000,-0.600000,-0.611950,-0.600000,-0.600000,-0.600000,0.600000,-0.600000,-0.600000,-0.600000,-0.600000,-0.600000,0.600000,-0.000016,0.597599,0.600000,-0.600000,-0.600000,0.600000,-0.600000,0.600000,-0.600000,0.600000,0.600000,0.600000,-0.600000,-0.600000,-0.600000,0.600000,0.600000,-0.600000,0.600000,-0.600000,-0.600000,-0.600000,-0.600000,-0.600000,0.600000,-0.600000,-0.600000,-0.600000,-0.600000,0.600000,-0.600000,0.611950,0.600000,-0.600000,-0.600000,-0.600000
192,-0.600000,0.600000,-0.600000,1.000000,-0.600000,1.000000,-1.000000,-0.600000,0.600000,-0.600000,-0.600000,0.600000,-0.600000,0.600000,-0.600000,-0.600000,0.600000,-0.600000,-0.600000,-0.651523,-0.604795,0.600000,-0.600000,-0.600000,-0.611950,-0.600000,-0.600000,-0.600000,0.600000,-0.600000,-0.600000,-0.600000,-0.600000,-0.600000,0.600000,-0.000015,0.597599,0.600000,-0.600000,-0.600000,0.600000,-0.600000,0.600000,-0.600000,0.600000,0.600000,0.600000,-0.600000,-0.600000,-0.600000,0.600000,0.600000,-0.600000,0.600000,-0.600000,-0.600000,-0.600000,-0.600000,-0.600000,0.600000,-0.600000,-0.600000,-0.600000,-0.600000,0.600000,-0.600000,0.611950,0.600000,-0.600000,-0.600000,-0.600000
193,-0.600000,0.600000,-0.600000,1.000000,-0.600000,1.000000,-1.000000,-0.600000,0.600000,-0.600000,-0.600000,0.600000,-0.600000,0.600000,-0.600000,-0.600000,0.600000,-0.600000,-0.600000,-0.651523,-0.604795,0.600000,-0.600000,-0.600000,-0.611950,-0.600000,-0.600000,-0.600000,0.600000,-0.600000,-0.600000,-0.600000,-0.600000,-0.600000,0.600000,-0.000014,0.597599,0.600000,-0.600000,-0.600000,0.600000,-0.600000,0.600000,-0.600000,0.600000,0.600000,0.600000,-0.600000,-0.600000,-0.600000,0.600000,0.600000,-0.600000,0.600000,-0.600000,-0.600000,-0.600000,-0.600000,-0.600000,0.600000,-0.600000,-0.600000,-0.600000,-0.600000,0.600000,-0.600000,0.611950,0.600000,-0.600000,-0.600000,-0.600000
194,-0.600000,0.600000,-0.600000,1.000000,-0.600000,1.000000,-1.000000,-0.600000,0.600000,-0.600000,-0.600000,0.600000,-0.600000,0.600000,-0.600000,-0.600000,0.600000,-0.600000,-0.600000,-0.651523,-0.604795,0.600000,-0.600000,-0.600000,-0.611950,-0.600000,-0.600000,-0.600000,0.600000,-0.600000,-0.600000,-0.600000,-0.600000,-0.600000,0.600000,-0.000013,0.597599,0.600000,-0.600000,-0.600000,0.600000,-0.600000,0.600000,-0.600000,0.600000,0.600000,0.600000,-0.600000,-0.600000,-0.600000,0.600000,0.600000,-0.600000,0.600000,-0.600000,-0.600000,-0.600000,-0.600000,-0.600000,0.600000,-0.600000,-0.600000,-0.600000,-0.600000,0.600000,-0.600000,0.611950,0.600000,-0.600000,-0.600000,-0.600000
195,-0.600000,0.600000,-0.600000,1.000000,-0.600000,1.000000,-1.000000,-0.600000,0.600000,-0.600000,-0.600000,0.600000,-0.600000,0.600000,-0.600000,-0.600000,0.600000,-0.600000,-0.600000,-0.651523,-0.604795,0.600000,-0.600000,-0.600000,-0.611950,-0.600000,-0.600000,-0.600000,0.600000,-0.600000,-0.600000,-0.600000,-0.600000,-0.600000,0.600000,-0.000013,0.597599,0.600000,-0.600000,-0.600000,0.600000,-0.600000,0.600000,-0.600000,0.600000,0.600000,0.600000,-0.600000,-0.600000,-0.600000,0.600000,0.600000,-0.600000,0.600000,-0.600000,-0.600000,-0.600000,-0.600000,-0.600000,0.600000,-0.600000,-0.600000,-0.600000,-0.600000,0.600000,-0.600000,0.611950,0.600000,-0.600000,-0.600000,-0.600000
196,-0.600000,0.600000,-0.600000,1.000000,-0.600000,1.000000,-1.000000,-0.600000,0.600000,-0.600000,-0.600000,0.600000,-0.600000,0.600000,-0.600000,-0.600000,0.600000,-0.600000,-0.600000,-0.651523,-0.604795,0.600000,-0.600000,-0.600000,-0.611950,-0.600000,-0.600000,-0.600000,0.600000,-0.600000,-0.600000,-0.600000,-0.600000,-0.600000,0.600000,-0.000012,0.597599,0.600000,-0.600000,-0.600000,0.600000,-0.600000,0.600000,-0.600000,0.600000,0.600000,0.600000,-0.600000,-0.600000,-0.600000,0.600000,0.600000,-0.600000,0.600000,-0.600000,-0.600000,-0.600000,-0.600000,-0.600000,0.600000,-0.600000,-0.600000,-0.600000,-0.600000,0.600000,-0.600000,0.611950,0.600000,-0.600000,-0.600000,-0.600000
197,-0.600000,0.600000,-0.600000,1.000000,-0.600000,1.000000,-1.000000,-0.600000,0.600000,-0.600000,-0.600000,0.600000,-0.600000,0.600000,-0.600000,-0.600000,0.600000,-0.600000,-0.600000,-0.651523,-0.604795,0.600000,-0.600000,-0.600000,-0.611950,-0.600000,-0.600000,-0.600000,0.600000,-0.600000,-0.600000,-0.600000,-0.600000,-0.600000,0.600000,-0.000011,0.597599,0.600000,-0.600000,-0.600000,0.600000,-0.600000,0.600000,-0.600000,0.600000,0.600000,0.600000,-0.600000,-0.600000,-0.600000,0.600000,0.600000,-0.600000,0.600000,-0.600000,-0.600000,-0.600000,-0.600000,-0.600000,0.600000,-0.600000,-0.600000,-0.600000,-0.600000,0.600000,-0.600000,0.611950,0.600000,-0.600000,-0.600000,-0.600000
198,-0.600000,0.600000,-0.600000,1.000000,-0.600000,1.000000,-1.000000,-0.600000,0.600000,-0.600000,-0.600000,0.600000,-0.600000,0.600000,-0.600000,-0.600000,0.600000,-0.600000,-0.600000,-0.651523,-0.604795,0.600000,-0.600000,-0.600000,-0.611950,-0.600000,-0.600000,-0.600000,0.600000,-0.600000,-0.600000,-0.600000,-0.600000,-0.600000,0.600000,-0.000010,0.597599,0.600000,-0.600000,-0.600000,0.600000,-0.600000,0.600000,-0.600000,0.600000,0.600000,0.600000,-0.600000,-0.600000,-0.600000,0.600000,0.600000,-0.600000,0.600000,-0.600000,-0.600000,-0.600000,-0.600000,-0.600000,0.600000,-0.600000,-0.600000,-0.600000,-0.600000,0.600000,-0.600000,0.611950,0.600000,-0.600000,-0.600000,-0.600000
199,-0.600000,0.600000,-0.600000,1.000000,-0.600000,1.000000,-1.000000,-0.600000,0.600000,-0.600000,-0.600000,0.600000,-0.600000,0.600000,-0.600000,-0.600000,0.600000,-0.600000,-0.600000,-0.651523,-0.604795,0.600000,-0.600000,-0.600000,-0.611950,-0.600000,-0.600000,-0.600000,0.600000,-0.600000,-0.600000,-0.600000,-0.600000,-0.600000,0.600000,-0.000010,0.597599,0.600000,-0.600000,-0.600000,0.600000,-0.600000,0.600000,-0.600000,0.600000,0.600000,0.600000,-0.600000,-0.600000,-0.600000,0.600000,0.600000,-0.600000,0.600000,-0.600000,-0.600000,-0.600000,-0.600000,-0.600000,0.600000,-0.600000,-0.600000,-0.600000,-0.600000,0.600000,-0.600000,0.611950,0.600000,-0.600000,-0.600000,-0.600000
200,-0.600000,0.600000,-0.600000,1.000000,-0.600000,1.000000,-1.000000,-0.600000,0.600000,-0.600000,-0.600000,0.600000,-0.600000,0.600000,-0.600000,-0.600000,0.600000,-0.600000,-0.600000,-0.651523,-0.604795,0.600000,-0.600000,-0.600000,-0.611950,-0.600000,-0.600000,-0.600000,0.600000,-0.600000,-0.600000,-0.600000,-0.600000,-0.600000,0.600000,-0.000009,0.597599,0.600000,-0.600000,-0.600000,0.600000,-0.600000,0.600000,-0.600000,0.600000,0.600000,0.600000,-0.600000,-0.600000,-0.600000,0.600000,0.600000,-0.600000,0.600000,-0.600000,-0.600000,-0.600000,-0.600000,-0.600000,0.600000,-0.600000,-0.600000,-0.600000,-0.600000,0.600000,-0.600000,0.611950,0.600000,-0.600000,-0.600000,-0.600000
201,-0.600000,0.600000,-0.600000,1.000000,-0.600000,1.000000,-1.000000,-0.600000,0.600000,-0.600000,-0.600000,0.600000,-0.600000,0.600000,-0.600000,-0.600000,0.600000,-0.600000,-0.600000,-0.651523,-0.604795,0.600000,-0.600000,-0.600000,-0.611950,-0.600000,-0.600000,-0.600000,0.600000,-0.600000,-0.600000,-0.600000,-0.600000,-0.600000,0.600000,-0.000009,0.597599,0.600000,-0.600000,-0.600000,0.600000,-0.600000,0.600000,-0.600000,0.600000,0.600000,0.600000,-0.600000,-0.600000,-0.600000,0.600000,0.600000,-0.600000,0.600000,-0.600000,-0.600000,-0.600000,-0.600000,-0.600000,0.600000,-0.600000,-0.600000,-0.600000,-0.600000,0.600000,-0.600000,0.611950,0.600000,-0.600000,-0.600000,-0.600000
202,-0.600000,0.600000,-0.600000,1.000000,-0.600000,1.000000,-1.000000,-0.600000,0.600000,-0.600000,-0.600000,0.600000,-0.600000,0.600000,-0.600000,-0.600000,0.600000,-0.600000,-0.600000,-0.651523,-0.604795,0.600000,-0.600000,-0.600000,-0.611950,-0.600000,-0.600000,-0.600000,0.600000,-0.600000,-0.600000,-0.600000,-0.600000,-0.600000,0.600000,-0.000008,0.597599,0.600000,-0.600000,-0.600000,0.600000,-0.600000,0.600000,-0.600000,0.600000,0.600000,0.600000,-0.600000,-0.600000,-0.600000,0.600000,0.600000,-0.600000,0.600000,-0.600000,-0.600000,-0.600000,-0.600000,-0.600000,0.600000,-0.600000,-0.600000,-0.600000,-0.600000,0.600000,-0.600000,0.611950,0.600000,-0.600000,-0.600000,-0.600000
203,-0.600000,0.600000,-0.600000,1.000000,-0.600000,1.000000,-1.000000,-0.600000,0.600000,-0.600000,-0.600000,0.600000,-0.600000,0.600000,-0.600000,-0.600000,0.600000,-0.600000,-0.600000,-0.651523,-0.604795,0.600000,-0.600000,-0.600000,-0.611950,-0.600000,-0.600000,-0.600000,0.600000,-0.600000,-0.600000,-0.600000,-0.600000,-0.600000,0.600000,-0.000008,0.597599,0.600000,-0.600000,-0.600000,0.600000,-0.600000,0.600000,-0.600000,0.600000,0.600000,0.600000,-0.600000,-0.600000,-0.600000,0.600000,0.600000,-0.600000,0.600000,-0.600000,-0.600000,-0.600000,-0.600000,-0.600000,0.600000,-0.600000,-0.600000,-0.600000,-0.600000,0.600000,-0.600000,0.611950,0.600000,-0.600000,-0.600000,-0.600000
204,-0.600000,0.600000,-0.600000,1.000000,-0.600000,1.000000,-1.000000,-0.600000,0.600000,-0.600000,-0.600000,0.600000,-0.600000,0.600000,-0.600000,-0.600000,0.600000,-0.600000,-0.600000,-0.651523,-0.604795,0.600000,-0.600000,-0.600000,-0.611950,-0.600000,-0.600000,-0.600000,0.600000,-0.600000,-0.600000,-0.600000,-0.600000,-0.600000,0.600000,-0.000007,0.597599,0.600000,-0.600000,-0.600000,0.600000,-0.600000,0.600000,-0.600000,0.600000,0.600000,0.600000,-0.600000,-0.600000,-0.600000,0.600000,0.600000,-0.600000,0.600000,-0.600000,-0.600000,-0.600000,-0.600000,-0.600000,0.600000,-0.600000,-0.600000,-0.600000,-0.600000,0.600000,-0.600000,0.611950,0.600000,-0.600000,-0.600000,-0.600000
205,-0.600000,0.600000,-0.600000,1.000000,-0.600000,1.000000,-1.000000,-0.600000,0.600000,-0.600000,-0.600000,0.600000,-0.600000,0.600000,-0.600000,-0.600000,0.600000,-0.600000,-0.600000,-0.651523,-0.604795,0.600000,-0.600000,-0.600000,-0.611950,-0.600000,-0.600000,-0.600000,0.600000,-0.600000,-0.600000,-0.600000,-0.600000,-0.600000,0.600000,-0.000007,0.597599,0.600000,-0.600000,-0.600000,0.600000,-0.600000,0.600000,-0.600000,0.600000,0.600000,0.600000,-0.600000,-0.600000,-0.600000,0.600000,0.600000,-0.600000,0.600000,-0.600000,-0.600000,-0.600000,-0.600000,-0.600000,0.600000,-0.600000,-0.600000,-0.600000,-0.600000,0.600000,-0.600000,0.611950,0.600000,-0.600000,-0.600000,-0.600000
206,-0.600000,0.600000,-0.600000,1.000000,-0.600000,1.000000,-1.000000,-0.600000,0.600000,-0.600000,-0.600000,0.600000,-0.600000,0.600000,-0.600000,-0.600000,0.600000,-0.600000,-0.600000,-0.651523,-0.604795,0.600000,-0.600000,-0.600000,-0.611950,-0.600000,-0.600000,-0.600000,0.600000,-0.600000,-0.600000,-0.600000,-0.600000,-0.600000,0.600000,-0.000006,0.597599,0.600000,-0.600000,-0.600000,0.600000,-0.600000,0.600000,-0.600000,0.600000,0.600000,0.600000,-0.600000,-0.600000,-0.600000,0.600000,0.600000,-0.600000,0.600000,-0.600000,-0.600000,-0.600000,-0.600000,-0.600000,0.600000,-0.600000,-0.600000,-0.600000,-0.600000,0.600000,-0.600000,0.611950,0.600000,-0.600000,-0.600000,-0.600000
207,-0.600000,0.600000,-0.600000,1.000000,-0.600000,1.000000,-1.000000,-0.600000,0.600000,-0.600000,-0.600000,0.600000,-0.600000,0.600000,-0.600000,-0.600000,0.600000,-0.600000,-0.600000,-0.651523,-0.604795,0.600000,-0.600000,-0.600000,-0.611950,-0.600000,-0.600000,-0.600000,0.600000,-0.600000,-0.600000,-0.600000,-0.600000,-0.600000,0.600000,-0.000006,0.597599,0.600000,-0.600000,-0.600000,0.600000,-0.600000,0.600000,-0.600000,0.600000,0.600000,0.600000,-0.600000,-0.600000,-0.600000,0.600000,0.600000,-0.600000,0.600000,-0.600000,-0.600000,-0.600000,-0.600000,-0.600000,0.600000,-0.600000,-0.600000,-0.600000,-0.600000,0.600000,-0.600000,0.611950,0.600000,-0.600000,-0.600000,-0.600000
208,-0.600000,0.600000,-0.600000,1.000000,-0.600000,1.000000,-1.000000,-0.600000,0.600000,-0.600000,-0.600000,0.600000,-0.600000,0.600000,-0.600000,-0.600000,0.600000,-0.600000,-0.600000,-0.651523,-0.604795,0.600000,-0.600000,-0.600000,-0.611950,-0.600000,-0.600000,-0.600000,0.600000,-0.600000,-0.600000,-0.600000,-0.600000,-0.600000,0.600000,-0.000006,0.597599,0.600000,-0.600000,-0.600000,0.600000,-0.600000,0.600000,-0.600000,0.600000,0.600000,0.600000,-0.600000,-0.600000,-0.600000,0.600000,0.600000,-0.600000,0.600000,-0.600000,-0.600000,-0.600000,-0.600000,-0.600000,0.600000,-0.600000,-0.600000,-0.600000,-0.600000,0.600000,-0.600000,0.611950,0.600000,-0.600000,-0.600000,-0.600000
209,-0.600000,0.600000,-0.600000,1.000000,-0.600000,1.000000,-1.000000,-0.600000,0.600000,-0.600000,-0.600000,0.600000,-0.600000,0.600000,-0.600000,-0.600000,0.600000,-0.600000,-0.600000,-0.651523,-0.604795,0.600000,-0.600000,-0.600000,-0.611950,-0.600000,-0.600000,-0.600000,0.600000,-0.600000,-0.600000,-0.600000,-0.600000,-0.600000,0.600000,-0.000005,0.597599,0.600000,-0.600000,-0.600000,0.600000,-0.600000,0.600000,-0.600000,0.600000,0.600000,0.600000,-0.600000,-0.600000,-0.600000,0.600000,0.600000,-0.600000,0.600000,-0.600000,-0.600000,-0.600000,-0.600000,-0.600000,0.600000,-0.600000,-0.600000,-0.600000,-0.600000,0.600000,-0.600000,0.611950,0.600000,-0.600000,-0.600000,-0.600000
210,-0.600000,0.600000,-0.600000,1.000000,-0.600000,1.000000,-1.000000,-0.600000,0.600000,-0.600000,-0.600000,0.600000,-0.600000,0.600000,-0.600000,-0.600000,0.600000,-0.600000,-0.600000,-0.651523,-0.604795,0.600000,-0.600000,-0.600000,-0.611950,-0.600000,-0.600000,-0.600000,0.600000,-0.600000,-0.600000,-0.600000,-0.600000,-0.600000,0.600000,-0.000005,0.597599,0.600000,-0.600000,-0.600000,0.600000,-0.600000,0.600000,-0.600000,0.600000,0.600000,0.600000,-0.600000,-0.600000,-0.600000,0.600000,0.600000,-0.600000,0.600000,-0.600000,-0.600000,-0.600000,-0.600000,-0.600000,0.600000,-0.600000,-0.600000,-0.600000,-0.600000,0.600000,-0.600000,0.611950,0.600000,-0.600000,-0.600000,-0.600000
211,-0.600000,0.600000,-0.600000,1.000000,-0.600000,1.000000,-1.000000,-0.600000,0.600000,-0.600000,-0.600000,0.600000,-0.600000,0.600000,-0.600000,-0.600000,0.600000,-0.600000,-0.600000,-0.651523,-0.604795,0.600000,-0.600000,-0.600000,-0.611950,-0.600000,-0.600000,-0.600000,0.600000,-0.600000,-0.600000,-0.600000,-0.600000,-0.600000,0.600000,-0.000005,0.597599,0.600000,-0.600000,-0.600000,0.600000,-0.600000,0.600000,-0.600000,0.600000,0.600000,0.600000,-0.600000,-0.600000,-0.600000,0.600000,0.600000,-0.600000,0.600000,-0.600000,-0.600000,-0.600000,-0.600000,-0.600000,0.600000,-0.600000,-0.600000,-0.600000,-0.600000,0.600000,-0.600000,0.611950,0.600000,-0.600000,-0.600000,-0.600000
212,-0.600000,0.600000,-0.600000,1.000000,-0.600000,1.000000,-1.000000,-0.600000,0.600000,-0.600000,-0.600000,0.600000,-0.600000,0.600000,-0.600000,-0.600000,0.600000,-0.600000,-0.600000,-0.651523,-0.604795,0.600000,-0.600000,-0.600000,-0.611950,-0.600000,-0.600000,-0.600000,0.600000,-0.600000,-0.600000,-0.600000,-0.600000,-0.600000,0.600000,-0.000004,0.597599,0.600000,-0.600000,-0.600000,0.600000,-0.600000,0.600000,-0.600000,0.600000,0.600000,0.600000,-0.600000,-0.600000,-0.600000,0.600000,0.600000,-0.600000,0.600000,-0.600000,-0.600000,-0.600000,-0.600000,-0.600000,0.600000,-0.600000,-0.600000,-0.600000,-0.600000,0.600000,-0.600000,0.611950,0.600000,-0.600000,-0.600000,-0.600000
213,-0.600000,0.600000,-0.600000,1.000000,-0.600000,1.000000,-1.000000,-0.600000,0.600000,-0.600000,-0.600000,0.600000,-0.600000,0.600000,-0.600000,-0.600000,0.600000,-0.600000,-0.600000,-0.651523,-0.604795,0.600000,-0.600000,-0.600000,-0.611950,-0.600000,-0.600000,-0.600000,0.600000,-0.600000,-0.600000,-0.600000,-0.600000,-0.600000,0.600000,-0.000004,0.597599,0.600000,-0.600000,-0.600000,0.600000,-0.600000,0.600000,-0.600000,0.600000,0.600000,0.600000,-0.600000,-0.600000,-0.600000,0.600000,0.600000,-0.600000,0.600000,-0.600000,-0.600000,-0.600000,-0.600000,-0.600000,0.600000,-0.600000,-0.600000,-0.600000,-0.600000,0.600000,-0.600000,0.611950,0.600000,-0.600000,-0.600000,-0.600000
214,-0.600000,0.600000,-0.600000,1.000000,-0.600000,1.000000,-1.000000,-0.600000,0.600000,-0.600000,-0.600000,0.600000,-0.600000,0.600000,-0.600000,-0.600000,0.600000,-0.600000,-0.600000,-0.651523,-0.604795,0.600000,-0.600000,-0.600000,-0.611950,-0.600000,-0.600000,-0.600000,0.600000,-0.600000,-0.600000,-0.600000,-0.600000,-0.600000,0.600000,-0.000004,0.597599,0.600000,-0.600000,-0.600000,0.600000,-0.600000,0.600000,-0.600000,0.600000,0.600000,0.600000,-0.600000,-0.600000,-0.600000,0.600000,0.600000,-0.600000,0.600000,-0.600000,-0.600000,-0.600000,-0.600000,-0.600000,0.600000,-0.600000,-0.600000,-0.600000,-0.600000,0.600000,-0.600000,0.611950,0.600000,-0.600000,-0.600000,-0.600000
215,-0.600000,0.600000,-0.600000,1.000000,-0.600000,1.000000,-1.000000,-0.600000,0.600000,-0.600000,-0.600000,0.600000,-0.600000,0.600000,-0.600000,-0.600000,0.600000,-0.600000,-0.600000,-0.651523,-0.604795,0.600000,-0.600000,-0.600000,-0.611950,-0.600000,-0.600000,-0.600000,0.600000,-0.600000,-0.600000,-0.600000,-0.600000,-0.600000,0.600000,-0.000004,0.597599,0.600000,-0.600000,-0.600000,0.600000,-0.600000,0.600000,-0.600000,0.600000,0.600000,0.600000,-0.600000,-0.600000,-0.600000,0.600000,0.600000,-0.600000,0.600000,-0.600000,-0.600000,-0.600000,-0.600000,-0.600000,0.600000,-0.600000,-0.600000,-0.600000,-0.600000,0.600000,-0.600000,0.611950,0.600000,-0.600000,-0.600000,-0.600000
216,-0.600000,0.600000,-0.600000,1.000000,-0.600000,1.000000,-1.000000,-0.600000,0.600000,-0.600000,-0.600000,0.600000,-0.600000,0.600000,-0.600000,-0.600000,0.600000,-0.600000,-0.600000,-0.651523,-0.604795,0.600000,-0.600000,-0.600000,-0.611950,-0.600000,-0.600000,-0.600000,0.600000,-0.600000,-0.600000,-0.600000,-0.600000,-0.600000,0.600000,-0.000004,0.597599,0.600000,-0.600000,-0.600000,0.600000,-0.600000,0.600000,-0.600000,0.600000,0.600000,0.600000,-0.600000,-0.600000,-0.600000,0.600000,0.600000,-0.600000,0.600000,-0.600000,-0.600000,-0.600000,-0.600000,-0.600000,0.600000,-0.600000,-0.600000,-0.600000,-0.600000,0.600000,-0.600000,0.611950,0.600000,-0.600000,-0.600000,-0.600000
217,-0.600000,0.600000,-0.600000,1.000000,-0.600000,1.000000,-1.000000,-0.600000,0.600000,-0.600000,-0.600000,0.600000,-0.600000,0.600000,-0.600000,-0.600000,0.600000,-0.600000,-0.600000,-0.651523,-0.604795,0.600000,-0.600000,-0.600000,-0.611950,-0.600000,-0.600000,-0.600000,0.600000,-0.600000,-0.600000,-0.600000,-0.600000,-0.600000,0.600000,-0.000003,0.597599,0.600000,-0.600000,-0.600000,0.600000,-0.600000,0.600000,-0.600000,0.600000,0.600000,0.600000,-0.600000,-0.600000,-0.600000,0.600000,0.600000,-0.600000,0.600000,-0.600000,-0.600000,-0.600000,-0.600000,-0.600000,0.600000,-0.600000,-0.600000,-0.600000,-0.600000,0.600000,-0.600000,0.611950,0.600000,-0.600000,-0.600000,-0.600000
218,-0.600000,0.600000,-0.600000,1.000000,-0.600000,1.000000,-1.000000,-0.600000,0.600000,-0.600000,-0.600000,0.600000,-0.600000,0.600000,-0.600000,-0.600000,0.600000,-0.600000,-0.600000,-0.651523,-0.604795,0.600000,-0.600000,-0.600000,-0.611950,-0.600000,-0.600000,-0.600000,0.600000,-0.600000,-0.600000,-0.600000,-0.600000,-0.600000,0.600000,-0.000003,0.597599,0.600000,-0.600000,-0.600000,0.600000,-0.600000,0.600000,-0.600000,0.600000,0.600000,0.600000,-0.600000,-0.600000,-0.600000,0.600000,0.600000,-0.600000,0.600000,-0.600000,-0.600000,-0.600000,-0.600000,-0.600000,0.600000,-0.600000,-0.600000,-0.600000,-0.600000,0.600000,-0.600000,0.611950,0.600000,-0.600000,-0.600000,-0.600000
219,-0.600000,0.600000,-0.600000,1.000000,-0.600000,1.000000,-1.000000,-0.600000,0.600000,-0.600000,-0.600000,0.600000,-0.600000,0.600000,-0.600000,-0.600000,0.600000,-0.600000,-0.600000,-0.651523,-0.604795,0.600000,-0.600000,-0.600000,-0.611950,-0.600000,-0.600000,-0.600000,0.600000,-0.600000,-0.600000,-0.600000,-0.600000,-0.600000,0.600000,-0.000003,0.597599,0.600000,-0.600000,-0.600000,0.600000,-0.600000,0.600000,-0.600000,0.600000,0.600000,0.600000,-0.600000,-0.600000,-0.600000,0.600000,0.600000,-0.600000,0.600000,-0.600000,-0.600000,-0.600000,-0.600000,-0.600000,0.600000,-0.600000,-0.600000,-0.600000,-0.600000,0.600000,-0.600000,0.611950,0.600000,-0.600000,-0.600000,-0.600000
220,-0.600000,0.600000,-0.600000,1.000000,-0.600000,1.000000,-1.000000,-0.600000,0.600000,-0.600000,-0.600000,0.600000,-0.600000,0.600000,-0.600000,-0.600000,0.600000,-0.600000,-0.600000,-0.651523,-0.604795,0.600000,-0.600000,-0.600000,-0.611950,-0.600000,-0.600000,-0.600000,0.600000,-0.600000,-0.600000,-0.600000,-0.600000,-0.600000,0.600000,-0.000003,0.597599,0.600000,-0.600000,-0.600000,0.600000,-0.600000,0.600000,-0.600000,0.600000,0.600000,0.600000,-0.600000,-0.600000,-0.600000,0.600000,0.600000,-0.600000,0.600000,-0.600000,-0.600000,-0.600000,-0.600000,-0.600000,0.600000,-0.600000,-0.600000,-0.600000,-0.600000,0.600000,-0.600000,0.611950,0.600000,-0.600000,-0.600000,-0.600000
221,-0.600000,0.600000,-0.600000,1.000000,-0.600000,1.000000,-1.000000,-0.600000,0.600000,-0.600000,-0.600000,0.600000,-0.600000,0.600000,-0.600000,-0.600000,0.600000,-0.600000,-0.600000,-0.651523,-0.604795,0.600000,-0.600000,-0.600000,-0.611950,-0.600000,-0.600000,-0.600000,0.600000,-0.600000,-0.600000,-0.600000,-0.600000,-0.600000,0.600000,-0.000003,0.597599,0.600000,-0.600000,-0.600000,0.600000,-0.600000,0.600000,-0.600000,0.600000,0.600000,0.600000,-0.600000,-0.600000,-0.600000,0.600000,0.600000,-0.600000,0.600000,-0.600000,-0.600000,-0.600000,-0.600000,-0.600000,0.600000,-0.600000,-0.600000,-0.600000,-0.600000,0.600000,-0.600000,0.611950,0.600000,-0.600000,-0.600000,-0.600000
222,-0.600000,0.600000,-0.600000,1.000000,-0.600000,1.000000,-1.000000,-0.600000,0.600000,-0.600000,-0.600000,0.600000,-0.600000,0.600000,-0.600000,-0.600000,0.600000,-0.600000,-0.600000,-0.651523,-0.604795,0.600000,-0.600000,-0.600000,-0.611950,-0.600000,-0.600000,-0.600000,0.600000,-0.600000,-0.600000,-0.600000,-0.600000,-0.600000,0.600000,-0.000002,0.597599,0.600000,-0.600000,-0.600000,0.600000,-0.600000,0.600000,-0.600000,0.600000,0.600000,0.600000,-0.600000,-0.600000,-0.600000,0.600000,0.600000,-0.600000,0.600000,-0.600000,-0.600000,-0.600000,-0.600000,-0.600000,0.600000,-0.600000,-0.600000,-0.600000,-0.600000,0.600000,-0.600000,0.611950,0.600000,-0.600000,-0.600000,-0.600000
223,-0.600000,0.600000,-0.600000,1.000000,-0.600000,1.000000,-1.000000,-0.600000,0.600000,-0.600000,-0.600000,0.600000,-0.600000,0.600000,-0.600000,-0.600000,0.600000,-0.600000,-0.600000,-0.651523,-0.604795,0.600000,-0.600000,-0.600000,-0.611950,-0.600000,-0.600000,-0.600000,0.600000,-0.600000,-0.600000,-0.600000,-0.600000,-0.600000,0.600000,-0.000002,0.597599,0.600000,-0.600000,-0.600000,0.600000,-0.600000,0.600000,-0.600000,0.600000,0.600000,0.600000,-0.600000,-0.600000,-0.600000,0.600000,0.600000,-0.600000,0.600000,-0.600000,-0.600000,-0.600000,-0.600000,-0.600000,0.600000,-0.600000,-0.600000,-0.600000,-0.600000,0.600000,-0.600000,0.611950,0.600000,-0.600000,-0.600000,-0.600000
224,-0.600000,0.600000,-0.600000,1.000000,-0.600000,1.000000,-1.000000,-0.600000,0.600000,-0.600000,-0.600000,0.600000,-0.600000,0.600000,-0.600000,-0.600000,0.600000,-0.600000,-0.600000,-0.651523,-0.604795,0.600000,-0.600000,-0.600000,-0.611950,-0.600000,-0.600000,-0.600000,0.600000,-0.600000,-0.600000,-0.600000,-0.600000,-0.600000,0.600000,-0.000002,0.597599,0.600000,-0.600000,-0.600000,0.600000,-0.600000,0.600000,-0.600000,0.600000,0.600000,0.600000,-0.600000,-0.600000,-0.600000,0.600000,0.600000,-0.600000,0.600000,-0.600000,-0.600000,-0.600000,-0.600000,-0.600000,0.600000,-0.600000,-0.600000,-0.600000,-0.600000,0.600000,-0.600000,0.611950,0.600000,-0.600000,-0.600000,-0.600000
225,-0.600000,0.600000,-0.600000,1.000000,-0.600000,1.000000,-1.000000,-0.600000,0.600000,-0.600000,-0.600000,0.600000,-0.600000,0.600000,-0.600000,-0.600000,0.600000,-0.600000,-0.600000,-0.651523,-0.604795,0.600000,-0.600000,-0.600000,-0.611950,-0.600000,-0.600000,-0.600000,0.600000,-0.600000,-0.600000,-0.600000,-0.600000,-0.600000,0.600000,-0.000002,0.597599,0.600000,-0.600000,-0.600000,0.600000,-0.600000,0.600000,-0.600000,0.600000,0.600000,0.600000,-0.600000,-0.600000,-0.600000,0.600000,0.600000,-0.600000,0.600000,-0.600000,-0.600000,-0.600000,-0.600000,-0.600000,0.600000,-0.600000,-0.600000,-0.600000,-0.600000,0.600000,-0.600000,0.611950,0.600000,-0.600000,-0.600000,-0.600000
226,-0.600000,0.600000,-0.600000,1.000000,-0.600000,1.000000,-1.000000,-0.600000,0.600000,-0.600000,-0.600000,0.600000,-0.600000,0.600000,-0.600000,-0.600000,0.600000,-0.600000,-0.600000,-0.651523,-0.604795,0.600000,-0.600000,-0.600000,-0.611950,-0.600000,-0.600000,-0.600000,0.600000,-0.600000,-0.600000,-0.600000,-0.600000,-0.600000,0.600000,-0.000002,0.597599,0.600000,-0.600000,-0.600000,0.600000,-0.600000,0.600000,-0.600000,0.600000,0.600000,0.600000,-0.600000,-0.600000,-0.600000,0.600000,0.600000,-0.600000,0.600000,-0.600000,-0.600000,-0.600000,-0.600000,-0.600000,0.600000,-0.600000,-0.600000,-0.600000,-0.600000,0.600000,-0.600000,0.611950,0.600000,-0.600000,-0.600000,-0.600000
227,-0.600000,0.600000,-0.600000,1.000000,-0.600000,1.000000,-1.000000,-0.600000,0.600000,-0.600000,-0.600000,0.600000,-0.600000,0.600000,-0.600000,-0.600000,0.600000,-0.600000,-0.600000,-0.651523,-0.604795,0.600000,-0.600000,-0.600000,-0.611950,-0.600000,-0.600000,-0.600000,0.600000,-0.600000,-0.600000,-0.600000,-0.600000,-0.600000,0.600000,-0.000002,0.597599,0.600000,-0.600000,-0.600000,0.600000,-0.600000,0.600000,-0.600000,0.600000,0.600000,0.600000,-0.600000,-0.600000,-0.600000,0.600000,0.600000,-0.600000,0.600000,-0.600000,-0.600000,-0.600000,-0.600000,-0.600000,0.600000,-0.600000,-0.600000,-0.600000,-0.600000,0.600000,-0.600000,0.611950,0.600000,-0.600000,-0.600000,-0.600000
228,-0.600000,0.600000,-0.600000,1.000000,-0.600000,1.000000,-1.000000,-0.600000,0.600000,-0.600000,-0.600000,0.600000,-0.600000,0.600000,-0.600000,-0.600000,0.600000,-0.600000,-0.600000,-0.651523,-0.604795,0.600000,-0.600000,-0.600000,-0.611950,-0.600000,-0.600000,-0.600000,0.600000,-0.600000,-0.600000,-0.600000,-0.600000,-0.600000,0.600000,-0.000002,0.597599,0.600000,-0.600000,-0.600000,0.600000,-0.600000,0.600000,-0.600000,0.600000,0.600000,0.600000,-0.600000,-0.600000,-0.600000,0.600000,0.600000,-0.600000,0.600000,-0.600000,-0.600000,-0.600000,-0.600000,-0.600000,0.600000,-0.600000,-0.600000,-0.600000,-0.600000,0.600000,-0.600000,0.611950,0.600000,-0.600000,-0.600000,-0.600000
229,-0.600000,0.600000,-0.600000,1.000000,-0.600000,1.000000,-1.000000,-0.600000,0.600000,-0.600000,-0.600000,0.600000,-0.600000,0.600000,-0.600000,-0.600000,0.600000,-0.600000,-0.600000,-0.651523,-0.604795,0.600000,-0.600000,-0.600000,-0.611950,-0.600000,-0.600000,-0.600000,0.600000,-0.600000,-0.600000,-0.600000,-0.600000,-0.600000,0.600000,-0.000002,0.597599,0.600000,-0.600000,-0.600000,0.600000,-0.600000,0.600000,-0.600000,0.600000,0.600000,0.600000,-0.600000,-0.600000,-0.600000,0.600000,0.600000,-0.600000,0.600000,-0.600000,-0.600000,-0.600000,-0.600000,-0.600000,0.600000,-0.600000,-0.600000,-0.600000,-0.600000,0.600000,-0.600000,0.611950,0.600000,-0.600000,-0.600000,-0.600000
230,-0.600000,0.600000,-0.600000,1.000000,-0.600000,1.000000,-1.000000,-0.600000,0.600000,-0.600000,-0.600000,0.600000,-0.600000,0.600000,-0.600000,-0.600000,0.600000,-0.600000,-0.600000,-0.651523,-0.604795,0.600000,-0.600000,-0.600000,-0.611950,-0.600000,-0.600000,-0.600000,0.600000,-0.600000,-0.600000,-0.600000,-0.600000,-0.600000,0.600000,-0.000002,0.597599,0.600000,-0.600000,-0.600000,0.600000,-0.600000,0.600000,-0.600000,0.600000,0.600000,0.600000,-0.600000,-0.600000,-0.600000,0.600000,0.600000,-0.600000,0.600000,-0.600000,-0.600000,-0.600000,-0.600000,-0.600000,0.600000,-0.600000,-0.600000,-0.600000,-0.600000,0.600000,-0.600000,0.611950,0.600000,-0.600000,-0.600000,-0.600000
231,-0.600000,0.600000,-0.600000,1.000000,-0.600000,1.000000,-1.000000,-0.600000,0.600000,-0.600000,-0.600000,0.600000,-0.600000,0.600000,-0.600000,-0.600000,0.600000,-0.600000,-0.600000,-0.651523,-0.604795,0.600000,-0.600000,-0.600000,-0.611950,-0.600000,-0.600000,-0.600000,0.600000,-0.600000,-0.600000,-0.600000,-0.600000,-0.600000,0.600000,-0.000001,0.597599,0.600000,-0.600000,-0.600000,0.600000,-0.600000,0.600000,-0.600000,0.600000,0.600000,0.600000,-0.600000,-0.600000,-0.600000,0.600000,0.600000,-0.600000,0.600000,-0.600000,-0.600000,-0.600000,-0.600000,-0.600000,0.600000,-0.600000,-0.600000,-0.600000,-0.600000,0.600000,-0.600000,0.611950,0.600000,-0.600000,-0.600000,-0.600000
232,-0.600000,0.600000,-0.600000,1.000000,-0.600000,1.000000,-1.000000,-0.600000,0.600000,-0.600000,-0.600000,0.600000,-0.600000,0.600000,-0.600000,-0.600000,0.600000,-0.600000,-0.600000,-0.651523,-0.604795,0.600000,-0.600000,-0.600000,-0.611950,-0.600000,-0.600000,-0.600000,0.600000,-0.600000,-0.600000,-0.600000,-0.600000,-0.600000,0.600000,-0.000001,0.597599,0.600000,-0.600000,-0.600000,0.600000,-0.600000,0.600000,-0.600000,0.600000,0.600000,0.600000,-0.600000,-0.600000,-0.600000,0.600000,0.600000,-0.600000,0.600000,-0.600000,-0.600000,-0.600000,-0.600000,-0.600000,0.600000,-0.600000,-0.600000,-0.600000,-0.600000,0.600000,-0.600000,0.611950,0.600000,-0.600000,-0.600000,-0.600000
233,-0.600000,0.600000,-0.600000,1.000000,-0.600000,1.000000,-1.000000,-0.600000,0.600000,-0.600000,-0.600000,0.600000,-0.600000,0.600000,-0.600000,-0.600000,0.600000,-0.600000,-0.600000,-0.651523,-0.604795,0.600000,-0.600000,-0.600000,-0.611950,-0.600000,-0.600000,-0.600000,0.600000,-0.600000,-0.600000,-0.600000,-0.600000,-0.600000,0.600000,-0.000001,0.597599,0.600000,-0.600000,-0.600000,0.600000,-0.600000,0.600000,-0.600000,0.600000,0.600000,0.600000,-0.600000,-0.600000,-0.600000,0.600000,0.600000,-0.600000,0.600000,-0.600000,-0.600000,-0.600000,-0.600000,-0.600000,0.600000,-0.600000,-0.600000,-0.600000,-0.600000,0.600000,-0.600000,0.611950,0.600000,-0.600000,-0.600000,-0.600000
234,-0.600000,0.600000,-0.600000,1.000000,-0.600000,1.000000,-1.000000,-0.600000,0.600000,-0.600000,-0.600000,0.600000,-0.600000,0.600000,-0.600000,-0.600000,0.600000,-0.600000,-0.600000,-0.651523,-0.604795,0.600000,-0.600000,-0.600000,-0.611950,-0.600000,-0.600000,-0.600000,0.600000,-0.600000,-0.600000,-0.600000,-0.600000,-0.600000,0.600000,-0.000001,0.597599,0.600000,-0.600000,-0.600000,0.600000,-0.600000,0.600000,-0.600000,0.600000,0.600000,0.600000,-0.600000,-0.600000,-0.600000,0.600000,0.600000,-0.600000,0.600000,-0.600000,-0.600000,-0.600000,-0.600000,-0.600000,0.600000,-0.600000,-0.600000,-0.600000,-0.600000,0.600000,-0.600000,0.611950,0.600000,-0.600000,-0.600000,-0.600000
235,-0.600000,0.600000,-0.600000,1.000000,-0.600000,1.000000,-1.000000,-0.600000,0.600000,-0.600000,-0.600000,0.600000,-0.600000,0.600000,-0.600000,-0.600000,0.600000,-0.600000,-0.600000,-0.651523,-0.604795,0.600000,-0.600000,-0.600000,-0.611950,-0.600000,-0.600000,-0.600000,0.600000,-0.600000,-0.600000,-0.600000,-0.600000,-0.600000,0.600000,-0.000001,0.597599,0.600000,-0.600000,-0.600000,0.600000,-0.600000,0.600000,-0.600000,0.600000,0.600000,0.600000,-0.600000,-0.600000,-0.600000,0.600000,0.600000,-0.600000,0.600000,-0.600000,-0.600000,-0.600000,-0.600000,-0.600000,0.600000,-0.600000,-0.600000,-0.600000,-0.600000,0.600000,-0.600000,0.611950,0.600000,-0.600000,-0.600000,-0.600000
236,-0.600000,0.600000,-0.600000,1.000000,-0.600000,1.000000,-1.000000,-0.600000,0.600000,-0.600000,-0.600000,0.600000,-0.600000,0.600000,-0.600000,-0.600000,0.600000,-0.600000,-0.600000,-0.651523,-0.604795,0.600000,-0.600000,-0.600000,-0.611950,-0.600000,-0.600000,-0.600000,0.600000,-0.600000,-0.600000,-0.600000,-0.600000,-0.600000,0.600000,-0.000001,0.597599,0.600000,-0.600000,-0.600000,0.600000,-0.600000,0.600000,-0.600000,0.600000,0.600000,0.600000,-0.600000,-0.600000,-0.600000,0.600000,0.600000,-0.600000,0.600000,-0.600000,-0.600000,-0.600000,-0.600000,-0.600000,0.600000,-0.600000,-0.600000,-0.600000,-0.600000,0.600000,-0.600000,0.611950,0.600000,-0.600000,-0.600000,-0.600000
237,-0.600000,0.600000,-0.600000,1.000000,-0.600000,1.000000,-1.000000,-0.600000,0.600000,-0.600000,-0.600000,0.600000,-0.600000,0.600000,-0.600000,-0.600000,0.600000,-0.600000,-0.600000,-0.651523,-0.604795,0.600000,-0.600000,-0.600000,-0.611950,-0.600000,-0.600000,-0.600000,0.600000,-0.600000,-0.600000,-0.600000,-0.600000,-0.600000,0.600000,-0.000001,0.597599,0.600000,-0.600000,-0.600000,0.600000,-0.600000,0.600000,-0.600000,0.600000,0.600000,0.600000,-0.600000,-0.600000,-0.600000,0.600000,0.600000,-0.600000,0.600000,-0.600000,-0.600000,-0.600000,-0.600000,-0.600000,0.600000,-0.600000,-0.600000,-0.600000,-0.600000,0.600000,-0.600000,0.611950,0.600000,-0.600000,-0.600000,-0.600000
238,-0.600000,0.600000,-0.600000,1.000000,-0.600000,1.000000,-1.000000,-0.600000,0.600000,-0.600000,-0.600000,0.600000,-0.600000,0.600000,-0.600000,-0.600000,0.600000,-0.600000,-0.600000,-0.651523,-0.604795,0.600000,-0.600000,-0.600000,-0.611950,-0.600000,-0.600000,-0.600000,0.600000,-0.600000,-0.600000,-0.600000,-0.600000,-0.600000,0.600000,-0.000001,0.597599,0.600000,-0.600000,-0.600000,0.600000,-0.600000,0.600000,-0.600000,0.600000,0.600000,0.600000,-0.600000,-0.600000,-0.600000,0.600000,0.600000,-0.600000,0.600000,-0.600000,-0.600000,-0.600000,-0.600000,-0.600000,0.600000,-0.600000,-0.600000,-0.600000,-0.600000,0.600000,-0.600000,0.611950,0.600000,-0.600000,-0.600000,-0.600000
239,-0.600000,0.600000,-0.600000,1.000000,-0.600000,1.000000,-1.000000,-0.600000,0.600000,-0.600000,-0.600000,0.600000,-0.600000,0.600000,-0.600000,-0.600000,0.600000,-0.600000,-0.600000,-0.651523,-0.604795,0.600000,-0.600000,-0.600000,-0.611950,-0.600000,-0.600000,-0.600000,0.600000,-0.600000,-0.600000,-0.600000,-0.600000,-0.600000,0.600000,-0.000001,0.597599,0.600000,-0.600000,-0.600000,0.600000,-0.600000,0.600000,-0.600000,0.600000,0.600000,0.600000,-0.600000,-0.600000,-0.600000,0.600000,0.600000,-0.600000,0.600000,-0.600000,-0.600000,-0.600000,-0.600000,-0.600000,0.600000,-0.600000,-0.600000,-0.600000,-0.600000,0.600000,-0.600000,0.611950,0.600000,-0.600000,-0.600000,-0.600000
240,-0.600000,0.600000,-0.600000,1.000000,-0.600000,1.000000,-1.000000,-0.600000,0.600000,-0.600000,-0.600000,0.600000,-0.600000,0.600000,-0.600000,-0.600000,0.600000,-0.600000,-0.600000,-0.651523,-0.604795,0.600000,-0.600000,-0.600000,-0.611950,-0.600000,-0.600000,-0.600000,0.600000,-0.600000,-0.600000,-0.600000,-0.600000,-0.600000,0.600000,-0.000001,0.597599,0.600000,-0.600000,-0.600000,0.600000,-0.600000,0.600000,-0.600000,0.600000,0.600000,0.600000,-0.600000,-0.600000,-0.600000,0.600000,0.600000,-0.600000,0.600000,-0.600000,-0.600000,-0.600000,-0.600000,-0.600000,0.600000,-0.600000,-0.600000,-0.600000,-0.600000,0.600000,-0.600000,0.611950,0.600000,-0.600000,-0.600000,-0.600000
241,-0.600000,0.600000,-0.600000,1.000000,-0.600000,1.000000,-1.000000,-0.600000,0.600000,-0.600000,-0.600000,0.600000,-0.600000,0.600000,-0.600000,-0.600000,0.600000,-0.600000,-0.600000,-0.651523,-0.604795,0.600000,-0.600000,-0.600000,-0.611950,-0.600000,-0.600000,-0.600000,0.600000,-0.600000,-0.600000,-0.600000,-0.600000,-0.600000,0.600000,-0.000001,0.597599,0.600000,-0.600000,-0.600000,0.600000,-0.600000,0.600000,-0.600000,0.600000,0.600000,0.600000,-0.600000,-0.600000,-0.600000,0.600000,0.600000,-0.600000,0.600000,-0.600000,-0.600000,-0.600000,-0.600000,-0.600000,0.600000,-0.600000,-0.600000,-0.600000,-0.600000,0.600000,-0.600000,0.611950,0.600000,-0.600000,-0.600000,-0.600000
242,-0.600000,0.600000,-0.600000,1.000000,-0.600000,1.000000,-1.000000,-0.600000,0.600000,-0.600000,-0.600000,0.600000,-0.600000,0.600000,-0.600000,-0.600000,0.600000,-0.600000,-0.600000,-0.651523,-0.604795,0.600000,-0.600000,-0.600000,-0.611950,-0.600000,-0.600000,-0.600000,0.600000,-0.600000,-0.600000,-0.600000,-0.600000,-0.600000,0.600000,-0.000001,0.597599,0.600000,-0.600000,-0.600000,0.600000,-0.600000,0.600000,-0.600000,0.600000,0.600000,0.600000,-0.600000,-0.600000,-0.600000,0.600000,0.600000,-0.600000,0.600000,-0.600000,-0.600000,-0.600000,-0.600000,-0.600000,0.600000,-0.600000,-0.600000,-0.600000,-0.600000,0.600000,-0.600000,0.611950,0.600000,-0.600000,-0.600000,-0.600000
243,-0.600000,0.600000,-0.600000,1.000000,-0.600000,1.000000,-1.000000,-0.600000,0.600000,-0.600000,-0.600000,0.600000,-0.600000,0.600000,-0.600000,-0.600000,0.600000,-0.600000,-0.600000,-0.651523,-0.604795,0.600000,-0.600000,-0.600000,-0.611950,-0.600000,-0.600000,-0.600000,0.600000,-0.600000,-0.600000,-0.600000,-0.600000,-0.600000,0.600000,-0.000001,0.597599,0.600000,-0.600000,-0.600000,0.600000,-0.600000,0.600000,-0.600000,0.600000,0.600000,0.600000,-0.600000,-0.600000,-0.600000,0.600000,0.600000,-0.600000,0.600000,-0.600000,-0.600000,-0.600000,-0.600000,-0.600000,0.600000,-0.600000,-0.600000,-0.600000,-0.600000,0.600000,-0.600000,0.611950,0.600000,-0.600000,-0.600000,-0.600000
244,-0.600000,0.600000,-0.600000,1.000000,-0.600000,1.000000,-1.000000,-0.600000,0.600000,-0.600000,-0.600000,0.600000,-0.600000,0.600000,-0.600000,-0.600000,0.600000,-0.600000,-0.600000,-0.651523,-0.604795,0.600000,-0.600000,-0.600000,-0.611950,-0.600000,-0.600000,-0.600000,0.600000,-0.600000,-0.600000,-0.600000,-0.600000,-0.600000,0.600000,-0.000001,0.597599,0.600000,-0.600000,-0.600000,0.600000,-0.600000,0.600000,-0.600000,0.600000,0.600000,0.600000,-0.600000,-0.600000,-0.600000,0.600000,0.600000,-0.600000,0.600000,-0.600000,-0.600000,-0.600000,-0.600000,-0.600000,0.600000,-0.600000,-0.600000,-0.600000,-0.600000,0.600000,-0.600000,0.611950,0.600000,-0.600000,-0.600000,-0.600000
245,-0.600000,0.600000,-0.600000,1.000000,-0.600000,1.000000,-1.000000,-0.600000,0.600000,-0.600000,-0.600000,0.600000,-0.600000,0.600000,-0.600000,-0.600000,0.600000,-0.600000,-0.600000,-0.651523,-0.604795,0.600000,-0.600000,-0.600000,-0.611950,-0.600000,-0.600000,-0.600000,0.600000,-0.600000,-0.600000,-0.600000,-0.600000,-0.600000,0.600000,-0.000001,0.597599,0.600000,-0.600000,-0.600000,0.600000,-0.600000,0.600000,-0.600000,0.600000,0.600000,0.600000,-0.600000,-0.600000,-0.600000,0.600000,0.600000,-0.600000,0.600000,-0.600000,-0.600000,-0.600000,-0.600000,-0.600000,0.600000,-0.600000,-0.600000,-0.600000,-0.600000,0.600000,-0.600000,0.611950,0.600000,-0.600000,-0.600000,-0.600000
246,-0.600000,0.600000,-0.600000,1.000000,-0.600000,1.000000,-1.000000,-0.600000,0.600000,-0.600000,-0.600000,0.600000,-0.600000,0.600000,-0.600000,-0.600000,0.600000,-0.600000,-0.600000,-0.651523,-0.604795,0.600000,-0.600000,-0.600000,-0.611950,-0.600000,-0.600000,-0.600000,0.600000,-0.600000,-0.600000,-0.600000,-0.600000,-0.600000,0.600000,-0.000001,0.597599,0.600000,-0.600000,-0.600000,0.600000,-0.600000,0.600000,-0.600000,0.600000,0.600000,0.600000,-0.600000,-0.600000,-0.600000,0.600000,0.600000,-0.600000,0.600000,-0.600000,-0.600000,-0.600000,-0.600000,-0.600000,0.600000,-0.600000,-0.600000,-0.600000,-0.600000,0.600000,-0.600000,0.611950,0.600000,-0.600000,-0.600000,-0.600000
247,-0.600000,0.600000,-0.600000,1.000000,-0.600000,1.000000,-1.000000,-0.600000,0.600000,-0.600000,-0.600000,0.600000,-0.600000,0.600000,-0.600000,-0.600000,0.600000,-0.600000,-0.600000,-0.651523,-0.604795,0.600000,-0.600000,-0.600000,-0.611950,-0.600000,-0.600000,-0.600000,0.600000,-0.600000,-0.600000,-0.600000,-0.600000,-0.600000,0.600000,-0.000001,0.597599,0.600000,-0.600000,-0.600000,0.600000,-0.600000,0.600000,-0.600000,0.600000,0.600000,0.600000,-0.600000,-0.600000,-0.600000,0.600000,0.600000,-0.600000,0.600000,-0.600000,-0.600000,-0.600000,-0.600000,-0.600000,0.600000,-0.600000,-0.600000,-0.600000,-0.600000,0.600000,-0.600000,0.611950,0.600000,-0.600000,-0.600000,-0.600000
248,-0.600000,0.600000,-0.600000,1.000000,-0.600000,1.000000,-1.000000,-0.600000,0.600000,-0.600000,-0.600000,0.600000,-0.600000,0.600000,-0.600000,-0.600000,0.600000,-0.600000,-0.600000,-0.651523,-0.604795,0.600000,-0.600000,-0.600000,-0.611950,-0.600000,-0.600000,-0.600000,0.600000,-0.600000,-0.600000,-0.600000,-0.600000,-0.600000,0.600000,-0.000001,0.597599,0.600000,-0.600000,-0.600000,0.600000,-0.600000,0.600000,-0.600000,0.600000,0.600000,0.600000,-0.600000,-0.600000,-0.600000,0.600000,0.600000,-0.600000,0.600000,-0.600000,-0.600000,-0.600000,-0.600000,-0.600000,0.600000,-0.600000,-0.600000,-0.600000,-0.600000,0.600000,-0.600000,0.611950,0.600000,-0.600000,-0.600000,-0.600000
249,-0.600000,0.600000,-0.600000,1.000000,-0.600000,1.000000,-1.000000,-0.600000,0.600000,-0.600000,-0.600000,0.600000,-0.600000,0.600000,-0.600000,-0.600000,0.600000,-0.600000,-0.600000,-0.651523,-0.604795,0.600000,-0.600000,-0.600000,-0.611950,-0.600000,-0.600000,-0.600000,0.600000,-0.600000,-0.600000,-0.600000,-0.600000,-0.600000,0.600000,-0.000000,0.597599,0.600000,-0.600000,-0.600000,0.600000,-0.600000,0.600000,-0.600000,0.600000,0.600000,0.600000,-0.600000,-0.600000,-0.600000,0.600000,0.600000,-0.600000,0.600000,-0.600000,-0.600000,-0.600000,-0.600000,-0.600000,0.600000,-0.600000,-0.600000,-0.600000,-0.600000,0.600000,-0.600000,0.611950,0.600000,-0.600000,-0.600000,-0.600000
250,-0.600000,0.600000,-0.600000,1.000000,-0.600000,1.000000,-1.000000,-0.600000,0.600000,-0.600000,-0.600000,0.600000,-0.600000,0.600000,-0.600000,-0.600000,0.600000,-0.600000,-0.600000,-0.651523,-0.604795,0.600000,-0.600000,-0.600000,-0.611950,-0.600000,-0.600000,-0.600000,0.600000,-0.600000,-0.600000,-0.600000,-0.600000,-0.600000,0.600000,-0.000000,0.597599,0.600000,-0.600000,-0.600000,0.600000,-0.600000,0.600000,-0.600000,0.600000,0.600000,0.600000,-0.600000,-0.600000,-0.600000,0.600000,0.600000,-0.600000,0.600000,-0.600000,-0.600000,-0.600000,-0.600000,-0.600000,0.600000,-0.600000,-0.600000,-0.600000,-0.600000,0.600000,-0.600000,0.611950,0.600000,-0.600000,-0.600000,-0.600000
251,-0.600000,0.600000,-0.600000,1.000000,-0.600000,1.000000,-1.000000,-0.600000,0.600000,-0.600000,-0.600000,0.600000,-0.600000,0.600000,-0.600000,-0.600000,0.600000,-0.600000,-0.600000,-0.651523,-0.604795,0.600000,-0.600000,-0.600000,-0.611950,-0.600000,-0.600000,-0.600000,0.600000,-0.600000,-0.600000,-0.600000,-0.600000,-0.600000,0.600000,-0.000000,0.597599,0.600000,-0.600000,-0.600000,0.600000,-0.600000,0.600000,-0.600000,0.600000,0.600000,0.600000,-0.600000,-0.600000,-0.600000,0.600000,0.600000,-0.600000,0.600000,-0.600000,-0.600000,-0.600000,-0.600000,-0.600000,0.600000,-0.600000,-0.600000,-0.600000,-0.600000,0.600000,-0.600000,0.611950,0.600000,-0.600000,-0.600000,-0.600000
252,-0.600000,0.600000,-0.600000,1.000000,-0.600000,1.000000,-1.000000,-0.600000,0.600000,-0.600000,-0.600000,0.600000,-0.600000,0.600000,-0.600000,-0.600000,0.600000,-0.600000,-0.600000,-0.651523,-0.604795,0.600000,-0.600000,-0.600000,-0.611950,-0.600000,-0.600000,-0.600000,0.600000,-0.600000,-0.600000,-0.600000,-0.600000,-0.600000,0.600000,-0.000000,0.597599,0.600000,-0.600000,-0.600000,0.600000,-0.600000,0.600000,-0.600000,0.600000,0.600000,0.600000,-0.600000,-0.600000,-0.600000,0.600000,0.600000,-0.600000,0.600000,-0.600000,-0.600000,-0.600000,-0.600000,-0.600000,0.600000,-0.600000,-0.600000,-0.600000,-0.600000,0.600000,-0.600000,0.611950,0.600000,-0.600000,-0.600000,-0.600000
253,-0.600000,0.600000,-0.600000,1.000000,-0.600000,1.000000,-1.000000,-0.600000,0.600000,-0.600000,-0.600000,0.600000,-0.600000,0.600000,-0.600000,-0.600000,0.600000,-0.600000,-0.600000,-0.651523,-0.604795,0.600000,-0.600000,-0.600000,-0.611950,-0.600000,-0.600000,-0.600000,0.600000,-0.600000,-0.600000,-0.600000,-0.600000,-0.600000,0.600000,-0.000000,0.597599,0.600000,-0.600000,-0.600000,0.600000,-0.600000,0.600000,-0.600000,0.600000,0.600000,0.600000,-0.600000,-0.600000,-0.600000,0.600000,0.600000,-0.600000,0.600000,-0.600000,-0.600000,-0.600000,-0.600000,-0.600000,0.600000,-0.600000,-0.600000,-0.600000,-0.600000,0.600000,-0.600000,0.611950,0.600000,-0.600000,-0.600000,-0.600000
254,-0.600000,0.600000,-0.600000,1.000000,-0.600000,1.000000,-1.000000,-0.600000,0.600000,-0.600000,-0.600000,0.600000,-0.600000,0.600000,-0.600000,-0.600000,0.600000,-0.600000,-0.600000,-0.651523,-0.604795,0.600000,-0.600000,-0.600000,-0.611950,-0.600000,-0.600000,-0.600000,0.600000,-0.600000,-0.600000,-0.600000,-0.600000,-0.600000,0.600000,-0.000000,0.597599,0.600000,-0.600000,-0.600000,0.600000,-0.600000,0.600000,-0.600000,0.600000,0.600000,0.600000,-0.600000,-0.600000,-0.600000,0.600000,0.600000,-0.600000,0.600000,-0.600000,-0.600000,-0.600000,-0.600000,-0.600000,0.600000,-0.600000,-0.600000,-0.600000,-0.600000,0.600000,-0.600000,0.611950,0.600000,-0.600000,-0.600000,-0.600000
255,-0.600000,0.600000,-0.600000,1.000000,-0.600000,1.000000,-1.000000,-0.600000,0.600000,-0.600000,-0.600000,0.600000,-0.600000,0.600000,-0.600000,-0.600000,0.600000,-0.600000,-0.600000,-0.651523,-0.604795,0.600000,-0.600000,-0.600000,-0.611950,-0.600000,-0.600000,-0.600000,0.600000,-0.600000,-0.600000,-0.600000,-0.600000,-0.600000,0.600000,-0.000000,0.597599,0.600000,-0.600000,-0.600000,0.600000,-0.600000,0.600000,-0.600000,0.600000,0.600000,0.600000,-0.600000,-0.600000,-0.600000,0.600000,0.600000,-0.600000,0.600000,-0.600000,-0.600000,-0.600000,-0.600000,-0.600000,0.600000,-0.600000,-0.600000,-0.600000,-0.600000,0.600000,-0.600000,0.611950,0.600000,-0.600000,-0.600000,-0.600000
256,-0.600000,0.600000,-0.600000,1.000000,-0.600000,1.000000,-1.000000,-0.600000,0.600000,-0.600000,-0.600000,0.600000,-0.600000,0.600000,-0.600000,-0.600000,0.600000,-0.600000,-0.600000,-0.651523,-0.604795,0.600000,-0.600000,-0.600000,-0.611950,-0.600000,-0.600000,-0.600000,0.600000,-0.600000,-0.600000,-0.600000,-0.600000,-0.600000,0.600000,-0.000000,0.597599,0.600000,-0.600000,-0.600000,0.600000,-0.600000,0.600000,-0.600000,0.600000,0.600000,0.600000,-0.600000,-0.600000,-0.600000,0.600000,0.600000,-0.600000,0.600000,-0.600000,-0.600000,-0.600000,-0.600000,-0.600000,0.600000,-0.600000,-0.600000,-0.600000,-0.600000,0.600000,-0.600000,0.611950,0.600000,-0.600000,-0.600000,-0.600000
257,-0.600000,0.600000,-0.600000,1.000000,-0.600000,1.000000,-1.000000,-0.600000,0.600000,-0.600000,-0.600000,0.600000,-0.600000,0.600000,-0.600000,-0.600000,0.600000,-0.600000,-0.600000,-0.651523,-0.604795,0.600000,-0.600000,-0.600000,-0.611950,-0.600000,-0.600000,-0.600000,0.600000,-0.600000,-0.600000,-0.600000,-0.600000,-0.600000,0.600000,-0.000000,0.597599,0.600000,-0.600000,-0.600000,0.600000,-0.600000,0.600000,-0.600000,0.600000,0.600000,0.600000,-0.600000,-0.600000,-0.600000,0.600000,0.600000,-0.600000,0.600000,-0.600000,-0.600000,-0.600000,-0.600000,-0.600000,0.600000,-0.600000,-0.600000,-0.600000,-0.600000,0.600000,-0.600000,0.611950,0.600000,-0.600000,-0.600000,-0.600000
258,-0.600000,0.600000,-0.600000,1.000000,-0.600000,1.000000,-1.000000,-0.600000,0.600000,-0.600000,-0.600000,0.600000,-0.600000,0.600000,-0.600000,-0.600000,0.600000,-0.600000,-0.600000,-0.651523,-0.604795,0.600000,-0.600000,-0.600000,-0.611950,-0.600000,-0.600000,-0.600000,0.600000,-0.600000,-0.600000,-0.600000,-0.600000,-0.600000,0.600000,-0.000000,0.597599,0.600000,-0.600000,-0.600000,0.600000,-0.600000,0.600000,-0.600000,0.600000,0.600000,0.600000,-0.600000,-0.600000,-0.600000,0.600000,0.600000,-0.600000,0.600000,-0.600000,-0.600000,-0.600000,-0.600000,-0.600000,0.600000,-0.600000,-0.600000,-0.600000,-0.600000,0.600000,-0.600000,0.611950,0.600000,-0.600000,-0.600000,-0.600000
259,-0.600000,0.600000,-0.600000,1.000000,-0.600000,1.000000,-1.000000,-0.600000,0.600000,-0.600000,-0.600000,0.600000,-0.600000,0.600000,-0.600000,-0.600000,0.600000,-0.600000,-0.600000,-0.651523,-0.604795,0.600000,-0.600000,-0.600000,-0.611950,-0.600000,-0.600000,-0.600000,0.600000,-0.600000,-0.600000,-0.600000,-0.600000,-0.600000,0.600000,-0.000000,0.597599,0.600000,-0.600000,-0.600000,0.600000,-0.600000,0.600000,-0.600000,0.600000,0.600000,0.600000,-0.600000,-0.600000,-0.600000,0.600000,0.600000,-0.600000,0.600000,-0.600000,-0.600000,-0.600000,-0.600000,-0.600000,0.600000,-0.600000,-0.600000,-0.600000,-0.600000,0.600000,-0.600000,0.611950,0.600000,-0.600000,-0.600000,-0.600000
260,-0.600000,0.600000,-0.600000,1.000000,-0.600000,1.000000,-1.000000,-0.600000,0.600000,-0.600000,-0.600000,0.600000,-0.600000,0.600000,-0.600000,-0.600000,0.600000,-0.600000,-0.600000,-0.651523,-0.604795,0.600000,-0.600000,-0.600000,-0.611950,-0.600000,-0.600000,-0.600000,0.600000,-0.600000,-0.600000,-0.600000,-0.600000,-0.600000,0.600000,-0.000000,0.597599,0.600000,-0.600000,-0.600000,0.600000,-0.600000,0.600000,-0.600000,0.600000,0.600000,0.600000,-0.600000,-0.600000,-0.600000,0.600000,0.600000,-0.600000,0.600000,-0.600000,-0.600000,-0.600000,-0.600000,-0.600000,0.600000,-0.600000,-0.600000,-0.600000,-0.600000,0.600000,-0.600000,0.611950,0.600000,-0.600000,-0.600000,-0.600000
261,-0.600000,0.600000,-0.600000,1.000000,-0.600000,1.000000,-1.000000,-0.600000,0.600000,-0.600000,-0.600000,0.600000,-0.600000,0.600000,-0.600000,-0.600000,0.600000,-0.600000,-0.600000,-0.651523,-0.604795,0.600000,-0.600000,-0.600000,-0.611950,-0.600000,-0.600000,-0.600000,0.600000,-0.600000,-0.600000,-0.600000,-0.600000,-0.600000,0.600000,-0.000000,0.597599,0.600000,-0.600000,-0.600000,0.600000,-0.600000,0.600000,-0.600000,0.600000,0.600000,0.600000,-0.600000,-0.600000,-0.600000,0.600000,0.600000,-0.600000,0.600000,-0.600000,-0.600000,-0.600000,-0.600000,-0.600000,0.600000,-0.600000,-0.600000,-0.600000,-0.600000,0.600000,-0.600000,0.611950,0.600000,-0.600000,-0.600000,-0.600000
262,-0.600000,0.600000,-0.600000,1.000000,-0.600000,1.000000,-1.000000,-0.600000,0.600000,-0.600000,-0.600000,0.600000,-0.600000,0.600000,-0.600000,-0.600000,0.600000,-0.600000,-0.600000,-0.651523,-0.604795,0.600000,-0.600000,-0.600000,-0.611950,-0.600000,-0.600000,-0.600000,0.600000,-0.600000,-0.600000,-0.600000,-0.600000,-0.600000,0.600000,-0.000000,0.597599,0.600000,-0.600000,-0.600000,0.600000,-0.600000,0.600000,-0.600000,0.600000,0.600000,0.600000,-0.600000,-0.600000,-0.600000,0.600000,0.600000,-0.600000,0.600000,-0.600000,-0.600000,-0.600000,-0.600000,-0.600000,0.600000,-0.600000,-0.600000,-0.600000,-0.600000,0.600000,-0.600000,0.611950,0.600000,-0.600000,-0.600000,-0.600000
263,-0.600000,0.600000,-0.600000,1.000000,-0.600000,1.000000,-1.000000,-0.600000,0.600000,-0.600000,-0.600000,0.600000,-0.600000,0.600000,-0.600000,-0.600000,0.600000,-0.600000,-0.600000,-0.651523,-0.604795,0.600000,-0.600000,-0.600000,-0.611950,-0.600000,-0.600000,-0.600000,0.600000,-0.600000,-0.600000,-0.600000,-0.600000,-0.600000,0.600000,-0.000000,0.597599,0.600000,-0.600000,-0.600000,0.600000,-0.600000,0.600000,-0.600000,0.600000,0.600000,0.600000,-0.600000,-0.600000,-0.600000,0.600000,0.600000,-0.600000,0.600000,-0.600000,-0.600000,-0.600000,-0.600000,-0.600000,0.600000,-0.600000,-0.600000,-0.600000,-0.600000,0.600000,-0.600000,0.611950,0.600000,-0.600000,-0.600000,-0.600000
264,-0.600000,0.600000,-0.600000,1.000000,-0.600000,1.000000,-1.000000,-0.600000,0.600000,-0.600000,-0.600000,0.600000,-0.600000,0.600000,-0.600000,-0.600000,0.600000,-0.600000,-0.600000,-0.651523,-0.604795,0.600000,-0.600000,-0.600000,-0.611950,-0.600000,-0.600000,-0.600000,0.600000,-0.600000,-0.600000,-0.600000,-0.600000,-0.600000,0.600000,-0.000000,0.597599,0.600000,-0.600000,-0.600000,0.600000,-0.600000,0.600000,-0.600000,0.600000,0.600000,0.600000,-0.600000,-0.600000,-0.600000,0.600000,0.600000,-0.600000,0.600000,-0.600000,-0.600000,-0.600000,-0.600000,-0.600000,0.600000,-0.600000,-0.600000,-0.600000,-0.600000,0.600000,-0.600000,0.611950,0.600000,-0.600000,-0.600000,-0.600000
265,-0.600000,0.600000,-0.600000,1.000000,-0.600000,1.000000,-1.000000,-0.600000,0.600000,-0.600000,-0.600000,0.600000,-0.600000,0.600000,-0.600000,-0.600000,0.600000,-0.600000,-0.600000,-0.651523,-0.604795,0.600000,-0.600000,-0.600000,-0.611950,-0.600000,-0.600000,-0.600000,0.600000,-0.600000,-0.600000,-0.600000,-0.600000,-0.600000,0.600000,-0.000000,0.597599,0.600000,-0.600000,-0.600000,0.600000,-0.600000,0.600000,-0.600000,0.600000,0.600000,0.600000,-0.600000,-0.600000,-0.600000,0.600000,0.600000,-0.600000,0.600000,-0.600000,-0.600000,-0.600000,-0.600000,-0.600000,0.600000,-0.600000,-0.600000,-0.600000,-0.600000,0.600000,-0.600000,0.611950,0.600000,-0.600000,-0.600000,-0.600000
266,-0.600000,0.600000,-0.600000,1.000000,-0.600000,1.000000,-1.000000,-0.600000,0.600000,-0.600000,-0.600000,0.600000,-0.600000,0.600000,-0.600000,-0.600000,0.600000,-0.600000,-0.600000,-0.651523,-0.604795,0.600000,-0.600000,-0.600000,-0.611950,-0.600000,-0.600000,-0.600000,0.600000,-0.600000,-0.600000,-0.600000,-0.600000,-0.600000,0.600000,-0.000000,0.597599,0.600000,-0.600000,-0.600000,0.600000,-0.600000,0.600000,-0.600000,0.600000,0.600000,0.600000,-0.600000,-0.600000,-0.600000,0.600000,0.600000,-0.600000,0.600000,-0.600000,-0.600000,-0.600000,-0.600000,-0.600000,0.600000,-0.600000,-0.600000,-0.600000,-0.600000,0.600000,-0.600000,0.611950,0.600000,-0.600000,-0.600000,-0.600000
267,-0.600000,0.600000,-0.600000,1.000000,-0.600000,1.000000,-1.000000,-0.600000,0.600000,-0.600000,-0.600000,0.600000,-0.600000,0.600000,-0.600000,-0.600000,0.600000,-0.600000,-0.600000,-0.651523,-0.604795,0.600000,-0.600000,-0.600000,-0.611950,-0.600000,-0.600000,-0.600000,0.600000,-0.600000,-0.600000,-0.600000,-0.600000,-0.600000,0.600000,-0.000000,0.597599,0.600000,-0.600000,-0.600000,0.600000,-0.600000,0.600000,-0.600000,0.600000,0.600000,0.600000,-0.600000,-0.600000,-0.600000,0.600000,0.600000,-0.600000,0.600000,-0.600000,-0.600000,-0.600000,-0.600000,-0.600000,0.600000,-0.600000,-0.600000,-0.600000,-0.600000,0.600000,-0.600000,0.611950,0.600000,-0.600000,-0.600000,-0.600000
268,-0.600000,0.600000,-0.600000,1.000000,-0.600000,1.000000,-1.000000,-0.600000,0.600000,-0.600000,-0.600000,0.600000,-0.600000,0.600000,-0.600000,-0.600000,0.600000,-0.600000,-0.600000,-0.651523,-0.604795,0.600000,-0.600000,-0.600000,-0.611950,-0.600000,-0.600000,-0.600000,0.600000,-0.600000,-0.600000,-0.600000,-0.600000,-0.600000,0.600000,-0.000000,0.597599,0.600000,-0.600000,-0.600000,0.600000,-0.600000,0.600000,-0.600000,0.600000,0.600000,0.600000,-0.600000,-0.600000,-0.600000,0.600000,0.600000,-0.600000,0.600000,-0.600000,-0.600000,-0.600000,-0.600000,-0.600000,0.600000,-0.600000,-0.600000,-0.600000,-0.600000,0.600000,-0.600000,0.611950,0.600000,-0.600000,-0.600000,-0.600000
269,-0.600000,0.600000,-0.600000,1.000000,-0.600000,1.000000,-1.000000,-0.600000,0.600000,-0.600000,-0.600000,0.600000,-0.600000,0.600000,-0.600000,-0.600000,0.600000,-0.600000,-0.600000,-0.651523,-0.604795,0.600000,-0.600000,-0.600000,-0.611950,-0.600000,-0.600000,-0.600000,0.600000,-0.600000,-0.600000,-0.600000,-0.600000,-0.600000,0.600000,-0.000000,0.597599,0.600000,-0.600000,-0.600000,0.600000,-0.600000,0.600000,-0.600000,0.600000,0.600000,0.600000,-0.600000,-0.600000,-0.600000,0.600000,0.600000,-0.600000,0.600000,-0.600000,-0.600000,-0.600000,-0.600000,-0.600000,0.600000,-0.600000,-0.600000,-0.600000,-0.600000,0.600000,-0.600000,0.611950,0.600000,-0.600000,-0.600000,-0.600000
270,-0.600000,0.600000,-0.600000,1.000000,-0.600000,1.000000,-1.000000,-0.600000,0.600000,-0.600000,-0.600000,0.600000,-0.600000,0.600000,-0.600000,-0.600000,0.600000,-0.600000,-0.600000,-0.651523,-0.604795,0.600000,-0.600000,-0.600000,-0.611950,-0.600000,-0.600000,-0.600000,0.600000,-0.600000,-0.600000,-0.600000,-0.600000,-0.600000,0.600000,-0.000000,0.597599,0.600000,-0.600000,-0.600000,0.600000,-0.600000,0.600000,-0.600000,0.600000,0.600000,0.600000,-0.600000,-0.600000,-0.600000,0.600000,0.600000,-0.600000,0.600000,-0.600000,-0.600000,-0.600000,-0.600000,-0.600000,0.600000,-0.600000,-0.600000,-0.600000,-0.600000,0.600000,-0.600000,0.611950,0.600000,-0.600000,-0.600000,-0.600000
271,-0.600000,0.600000,-0.600000,1.000000,-0.600000,1.000000,-1.000000,-0.600000,0.600000,-0.600000,-0.600000,0.600000,-0.600000,0.600000,-0.600000,-0.600000,0.600000,-0.600000,-0.600000,-0.651523,-0.604795,0.600000,-0.600000,-0.600000,-0.611950,-0.600000,-0.600000,-0.600000,0.600000,-0.600000,-0.600000,-0.600000,-0.600000,-0.600000,0.600000,-0.000000,0.597599,0.600000,-0.600000,-0.600000,0.600000,-0.600000,0.600000,-0.600000,0.600000,0.600000,0.600000,-0.600000,-0.600000,-0.600000,0.600000,0.600000,-0.600000,0.600000,-0.600000,-0.600000,-0.600000,-0.600000,-0.600000,0.600000,-0.600000,-0.600000,-0.600000,-0.600000,0.600000,-0.600000,0.611950,0.600000,-0.600000,-0.600000,-0.600000
272,-0.600000,0.600000,-0.600000,1.000000,-0.600000,1.000000,-1.000000,-0.600000,0.600000,-0.600000,-0.600000,0.600000,-0.600000,0.600000,-0.600000,-0.600000,0.600000,-0.600000,-0.600000,-0.651523,-0.604795,0.600000,-0.600000,-0.600000,-0.611950,-0.600000,-0.600000,-0.600000,0.600000,-0.600000,-0.600000,-0.600000,-0.600000,-0.600000,0.600000,-0.000000,0.597599,0.600000,-0.600000,-0.600000,0.600000,-0.600000,0.600000,-0.600000,0.600000,0.600000,0.600000,-0.600000,-0.600000,-0.600000,0.600000,0.600000,-0.600000,0.600000,-0.600000,-0.600000,-0.600000,-0.600000,-0.600000,0.600000,-0.600000,-0.600000,-0.600000,-0.600000,0.600000,-0.600000,0.611950,0.600000,-0.600000,-0.600000,-0.600000
273,-0.600000,0.600000,-0.600000,1.000000,-0.600000,1.000000,-1.000000,-0.600000,0.600000,-0.600000,-0.600000,0.600000,-0.600000,0.600000,-0.600000,-0.600000,0.600000,-0.600000,-0.600000,-0.651523,-0.604795,0.600000,-0.600000,-0.600000,-0.611950,-0.600000,-0.600000,-0.600000,0.600000,-0.600000,-0.600000,-0.600000,-0.600000,-0.600000,0.600000,-0.000000,0.597599,0.600000,-0.600000,-0.600000,0.600000,-0.600000,0.600000,-0.600000,0.600000,0.600000,0.600000,-0.600000,-0.600000,-0.600000,0.600000,0.600000,-0.600000,0.600000,-0.600000,-0.600000,-0.600000,-0.600000,-0.600000,0.600000,-0.600000,-0.600000,-0.600000,-0.600000,0.600000,-0.600000,0.611950,0.600000,-0.600000,-0.600000,-0.600000
274,-0.600000,0.600000,-0.600000,1.000000,-0.600000,1.000000,-1.000000,-0.600000,0.600000,-0.600000,-0.600000,0.600000,-0.600000,0.600000,-0.600000,-0.600000,0.600000,-0.600000,-0.600000,-0.651523,-0.604795,0.600000,-0.600000,-0.600000,-0.611950,-0.600000,-0.600000,-0.600000,0.600000,-0.600000,-0.600000,-0.600000,-0.600000,-0.600000,0.600000,-0.000000,0.597599,0.600000,-0.600000,-0.600000,0.600000,-0.600000,0.600000,-0.600000,0.600000,0.600000,0.600000,-0.600000,-0.600000,-0.600000,0.600000,0.600000,-0.600000,0.600000,-0.600000,-0.600000,-0.600000,-0.600000,-0.600000,0.600000,-0.600000,-0.600000,-0.600000,-0.600000,0.600000,-0.600000,0.611950,0.600000,-0.600000,-0.600000,-0.600000
275,-0.600000,0.600000,-0.600000,1.000000,-0.600000,1.000000,-1.000000,-0.600000,0.600000,-0.600000,-0.600000,0.600000,-0.600000,0.600000,-0.600000,-0.600000,0.600000,-0.600000,-0.600000,-0.651523,-0.604795,0.600000,-0.600000,-0.600000,-0.611950,-0.600000,-0.600000,-0.600000,0.600000,-0.600000,-0.600000,-0.600000,-0.600000,-0.600000,0.600000,-0.000000,0.597599,0.600000,-0.600000,-0.600000,0.600000,-0.600000,0.600000,-0.600000,0.600000,0.600000,0.600000,-0.600000,-0.600000,-0.600000,0.600000,0.600000,-0.600000,0.600000,-0.600000,-0.600000,-0.600000,-0.600000,-0.600000,0.600000,-0.600000,-0.600000,-0.600000,-0.600000,0.600000,-0.600000,0.611950,0.600000,-0.600000,-0.600000,-0.600000
276,-0.600000,0.600000,-0.600000,1.000000,-0.600000,1.000000,-1.000000,-0.600000,0.600000,-0.600000,-0.600000,0.600000,-0.600000,0.600000,-0.600000,-0.600000,0.600000,-0.600000,-0.600000,-0.651523,-0.604795,0.600000,-0.600000,-0.600000,-0.611950,-0.600000,-0.600000,-0.600000,0.600000,-0.600000,-0.600000,-0.600000,-0.600000,-0.600000,0.600000,-0.000000,0.597599,0.600000,-0.600000,-0.600000,0.600000,-0.600000,0.600000,-0.600000,0.600000,0.600000,0.600000,-0.600000,-0.600000,-0.600000,0.600000,0.600000,-0.600000,0.600000,-0.600000,-0.600000,-0.600000,-0.600000,-0.600000,0.600000,-0.600000,-0.600000,-0.600000,-0.600000,0.600000,-0.600000,0.611950,0.600000,-0.600000,-0.600000,-0.600000
277,-0.600000,0.600000,-0.600000,1.000000,-0.600000,1.000000,-1.000000,-0.600000,0.600000,-0.600000,-0.600000,0.600000,-0.600000,0.600000,-0.600000,-0.600000,0.600000,-0.600000,-0.600000,-0.651523,-0.604795,0.600000,-0.600000,-0.600000,-0.611950,-0.600000,-0.600000,-0.600000,0.600000,-0.600000,-0.600000,-0.600000,-0.600000,-0.600000,0.600000,-0.000000,0.597599,0.600000,-0.600000,-0.600000,0.600000,-0.600000,0.600000,-0.600000,0.600000,0.600000,0.600000,-0.600000,-0.600000,-0.600000,0.600000,0.600000,-0.600000,0.600000,-0.600000,-0.600000,-0.600000,-0.600000,-0.600000,0.600000,-0.600000,-0.600000,-0.600000,-0.600000,0.600000,-0.600000,0.611950,0.600000,-0.600000,-0.600000,-0.600000
278,-0.600000,0.600000,-0.600000,1.000000,-0.600000,1.000000,-1.000000,-0.600000,0.600000,-0.600000,-0.600000,0.600000,-0.600000,0.600000,-0.600000,-0.600000,0.600000,-0.600000,-0.600000,-0.651523,-0.604795,0.600000,-0.600000,-0.600000,-0.611950,-0.600000,-0.600000,-0.600000,0.600000,-0.600000,-0.600000,-0.600000,-0.600000,-0.600000,0.600000,-0.000000,0.597599,0.600000,-0.600000,-0.600000,0.600000,-0.600000,0.600000,-0.600000,0.600000,0.600000,0.600000,-0.600000,-0.600000,-0.600000,0.600000,0.600000,-0.600000,0.600000,-0.600000,-0.600000,-0.600000,-0.600000,-0.600000,0.600000,-0.600000,-0.600000,-0.600000,-0.600000,0.600000,-0.600000,0.611950,0.600000,-0.600000,-0.600000,-0.600000
279,-0.600000,0.600000,-0.600000,1.000000,-0.600000,1.000000,-1.000000,-0.600000,0.600000,-0.600000,-0.600000,0.600000,-0.600000,0.600000,-0.600000,-0.600000,0.600000,-0.600000,-0.600000,-0.651523,-0.604795,0.600000,-0.600000,-0.600000,-0.611950,-0.600000,-0.600000,-0.600000,0.600000,-0.600000,-0.600000,-0.600000,-0.600000,-0.600000,0.600000,-0.000000,0.597599,0.600000,-0.600000,-0.600000,0.600000,-0.600000,0.600000,-0.600000,0.600000,0.600000,0.600000,-0.600000,-0.600000,-0.600000,0.600000,0.600000,-0.600000,0.600000,-0.600000,-0.600000,-0.600000,-0.600000,-0.600000,0.600000,-0.600000,-0.600000,-0.600000,-0.600000,0.600000,-0.600000,0.611950,0.600000,-0.600000,-0.600000,-0.600000
280,-0.600000,0.600000,-0.600000,1.000000,-0.600000,1.000000,-1.000000,-0.600000,0.600000,-0.600000,-0.600000,0.600000,-0.600000,0.600000,-0.600000,-0.600000,0.600000,-0.600000,-0.600000,-0.651523,-0.604795,0.600000,-0.600000,-0.600000,-0.611950,-0.600000,-0.600000,-0.600000,0.600000,-0.600000,-0.600000,-0.600000,-0.600000,-0.600000,0.600000,-0.000000,0.597599,0.600000,-0.600000,-0.600000,0.600000,-0.600000,0.600000,-0.600000,0.600000,0.600000,0.600000,-0.600000,-0.600000,-0.600000,0.600000,0.600000,-0.600000,0.600000,-0.600000,-0.600000,-0.600000,-0.600000,-0.600000,0.600000,-0.600000,-0.600000,-0.600000,-0.600000,0.600000,-0.600000,0.611950,0.600000,-0.600000,-0.600000,-0.600000
281,-0.600000,0.600000,-0.600000,1.000000,-0.600000,1.000000,-1.000000,-0.600000,0.600000,-0.600000,-0.600000,0.600000,-0.600000,0.600000,-0.600000,-0.600000,0.600000,-0.600000,-0.600000,-0.651523,-0.604795,0.600000,-0.600000,-0.600000,-0.611950,-0.600000,-0.600000,-0.600000,0.600000,-0.600000,-0.600000,-0.600000,-0.600000,-0.600000,0.600000,-0.000000,0.597599,0.600000,-0.600000,-0.600000,0.600000,-0.600000,0.600000,-0.600000,0.600000,0.600000,0.600000,-0.600000,-0.600000,-0.600000,0.600000,0.600000,-0.600000,0.600000,-0.600000,-0.600000,-0.600000,-0.600000,-0.600000,0.600000,-0.600000,-0.600000,-0.600000,-0.600000,0.600000,-0.600000,0.611950,0.600000,-0.600000,-0.600000,-0.600000
282,-0.600000,0.600000,-0.600000,1.000000,-0.600000,1.000000,-1.000000,-0.600000,0.600000,-0.600000,-0.600000,0.600000,-0.600000,0.600000,-0.600000,-0.600000,0.600000,-0.600000,-0.600000,-0.651523,-0.604795,0.600000,-0.600000,-0.600000,-0.611950,-0.600000,-0.600000,-0.600000,0.600000,-0.600000,-0.600000,-0.600000,-0.600000,-0.600000,0.600000,-0.000000,0.597599,0.600000,-0.600000,-0.600000,0.600000,-0.600000,0.600000,-0.600000,0.600000,0.600000,0.600000,-0.600000,-0.600000,-0.600000,0.600000,0.600000,-0.600000,0.600000,-0.600000,-0.600000,-0.600000,-0.600000,-0.600000,0.600000,-0.600000,-0.600000,-0.600000,-0.600000,0.600000,-0.600000,0.611950,0.600000,-0.600000,-0.600000,-0.600000
283,-0.600000,0.600000,-0.600000,1.000000,-0.600000,1.000000,-1.000000,-0.600000,0.600000,-0.600000,-0.600000,0.600000,-0.600000,0.600000,-0.600000,-0.600000,0.600000,-0.600000,-0.600000,-0.651523,-0.604795,0.600000,-0.600000,-0.600000,-0.611950,-0.600000,-0.600000,-0.600000,0.600000,-0.600000,-0.600000,-0.600000,-0.600000,-0.600000,0.600000,-0.000000,0.597599,0.600000,-0.600000,-0.600000,0.600000,-0.600000,0.600000,-0.600000,0.600000,0.600000,0.600000,-0.600000,-0.600000,-0.600000,0.600000,0.600000,-0.600000,0.600000,-0.600000,-0.600000,-0.600000,-0.600000,-0.600000,0.600000,-0.600000,-0.600000,-0.600000,-0.600000,0.600000,-0.600000,0.611950,0.600000,-0.600000,-0.600000,-0.600000
284,-0.600000,0.600000,-0.600000,1.000000,-0.600000,1.000000,-1.000000,-0.600000,0.600000,-0.600000,-0.600000,0.600000,-0.600000,0.600000,-0.600000,-0.600000,0.600000,-0.600000,-0.600000,-0.651523,-0.604795,0.600000,-0.600000,-0.600000,-0.611950,-0.600000,-0.600000,-0.600000,0.600000,-0.600000,-0.600000,-0.600000,-0.600000,-0.600000,0.600000,-0.000000,0.597599,0.600000,-0.600000,-0.600000,0.600000,-0.600000,0.600000,-0.600000,0.600000,0.600000,0.600000,-0.600000,-0.600000,-0.600000,0.600000,0.600000,-0.600000,0.600000,-0.600000,-0.600000,-0.600000,-0.600000,-0.600000,0.600000,-0.600000,-0.600000,-0.600000,-0.600000,0.600000,-0.600000,0.611950,0.600000,-0.600000,-0.600000,-0.600000
285,-0.600000,0.600000,-0.600000,1.000000,-0.600000,1.000000,-1.000000,-0.600000,0.600000,-0.600000,-0.600000,0.600000,-0.600000,0.600000,-0.600000,-0.600000,0.600000,-0.600000,-0.600000,-0.651523,-0.604795,0.600000,-0.600000,-0.600000,-0.611950,-0.600000,-0.600000,-0.600000,0.600000,-0.600000,-0.600000,-0.600000,-0.600000,-0.600000,0.600000,-0.000000,0.597599,0.600000,-0.600000,-0.600000,0.600000,-0.600000,0.600000,-0.600000,0.600000,0.600000,0.600000,-0.600000,-0.600000,-0.600000,0.600000,0.600000,-0.600000,0.600000,-0.600000,-0.600000,-0.600000,-0.600000,-0.600000,0.600000,-0.600000,-0.600000,-0.600000,-0.600000,0.600000,-0.600000,0.611950,0.600000,-0.600000,-0.600000,-0.600000
286,-0.600000,0.600000,-0.600000,1.000000,-0.600000,1.000000,-1.000000,-0.600000,0.600000,-0.600000,-0.600000,0.600000,-0.600000,0.600000,-0.600000,-0.600000,0.600000,-0.600000,-0.600000,-0.651523,-0.604795,0.600000,-0.600000,-0.600000,-0.611950,-0.600000,-0.600000,-0.600000,0.600000,-0.600000,-0.600000,-0.600000,-0.600000,-0.600000,0.600000,-0.000000,0.597599,0.600000,-0.600000,-0.600000,0.600000,-0.600000,0.600000,-0.600000,0.600000,0.600000,0.600000,-0.600000,-0.600000,-0.600000,0.600000,0.600000,-0.600000,0.600000,-0.600000,-0.600000,-0.600000,-0.600000,-0.600000,0.600000,-0.600000,-0.600000,-0.600000,-0.600000,0.600000,-0.600000,0.611950,0.600000,-0.600000,-0.600000,-0.600000
287,-0.600000,0.600000,-0.600000,1.000000,-0.600000,1.000000,-1.000000,-0.600000,0.600000,-0.600000,-0.600000,0.600000,-0.600000,0.600000,-0.600000,-0.600000,0.600000,-0.600000,-0.600000,-0.651523,-0.604795,0.600000,-0.600000,-0.600000,-0.611950,-0.600000,-0.600000,-0.600000,0.600000,-0.600000,-0.600000,-0.600000,-0.600000,-0.600000,0.600000,-0.000000,0.597599,0.600000,-0.600000,-0.600000,0.600000,-0.600000,0.600000,-0.600000,0.600000,0.600000,0.600000,-0.600000,-0.600000,-0.600000,0.600000,0.600000,-0.600000,0.600000,-0.600000,-0.600000,-0.600000,-0.600000,-0.600000,0.600000,-0.600000,-0.600000,-0.600000,-0.600000,0.600000,-0.600000,0.611950,0.600000,-0.600000,-0.600000,-0.600000
288,-0.600000,0.600000,-0.600000,1.000000,-0.600000,1.000000,-1.000000,-0.600000,0.600000,-0.600000,-0.600000,0.600000,-0.600000,0.600000,-0.600000,-0.600000,0.600000,-0.600000,-0.600000,-0.651523,-0.604795,0.600000,-0.600000,-0.600000,-0.611950,-0.600000,-0.600000,-0.600000,0.600000,-0.600000,-0.600000,-0.600000,-0.600000,-0.600000,0.600000,-0.000000,0.597599,0.600000,-0.600000,-0.600000,0.600000,-0.600000,0.600000,-0.600000,0.600000,0.600000,0.600000,-0.600000,-0.600000,-0.600000,0.600000,0.600000,-0.600000,0.600000,-0.600000,-0.600000,-0.600000,-0.600000,-0.600000,0.600000,-0.600000,-0.600000,-0.600000,-0.600000,0.600000,-0.600000,0.611950,0.600000,-0.600000,-0.600000,-0.600000
289,-0.600000,0.600000,-0.600000,1.000000,-0.600000,1.000000,-1.000000,-0.600000,0.600000,-0.600000,-0.600000,0.600000,-0.600000,0.600000,-0.600000,-0.600000,0.600000,-0.600000,-0.600000,-0.651523,-0.604795,0.600000,-0.600000,-0.600000,-0.611950,-0.600000,-0.600000,-0.600000,0.600000,-0.600000,-0.600000,-0.600000,-0.600000,-0.600000,0.600000,-0.000000,0.597599,0.600000,-0.600000,-0.600000,0.600000,-0.600000,0.600000,-0.600000,0.600000,0.600000,0.600000,-0.600000,-0.600000,-0.600000,0.600000,0.600000,-0.600000,0.600000,-0.600000,-0.600000,-0.600000,-0.600000,-0.600000,0.600000,-0.600000,-0.600000,-0.600000,-0.600000,0.600000,-0.600000,0.611950,0.600000,-0.600000,-0.600000,-0.600000
290,-0.600000,0.600000,-0.600000,1.000000,-0.600000,1.000000,-1.000000,-0.600000,0.600000,-0.600000,-0.600000,0.600000,-0.600000,0.600000,-0.600000,-0.600000,0.600000,-0.600000,-0.600000,-0.651523,-0.604795,0.600000,-0.600000,-0.600000,-0.611950,-0.600000,-0.600000,-0.600000,0.600000,-0.600000,-0.600000,-0.600000,-0.600000,-0.600000,0.600000,-0.000000,0.597599,0.600000,-0.600000,-0.600000,0.600000,-0.600000,0.600000,-0.600000,0.600000,0.600000,0.600000,-0.600000,-0.600000,-0.600000,0.600000,0.600000,-0.600000,0.600000,-0.600000,-0.600000,-0.600000,-0.600000,-0.600000,0.600000,-0.600000,-0.600000,-0.600000,-0.600000,0.600000,-0.600000,0.611950,0.600000,-0.600000,-0.600000,-0.600000
291,-0.600000,0.600000,-0.600000,1.000000,-0.600000,1.000000,-1.000000,-0.600000,0.600000,-0.600000,-0.600000,0.600000,-0.600000,0.600000,-0.600000,-0.600000,0.600000,-0.600000,-0.600000,-0.651523,-0.604795,0.600000,-0.600000,-0.600000,-0.611950,-0.600000,-0.600000,-0.600000,0.600000,-0.600000,-0.600000,-0.600000,-0.600000,-0.600000,0.600000,-0.000000,0.597599,0.600000,-0.600000,-0.600000,0.600000,-0.600000,0.600000,-0.600000,0.600000,0.600000,0.600000,-0.600000,-0.600000,-0.600000,0.600000,0.600000,-0.600000,0.600000,-0.600000,-0.600000,-0.600000,-0.600000,-0.600000,0.600000,-0.600000,-0.600000,-0.600000,-0.600000,0.600000,-0.600000,0.611950,0.600000,-0.600000,-0.600000,-0.600000
292,-0.600000,0.600000,-0.600000,1.000000,-0.600000,1.000000,-1.000000,-0.600000,0.600000,-0.600000,-0.600000,0.600000,-0.600000,0.600000,-0.600000,-0.600000,0.600000,-0.600000,-0.600000,-0.651523,-0.604795,0.600000,-0.600000,-0.600000,-0.611950,-0.600000,-0.600000,-0.600000,0.600000,-0.600000,-0.600000,-0.600000,-0.600000,-0.600000,0.600000,-0.000000,0.597599,0.600000,-0.600000,-0.600000,0.600000,-0.600000,0.600000,-0.600000,0.600000,0.600000,0.600000,-0.600000,-0.600000,-0.600000,0.600000,0.600000,-0.600000,0.600000,-0.600000,-0.600000,-0.600000,-0.600000,-0.600000,0.600000,-0.600000,-0.600000,-0.600000,-0.600000,0.600000,-0.600000,0.611950,0.600000,-0.600000,-0.600000,-0.600000
293,-0.600000,0.600000,-0.600000,1.000000,-0.600000,1.000000,-1.000000,-0.600000,0.600000,-0.600000,-0.600000,0.600000,-0.600000,0.600000,-0.600000,-0.600000,0.600000,-0.600000,-0.600000,-0.651523,-0.604795,0.600000,-0.600000,-0.600000,-0.611950,-0.600000,-0.600000,-0.600000,0.600000,-0.600000,-0.600000,-0.600000,-0.600000,-0.600000,0.600000,-0.000000,0.597599,0.600000,-0.600000,-0.600000,0.600000,-0.600000,0.600000,-0.600000,0.600000,0.600000,0.600000,-0.600000,-0.600000,-0.600000,0.600000,0.600000,-0.600000,0.600000,-0.600000,-0.600000,-0.600000,-0.600000,-0.600000,0.600000,-0.600000,-0.600000,-0.600000,-0.600000,0.600000,-0.600000,0.611950,0.600000,-0.600000,-0.600000,-0.600000
294,-0.600000,0.600000,-0.600000,1.000000,-0.600000,1.000000,-1.000000,-0.600000,0.600000,-0.600000,-0.600000,0.600000,-0.600000,0.600000,-0.600000,-0.600000,0.600000,-0.600000,-0.600000,-0.651523,-0.604795,0.600000,-0.600000,-0.600000,-0.611950,-0.600000,-0.600000,-0.600000,0.600000,-0.600000,-0.600000,-0.600000,-0.600000,-0.600000,0.600000,-0.000000,0.597599,0.600000,-0.600000,-0.600000,0.600000,-0.600000,0.600000,-0.600000,0.600000,0.600000,0.600000,-0.600000,-0.600000,-0.600000,0.600000,0.600000,-0.600000,0.600000,-0.600000,-0.600000,-0.600000,-0.600000,-0.600000,0.600000,-0.600000,-0.600000,-0.600000,-0.600000,0.600000,-0.600000,0.611950,0.600000,-0.600000,-0.600000,-0.600000
295,-0.600000,0.600000,-0.600000,1.000000,-0.600000,1.000000,-1.000000,-0.600000,0.600000,-0.600000,-0.600000,0.600000,-0.600000,0.600000,-0.600000,-0.600000,0.600000,-0.600000,-0.600000,-0.651523,-0.604795,0.600000,-0.600000,-0.600000,-0.611950,-0.600000,-0.600000,-0.600000,0.600000,-0.600000,-0.600000,-0.600000,-0.600000,-0.600000,0.600000,-0.000000,0.597599,0.600000,-0.600000,-0.600000,0.600000,-0.600000,0.600000,-0.600000,0.600000,0.600000,0.600000,-0.600000,-0.600000,-0.600000,0.600000,0.600000,-0.600000,0.600000,-0.600000,-0.600000,-0.600000,-0.600000,-0.600000,0.600000,-0.600000,-0.600000,-0.600000,-0.600000,0.600000,-0.600000,0.611950,0.600000,-0.600000,-0.600000,-0.600000
296,-0.600000,0.600000,-0.600000,1.000000,-0.600000,1.000000,-1.000000,-0.600000,0.600000,-0.600000,-0.600000,0.600000,-0.600000,0.600000,-0.600000,-0.600000,0.600000,-0.600000,-0.600000,-0.651523,-0.604795,0.600000,-0.600000,-0.600000,-0.611950,-0.600000,-0.600000,-0.600000,0.600000,-0.600000,-0.600000,-0.600000,-0.600000,-0.600000,0.600000,-0.000000,0.597599,0.600000,-0.600000,-0.600000,0.600000,-0.600000,0.600000,-0.600000,0.600000,0.600000,0.600000,-0.600000,-0.600000,-0.600000,0.600000,0.600000,-0.600000,0.600000,-0.600000,-0.600000,-0.600000,-0.600000,-0.600000,0.600000,-0.600000,-0.600000,-0.600000,-0.600000,0.600000,-0.600000,0.611950,0.600000,-0.600000,-0.600000,-0.600000
297,-0.600000,0.600000,-0.600000,1.000000,-0.600000,1.000000,-1.000000,-0.600000,0.600000,-0.600000,-0.600000,0.600000,-0.600000,0.600000,-0.600000,-0.600000,0.600000,-0.600000,-0.600000,-0.651523,-0.604795,0.600000,-0.600000,-0.600000,-0.611950,-0.600000,-0.600000,-0.600000,0.600000,-0.600000,-0.600000,-0.600000,-0.600000,-0.600000,0.600000,-0.000000,0.597599,0.600000,-0.600000,-0.600000,0.600000,-0.600000,0.600000,-0.600000,0.600000,0.600000,0.600000,-0.600000,-0.600000,-0.600000,0.600000,0.600000,-0.600000,0.600000,-0.600000,-0.600000,-0.600000,-0.600000,-0.600000,0.600000,-0.600000,-0.600000,-0.600000,-0.600000,0.600000,-0.600000,0.611950,0.600000,-0.600000,-0.600000,-0.600000
298,-0.600000,0.600000,-0.600000,1.000000,-0.600000,1.000000,-1.000000,-0.600000,0.600000,-0.600000,-0.600000,0.600000,-0.600000,0.600000,-0.600000,-0.600000,0.600000,-0.600000,-0.600000,-0.651523,-0.604795,0.600000,-0.600000,-0.600000,-0.611950,-0.600000,-0.600000,-0.600000,0.600000,-0.600000,-0.600000,-0.600000,-0.600000,-0.600000,0.600000,-0.000000,0.597599,0.600000,-0.600000,-0.600000,0.600000,-0.600000,0.600000,-0.600000,0.600000,0.600000,0.600000,-0.600000,-0.600000,-0.600000,0.600000,0.600000,-0.600000,0.600000,-0.600000,-0.600000,-0.600000,-0.600000,-0.600000,0.600000,-0.600000,-0.600000,-0.600000,-0.600000,0.600000,-0.600000,0.611950,0.600000,-0.600000,-0.600000,-0.600000
299,-0.600000,0.600000,-0.600000,1.000000,-0.600000,1.000000,-1.000000,-0.600000,0.600000,-0.600000,-0.600000,0.600000,-0.600000,0.600000,-0.600000,-0.600000,0.600000,-0.600000,-0.600000,-0.651523,-0.604795,0.600000,-0.600000,-0.600000,-0.611950,-0.600000,-0.600000,-0.600000,0.600000,-0.600000,-0.600000,-0.600000,-0.600000,-0.600000,0.600000,-0.000000,0.597599,0.600000,-0.600000,-0.600000,0.600000,-0.600000,0.600000,-0.600000,0.600000,0.600000,0.600000,-0.600000,-0.600000,-0.600000,0.600000,0.600000,-0.600000,0.600000,-0.600000,-0.600000,-0.600000,-0.600000,-0.600000,0.600000,-0.600000,-0.600000,-0.600000,-0.600000,0.600000,-0.600000,0.611950,0.600000,-0.600000,-0.600000,-0.600000
300,-0.600000,0.600000,-0.600000,1.000000,-0.600000,1.000000,-1.000000,-0.600000,0.600000,-0.600000,-0.600000,0.600000,-0.600000,0.600000,-0.600000,-0.600000,0.600000,-0.600000,-0.600000,-0.651523,-0.604795,0.600000,-0.600000,-0.600000,-0.611950,-0.600000,-0.600000,-0.600000,0.600000,-0.600000,-0.600000,-0.600000,-0.600000,-0.600000,0.600000,-0.000000,0.597599,0.600000,-0.600000,-0.600000,0.600000,-0.600000,0.600000,-0.600000,0.600000,0.600000,0.600000,-0.600000,-0.600000,-0.600000,0.600000,0.600000,-0.600000,0.600000,-0.600000,-0.600000,-0.600000,-0.600000,-0.600000,0.600000,-0.600000,-0.600000,-0.600000,-0.600000,0.600000,-0.600000,0.611950,0.600000,-0.600000,-0.600000,-0.600000
301,-0.600000,0.600000,-0.600000,1.000000,-0.600000,1.000000,-1.000000,-0.600000,0.600000,-0.600000,-0.600000,0.600000,-0.600000,0.600000,-0.600000,-0.600000,0.600000,-0.600000,-0.600000,-0.651523,-0.604795,0.600000,-0.600000,-0.600000,-0.611950,-0.600000,-0.600000,-0.600000,0.600000,-0.600000,-0.600000,-0.600000,-0.600000,-0.600000,0.600000,-0.000000,0.597599,0.600000,-0.600000,-0.600000,0.600000,-0.600000,0.600000,-0.600000,0.600000,0.600000,0.600000,-0.600000,-0.600000,-0.600000,0.600000,0.600000,-0.600000,0.600000,-0.600000,-0.600000,-0.600000,-0.600000,-0.600000,0.600000,-0.600000,-0.600000,-0.600000,-0.600000,0.600000,-0.600000,0.611950,0.600000,-0.600000,-0.600000,-0.600000
302,-0.600000,0.600000,-0.600000,1.000000,-0.600000,1.000000,-1.000000,-0.600000,0.600000,-0.600000,-0.600000,0.600000,-0.600000,0.600000,-0.600000,-0.600000,0.600000,-0.600000,-0.600000,-0.651523,-0.604795,0.600000,-0.600000,-0.600000,-0.611950,-0.600000,-0.600000,-0.600000,0.600000,-0.600000,-0.600000,-0.600000,-0.600000,-0.600000,0.600000,-0.000000,0.597599,0.600000,-0.600000,-0.600000,0.600000,-0.600000,0.600000,-0.600000,0.600000,0.600000,0.600000,-0.600000,-0.600000,-0.600000,0.600000,0.600000,-0.600000,0.600000,-0.600000,-0.600000,-0.600000,-0.600000,-0.600000,0.600000,-0.600000,-0.600000,-0.600000,-0.600000,0.600000,-0.600000,0.611950,0.600000,-0.600000,-0.600000,-0.600000
303,-0.600000,0.600000,-0.600000,1.000000,-0.600000,1.000000,-1.000000,-0.600000,0.600000,-0.600000,-0.600000,0.600000,-0.600000,0.600000,-0.600000,-0.600000,0.600000,-0.600000,-0.600000,-0.651523,-0.604795,0.600000,-0.600000,-0.600000,-0.611950,-0.600000,-0.600000,-0.600000,0.600000,-0.600000,-0.600000,-0.600000,-0.600000,-0.600000,0.600000,-0.000000,0.597599,0.600000,-0.600000,-0.600000,0.600000,-0.600000,0.600000,-0.600000,0.600000,0.600000,0.600000,-0.600000,-0.600000,-0.600000,0.600000,0.600000,-0.600000,0.600000,-0.600000,-0.600000,-0.600000,-0.600000,-0.600000,0.600000,-0.600000,-0.600000,-0.600000,-0.600000,0.600000,-0.600000,0.611950,0.600000,-0.600000,-0.600000,-0.600000
304,-0.600000,0.600000,-0.600000,1.000000,-0.600000,1.000000,-1.000000,-0.600000,0.600000,-0.600000,-0.600000,0.600000,-0.600000,0.600000,-0.600000,-0.600000,0.600000,-0.600000,-0.600000,-0.651523,-0.604795,0.600000,-0.600000,-0.600000,-0.611950,-0.600000,-0.600000,-0.600000,0.600000,-0.600000,-0.600000,-0.600000,-0.600000,-0.600000,0.600000,-0.000000,0.597599,0.600000,-0.600000,-0.600000,0.600000,-0.600000,0.600000,-0.600000,0.600000,0.600000,0.600000,-0.600000,-0.600000,-0.600000,0.600000,0.600000,-0.600000,0.600000,-0.600000,-0.600000,-0.600000,-0.600000,-0.600000,0.600000,-0.600000,-0.600000,-0.600000,-0.600000,0.600000,-0.600000,0.611950,0.600000,-0.600000,-0.600000,-0.600000
305,-0.600000,0.600000,-0.600000,1.000000,-0.600000,1.000000,-1.000000,-0.600000,0.600000,-0.600000,-0.600000,0.600000,-0.600000,0.600000,-0.600000,-0.600000,0.600000,-0.600000,-0.600000,-0.651523,-0.604795,0.600000,-0.600000,-0.600000,-0.611950,-0.600000,-0.600000,-0.600000,0.600000,-0.600000,-0.600000,-0.600000,-0.600000,-0.600000,0.600000,-0.000000,0.597599,0.600000,-0.600000,-0.600000,0.600000,-0.600000,0.600000,-0.600000,0.600000,0.600000,0.600000,-0.600000,-0.600000,-0.600000,0.600000,0.600000,-0.600000,0.600000,-0.600000,-0.600000,-0.600000,-0.600000,-0.600000,0.600000,-0.600000,-0.600000,-0.600000,-0.600000,0.600000,-0.600000,0.611950,0.600000,-0.600000,-0.600000,-0.600000
306,-0.600000,0.600000,-0.600000,1.000000,-0.600000,1.000000,-1.000000,-0.600000,0.600000,-0.600000,-0.600000,0.600000,-0.600000,0.600000,-0.600000,-0.600000,0.600000,-0.600000,-0.600000,-0.651523,-0.604795,0.600000,-0.600000,-0.600000,-0.611950,-0.600000,-0.600000,-0.600000,0.600000,-0.600000,-0.600000,-0.600000,-0.600000,-0.600000,0.600000,-0.000000,0.597599,0.600000,-0.600000,-0.600000,0.600000,-0.600000,0.600000,-0.600000,0.600000,0.600000,0.600000,-0.600000,-0.600000,-0.600000,0.600000,0.600000,-0.600000,0.600000,-0.600000,-0.600000,-0.600000,-0.600000,-0.600000,0.600000,-0.600000,-0.600000,-0.600000,-0.600000,0.600000,-0.600000,0.611950,0.600000,-0.600000,-0.600000,-0.600000
307,-0.600000,0.600000,-0.600000,1.000000,-0.600000,1.000000,-1.000000,-0.600000,0.600000,-0.600000,-0.600000,0.600000,-0.600000,0.600000,-0.600000,-0.600000,0.600000,-0.600000,-0.600000,-0.651523,-0.604795,0.600000,-0.600000,-0.600000,-0.611950,-0.600000,-0.600000,-0.600000,0.600000,-0.600000,-0.600000,-0.600000,-0.600000,-0.600000,0.600000,-0.000000,0.597599,0.600000,-0.600000,-0.600000,0.600000,-0.600000,0.600000,-0.600000,0.600000,0.600000,0.600000,-0.600000,-0.600000,-0.600000,0.600000,0.600000,-0.600000,0.600000,-0.600000,-0.600000,-0.600000,-0.600000,-0.600000,0.600000,-0.600000,-0.600000,-0.600000,-0.600000,0.600000,-0.600000,0.611950,0.600000,-0.600000,-0.600000,-0.600000
308,-0.600000,0.600000,-0.600000,1.000000,-0.600000,1.000000,-1.000000,-0.600000,0.600000,-0.600000,-0.600000,0.600000,-0.600000,0.600000,-0.600000,-0.600000,0.600000,-0.600000,-0.600000,-0.651523,-0.604795,0.600000,-0.600000,-0.600000,-0.611950,-0.600000,-0.600000,-0.600000,0.600000,-0.600000,-0.600000,-0.600000,-0.600000,-0.600000,0.600000,-0.000000,0.597599,0.600000,-0.600000,-0.600000,0.600000,-0.600000,0.600000,-0.600000,0.600000,0.600000,0.600000,-0.600000,-0.600000,-0.600000,0.600000,0.600000,-0.600000,0.600000,-0.600000,-0.600000,-0.600000,-0.600000,-0.600000,0.600000,-0.600000,-0.600000,-0.600000,-0.600000,0.600000,-0.600000,0.611950,0.600000,-0.600000,-0.600000,-0.600000
309,-0.600000,0.600000,-0.600000,1.000000,-0.600000,1.000000,-1.000000,-0.600000,0.600000,-0.600000,-0.600000,0.600000,-0.600000,0.600000,-0.600000,-0.600000,0.600000,-0.600000,-0.600000,-0.651523,-0.604795,0.600000,-0.600000,-0.600000,-0.611950,-0.600000,-0.600000,-0.600000,0.600000,-0.600000,-0.600000,-0.600000,-0.600000,-0.600000,0.600000,-0.000000,0.597599,0.600000,-0.600000,-0.600000,0.600000,-0.600000,0.600000,-0.600000,0.600000,0.600000,0.600000,-0.600000,-0.600000,-0.600000,0.600000,0.600000,-0.600000,0.600000,-0.600000,-0.600000,-0.600000,-0.600000,-0.600000,0.600000,-0.600000,-0.600000,-0.600000,-0.600000,0.600000,-0.600000,0.611950,0.600000,-0.600000,-0.600000,-0.600000
310,-0.600000,0.600000,-0.600000,1.000000,-0.600000,1.000000,-1.000000,-0.600000,0.600000,-0.600000,-0.600000,0.600000,-0.600000,0.600000,-0.600000,-0.600000,0.600000,-0.600000,-0.600000,-0.651523,-0.604795,0.600000,-0.600000,-0.600000,-0.611950,-0.600000,-0.600000,-0.600000,0.600000,-0.600000,-0.600000,-0.600000,-0.600000,-0.600000,0.600000,-0.000000,0.597599,0.600000,-0.600000,-0.600000,0.600000,-0.600000,0.600000,-0.600000,0.600000,0.600000,0.600000,-0.600000,-0.600000,-0.600000,0.600000,0.600000,-0.600000,0.600000,-0.600000,-0.600000,-0.600000,-0.600000,-0.600000,0.600000,-0.600000,-0.600000,-0.600000,-0.600000,0.600000,-0.600000,0.611950,0.600000,-0.600000,-0.600000,-0.600000
311,-0.600000,0.600000,-0.600000,1.000000,-0.600000,1.000000,-1.000000,-0.600000,0.600000,-0.600000,-0.600000,0.600000,-0.600000,0.600000,-0.600000,-0.600000,0.600000,-0.600000,-0.600000,-0.651523,-0.604795,0.600000,-0.600000,-0.600000,-0.611950,-0.600000,-0.600000,-0.600000,0.600000,-0.600000,-0.600000,-0.600000,-0.600000,-0.600000,0.600000,-0.000000,0.597599,0.600000,-0.600000,-0.600000,0.600000,-0.600000,0.600000,-0.600000,0.600000,0.600000,0.600000,-0.600000,-0.600000,-0.600000,0.600000,0.600000,-0.600000,0.600000,-0.600000,-0.600000,-0.600000,-0.600000,-0.600000,0.600000,-0.600000,-0.600000,-0.600000,-0.600000,0.600000,-0.600000,0.611950,0.600000,-0.600000,-0.600000,-0.600000
312,-0.600000,0.600000,-0.600000,1.000000,-0.600000,1.000000,-1.000000,-0.600000,0.600000,-0.600000,-0.600000,0.600000,-0.600000,0.600000,-0.600000,-0.600000,0.600000,-0.600000,-0.600000,-0.651523,-0.604795,0.600000,-0.600000,-0.600000,-0.611950,-0.600000,-0.600000,-0.600000,0.600000,-0.600000,-0.600000,-0.600000,-0.600000,-0.600000,0.600000,-0.000000,0.597599,0.600000,-0.600000,-0.600000,0.600000,-0.600000,0.600000,-0.600000,0.600000,0.600000,0.600000,-0.600000,-0.600000,-0.600000,0.600000,0.600000,-0.600000,0.600000,-0.600000,-0.600000,-0.600000,-0.600000,-0.600000,0.600000,-0.600000,-0.600000,-0.600000,-0.600000,0.600000,-0.600000,0.611950,0.600000,-0.600000,-0.600000,-0.600000
313,-0.600000,0.600000,-0.600000,1.000000,-0.600000,1.000000,-1.000000,-0.600000,0.600000,-0.600000,-0.600000,0.600000,-0.600000,0.600000,-0.600000,-0.600000,0.600000,-0.600000,-0.600000,-0.651523,-0.604795,0.600000,-0.600000,-0.600000,-0.611950,-0.600000,-0.600000,-0.600000,0.600000,-0.600000,-0.600000,-0.600000,-0.600000,-0.600000,0.600000,-0.000000,0.597599,0.600000,-0.600000,-0.600000,0.600000,-0.600000,0.600000,-0.600000,0.600000,0.600000,0.600000,-0.600000,-0.600000,-0.600000,0.600000,0.600000,-0.600000,0.600000,-0.600000,-0.600000,-0.600000,-0.600000,-0.600000,0.600000,-0.600000,-0.600000,-0.600000,-0.600000,0.600000,-0.600000,0.611950,0.600000,-0.600000,-0.600000,-0.600000
314,-0.600000,0.600000,-0.600000,1.000000,-0.600000,1.000000,-1.000000,-0.600000,0.600000,-0.600000,-0.600000,0.600000,-0.600000,0.600000,-0.600000,-0.600000,0.600000,-0.600000,-0.600000,-0.651523,-0.604795,0.600000,-0.600000,-0.600000,-0.611950,-0.600000,-0.600000,-0.600000,0.600000,-0.600000,-0.600000,-0.600000,-0.600000,-0.600000,0.600000,-0.000000,0.597599,0.600000,-0.600000,-0.600000,0.600000,-0.600000,0.600000,-0.600000,0.600000,0.600000,0.600000,-0.600000,-0.600000,-0.600000,0.600000,0.600000,-0.600000,0.600000,-0.600000,-0.600000,-0.600000,-0.600000,-0.600000,0.600000,-0.600000,-0.600000,-0.600000,-0.600000,0.600000,-0.600000,0.611950,0.600000,-0.600000,-0.600000,-0.600000
315,-0.600000,0.600000,-0.600000,1.000000,-0.600000,1.000000,-1.000000,-0.600000,0.600000,-0.600000,-0.600000,0.600000,-0.600000,0.600000,-0.600000,-0.600000,0.600000,-0.600000,-0.600000,-0.651523,-0.604795,0.600000,-0.600000,-0.600000,-0.611950,-0.600000,-0.600000,-0.600000,0.600000,-0.600000,-0.600000,-0.600000,-0.600000,-0.600000,0.600000,-0.000000,0.597599,0.600000,-0.600000,-0.600000,0.600000,-0.600000,0.600000,-0.600000,0.600000,0.600000,0.600000,-0.600000,-0.600000,-0.600000,0.600000,0.600000,-0.600000,0.600000,-0.600000,-0.600000,-0.600000,-0.600000,-0.600000,0.600000,-0.600000,-0.600000,-0.600000,-0.600000,0.600000,-0.600000,0.611950,0.600000,-0.600000,-0.600000,-0.600000
316,-0.600000,0.600000,-0.600000,1.000000,-0.600000,1.000000,-1.000000,-0.600000,0.600000,-0.600000,-0.600000,0.600000,-0.600000,0.600000,-0.600000,-0.600000,0.600000,-0.600000,-0.600000,-0.651523,-0.604795,0.600000,-0.600000,-0.600000,-0.611950,-0.600000,-0.600000,-0.600000,0.600000,-0.600000,-0.600000,-0.600000,-0.600000,-0.600000,0.600000,-0.000000,0.597599,0.600000,-0.600000,-0.600000,0.600000,-0.600000,0.600000,-0.600000,0.600000,0.600000,0.600000,-0.600000,-0.600000,-0.600000,0.600000,0.600000,-0.600000,0.600000,-0.600000,-0.600000,-0.600000,-0.600000,-0.600000,0.600000,-0.600000,-0.600000,-0.600000,-0.600000,0.600000,-0.600000,0.611950,0.600000,-0.600000,-0.600000,-0.600000
317,-0.600000,0.600000,-0.600000,1.000000,-0.600000,1.000000,-1.000000,-0.600000,0.600000,-0.600000,-0.600000,0.600000,-0.600000,0.600000,-0.600000,-0.600000,0.600000,-0.600000,-0.600000,-0.651523,-0.604795,0.600000,-0.600000,-0.600000,-0.611950,-0.600000,-0.600000,-0.600000,0.600000,-0.600000,-0.600000,-0.600000,-0.600000,-0.600000,0.600000,-0.000000,0.597599,0.600000,-0.600000,-0.600000,0.600000,-0.600000,0.600000,-0.600000,0.600000,0.600000,0.600000,-0.600000,-0.600000,-0.600000,0.600000,0.600000,-0.600000,0.600000,-0.600000,-0.600000,-0.600000,-0.600000,-0.600000,0.600000,-0.600000,-0.600000,-0.600000,-0.600000,0.600000,-0.600000,0.611950,0.600000,-0.600000,-0.600000,-0.600000
318,-0.600000,0.600000,-0.600000,1.000000,-0.600000,1.000000,-1.000000,-0.600000,0.600000,-0.600000,-0.600000,0.600000,-0.600000,0.600000,-0.600000,-0.600000,0.600000,-0.600000,-0.600000,-0.651523,-0.604795,0.600000,-0.600000,-0.600000,-0.611950,-0.600000,-0.600000,-0.600000,0.600000,-0.600000,-0.600000,-0.600000,-0.600000,-0.600000,0.600000,-0.000000,0.597599,0.600000,-0.600000,-0.600000,0.600000,-0.600000,0.600000,-0.600000,0.600000,0.600000,0.600000,-0.600000,-0.600000,-0.600000,0.600000,0.600000,-0.600000,0.600000,-0.600000,-0.600000,-0.600000,-0.600000,-0.600000,0.600000,-0.600000,-0.600000,-0.600000,-0.600000,0.600000,-0.600000,0.611950,0.600000,-0.600000,-0.600000,-0.600000
319,-0.600000,0.600000,-0.600000,1.000000,-0.600000,1.000000,-1.000000,-0.600000,0.600000,-0.600000,-0.600000,0.600000,-0.600000,0.600000,-0.600000,-0.600000,0.600000,-0.600000,-0.600000,-0.651523,-0.604795,0.600000,-0.600000,-0.600000,-0.611950,-0.600000,-0.600000,-0.600000,0.600000,-0.600000,-0.600000,-0.600000,-0.600000,-0.600000,0.600000,-0.000000,0.597599,0.600000,-0.600000,-0.600000,0.600000,-0.600000,0.600000,-0.600000,0.600000,0.600000,0.600000,-0.600000,-0.600000,-0.600000,0.600000,0.600000,-0.600000,0.600000,-0.600000,-0.600000,-0.600000,-0.600000,-0.600000,0.600000,-0.600000,-0.600000,-0.600000,-0.600000,0.600000,-0.600000,0.611950,0.600000,-0.600000,-0.600000,-0.600000
320,-0.600000,0.600000,-0.600000,1.000000,-0.600000,1.000000,-1.000000,-0.600000,0.600000,-0.600000,-0.600000,0.600000,-0.600000,0.600000,-0.600000,-0.600000,0.600000,-0.600000,-0.600000,-0.651523,-0.604795,0.600000,-0.600000,-0.600000,-0.611950,-0.600000,-0.600000,-0.600000,0.600000,-0.600000,-0.600000,-0.600000,-0.600000,-0.600000,0.600000,-0.000000,0.597599,0.600000,-0.600000,-0.600000,0.600000,-0.600000,0.600000,-0.600000,0.600000,0.600000,0.600000,-0.600000,-0.600000,-0.600000,0.600000,0.600000,-0.600000,0.600000,-0.600000,-0.600000,-0.600000,-0.600000,-0.600000,0.600000,-0.600000,-0.600000,-0.600000,-0.600000,0.600000,-0.600000,0.611950,0.600000,-0.600000,-0.600000,-0.600000
321,-0.600000,0.600000,-0.600000,1.000000,-0.600000,1.000000,-1.000000,-0.600000,0.600000,-0.600000,-0.600000,0.600000,-0.600000,0.600000,-0.600000,-0.600000,0.600000,-0.600000,-0.600000,-0.651523,-0.604795,0.600000,-0.600000,-0.600000,-0.611950,-0.600000,-0.600000,-0.600000,0.600000,-0.600000,-0.600000,-0.600000,-0.600000,-0.600000,0.600000,-0.000000,0.597599,0.600000,-0.600000,-0.600000,0.600000,-0.600000,0.600000,-0.600000,0.600000,0.600000,0.600000,-0.600000,-0.600000,-0.600000,0.600000,0.600000,-0.600000,0.600000,-0.600000,-0.600000,-0.600000,-0.600000,-0.600000,0.600000,-0.600000,-0.600000,-0.600000,-0.600000,0.600000,-0.600000,0.611950,0.600000,-0.600000,-0.600000,-0.600000
322,-0.600000,0.600000,-0.600000,1.000000,-0.600000,1.000000,-1.000000,-0.600000,0.600000,-0.600000,-0.600000,0.600000,-0.600000,0.600000,-0.600000,-0.600000,0.600000,-0.600000,-0.600000,-0.651523,-0.604795,0.600000,-0.600000,-0.600000,-0.611950,-0.600000,-0.600000,-0.600000,0.600000,-0.600000,-0.600000,-0.600000,-0.600000,-0.600000,0.600000,-0.000000,0.597599,0.600000,-0.600000,-0.600000,0.600000,-0.600000,0.600000,-0.600000,0.600000,0.600000,0.600000,-0.600000,-0.600000,-0.600000,0.600000,0.600000,-0.600000,0.600000,-0.600000,-0.600000,-0.600000,-0.600000,-0.600000,0.600000,-0.600000,-0.600000,-0.600000,-0.600000,0.600000,-0.600000,0.611950,0.600000,-0.600000,-0.600000,-0.600000
323,-0.600000,0.600000,-0.600000,1.000000,-0.600000,1.000000,-1.000000,-0.600000,0.600000,-0.600000,-0.600000,0.600000,-0.600000,0.600000,-0.600000,-0.600000,0.600000,-0.600000,-0.600000,-0.651523,-0.604795,0.600000,-0.600000,-0.600000,-0.611950,-0.600000,-0.600000,-0.600000,0.600000,-0.600000,-0.600000,-0.600000,-0.600000,-0.600000,0.600000,-0.000000,0.597599,0.600000,-0.600000,-0.600000,0.600000,-0.600000,0.600000,-0.600000,0.600000,0.600000,0.600000,-0.600000,-0.600000,-0.600000,0.600000,0.600000,-0.600000,0.600000,-0.600000,-0.600000,-0.600000,-0.600000,-0.600000,0.600000,-0.600000,-0.600000,-0.600000,-0.600000,0.600000,-0.600000,0.611950,0.600000,-0.600000,-0.600000,-0.600000
324,-0.600000,0.600000,-0.600000,1.000000,-0.600000,1.000000,-1.000000,-0.600000,0.600000,-0.600000,-0.600000,0.600000,-0.600000,0.600000,-0.600000,-0.600000,0.600000,-0.600000,-0.600000,-0.651523,-0.604795,0.600000,-0.600000,-0.600000,-0.611950,-0.600000,-0.600000,-0.600000,0.600000,-0.600000,-0.600000,-0.600000,-0.600000,-0.600000,0.600000,-0.000000,0.597599,0.600000,-0.600000,-0.600000,0.600000,-0.600000,0.600000,-0.600000,0.600000,0.600000,0.600000,-0.600000,-0.600000,-0.600000,0.600000,0.600000,-0.600000,0.600000,-0.600000,-0.600000,-0.600000,-0.600000,-0.600000,0.600000,-0.600000,-0.600000,-0.600000,-0.600000,0.600000,-0.600000,0.611950,0.600000,-0.600000,-0.600000,-0.600000
325,-0.600000,0.600000,-0.600000,1.000000,-0.600000,1.000000,-1.000000,-0.600000,0.600000,-0.600000,-0.600000,0.600000,-0.600000,0.600000,-0.600000,-0.600000,0.600000,-0.600000,-0.600000,-0.651523,-0.604795,0.600000,-0.600000,-0.600000,-0.611950,-0.600000,-0.600000,-0.600000,0.600000,-0.600000,-0.600000,-0.600000,-0.600000,-0.600000,0.600000,-0.000000,0.597599,0.600000,-0.600000,-0.600000,0.600000,-0.600000,0.600000,-0.600000,0.600000,0.600000,0.600000,-0.600000,-0.600000,-0.600000,0.600000,0.600000,-0.600000,0.600000,-0.600000,-0.600000,-0.600000,-0.600000,-0.600000,0.600000,-0.600000,-0.600000,-0.600000,-0.600000,0.600000,-0.600000,0.611950,0.600000,-0.600000,-0.600000,-0.600000
326,-0.600000,0.600000,-0.600000,1.000000,-0.600000,1.000000,-1.000000,-0.600000,0.600000,-0.600000,-0.600000,0.600000,-0.600000,0.600000,-0.600000,-0.600000,0.600000,-0.600000,-0.600000,-0.651523,-0.604795,0.600000,-0.600000,-0.600000,-0.611950,-0.600000,-0.600000,-0.600000,0.600000,-0.600000,-0.600000,-0.600000,-0.600000,-0.600000,0.600000,-0.000000,0.597599,0.600000,-0.600000,-0.600000,0.600000,-0.600000,0.600000,-0.600000,0.600000,0.600000,0.600000,-0.600000,-0.600000,-0.600000,0.600000,0.600000,-0.600000,0.600000,-0.600000,-0.600000,-0.600000,-0.600000,-0.600000,0.600000,-0.600000,-0.600000,-0.600000,-0.600000,0.600000,-0.600000,0.611950,0.600000,-0.600000,-0.600000,-0.600000
327,-0.600000,0.600000,-0.600000,1.000000,-0.600000,1.000000,-1.000000,-0.600000,0.600000,-0.600000,-0.600000,0.600000,-0.600000,0.600000,-0.600000,-0.600000,0.600000,-0.600000,-0.600000,-0.651523,-0.604795,0.600000,-0.600000,-0.600000,-0.611950,-0.600000,-0.600000,-0.600000,0.600000,-0.600000,-0.600000,-0.600000,-0.600000,-0.600000,0.600000,-0.000000,0.597599,0.600000,-0.600000,-0.600000,0.600000,-0.600000,0.600000,-0.600000,0.600000,0.600000,0.600000,-0.600000,-0.600000,-0.600000,0.600000,0.600000,-0.600000,0.600000,-0.600000,-0.600000,-0.600000,-0.600000,-0.600000,0.600000,-0.600000,-0.600000,-0.600000,-0.600000,0.600000,-0.600000,0.611950,0.600000,-0.600000,-0.600000,-0.600000
328,-0.600000,0.600000,-0.600000,1.000000,-0.600000,1.000000,-1.000000,-0.600000,0.600000,-0.600000,-0.600000,0.600000,-0.600000,0.600000,-0.600000,-0.600000,0.600000,-0.600000,-0.600000,-0.651523,-0.604795,0.600000,-0.600000,-0.600000,-0.611950,-0.600000,-0.600000,-0.600000,0.600000,-0.600000,-0.600000,-0.600000,-0.600000,-0.600000,0.600000,-0.000000,0.597599,0.600000,-0.600000,-0.600000,0.600000,-0.600000,0.600000,-0.600000,0.600000,0.600000,0.600000,-0.600000,-0.600000,-0.600000,0.600000,0.600000,-0.600000,0.600000,-0.600000,-0.600000,-0.600000,-0.600000,-0.600000,0.600000,-0.600000,-0.600000,-0.600000,-0.600000,0.600000,-0.600000,0.611950,0.600000,-0.600000,-0.600000,-0.600000
329,-0.600000,0.600000,-0.600000,1.000000,-0.600000,1.000000,-1.000000,-0.600000,0.600000,-0.600000,-0.600000,0.600000,-0.600000,0.600000,-0.600000,-0.600000,0.600000,-0.600000,-0.600000,-0.651523,-0.604795,0.600000,-0.600000,-0.600000,-0.611950,-0.600000,-0.600000,-0.600000,0.600000,-0.600000,-0.600000,-0.600000,-0.600000,-0.600000,0.600000,-0.000000,0.597599,0.600000,-0.600000,-0.600000,0.600000,-0.600000,0.600000,-0.600000,0.600000,0.600000,0.600000,-0.600000,-0.600000,-0.600000,0.600000,0.600000,-0.600000,0.600000,-0.600000,-0.600000,-0.600000,-0.600000,-0.600000,0.600000,-0.600000,-0.600000,-0.600000,-0.600000,0.600000,-0.600000,0.611950,0.600000,-0.600000,-0.600000,-0.600000
330,-0.600000,0.600000,-0.600000,1.000000,-0.600000,1.000000,-1.000000,-0.600000,0.600000,-0.600000,-0.600000,0.600000,-0.600000,0.600000,-0.600000,-0.600000,0.600000,-0.600000,-0.600000,-0.651523,-0.604795,0.600000,-0.600000,-0.600000,-0.611950,-0.600000,-0.600000,-0.600000,0.600000,-0.600000,-0.600000,-0.600000,-0.600000,-0.600000,0.600000,-0.000000,0.597599,0.600000,-0.600000,-0.600000,0.600000,-0.600000,0.600000,-0.600000,0.600000,0.600000,0.600000,-0.600000,-0.600000,-0.600000,0.600000,0.600000,-0.600000,0.600000,-0.600000,-0.600000,-0.600000,-0.600000,-0.600000,0.600000,-0.600000,-0.600000,-0.600000,-0.600000,0.600000,-0.600000,0.611950,0.600000,-0.600000,-0.600000,-0.600000
331,-0.600000,0.600000,-0.600000,1.000000,-0.600000,1.000000,-1.000000,-0.600000,0.600000,-0.600000,-0.600000,0.600000,-0.600000,0.600000,-0.600000,-0.600000,0.600000,-0.600000,-0.600000,-0.651523,-0.604795,0.600000,-0.600000,-0.600000,-0.611950,-0.600000,-0.600000,-0.600000,0.600000,-0.600000,-0.600000,-0.600000,-0.600000,-0.600000,0.600000,-0.000000,0.597599,0.600000,-0.600000,-0.600000,0.600000,-0.600000,0.600000,-0.600000,0.600000,0.600000,0.600000,-0.600000,-0.600000,-0.600000,0.600000,0.600000,-0.600000,0.600000,-0.600000,-0.600000,-0.600000,-0.600000,-0.600000,0.600000,-0.600000,-0.600000,-0.600000,-0.600000,0.600000,-0.600000,0.611950,0.600000,-0.600000,-0.600000,-0.600000
332,-0.600000,0.600000,-0.600000,1.000000,-0.600000,1.000000,-1.000000,-0.600000,0.600000,-0.600000,-0.600000,0.600000,-0.600000,0.600000,-0.600000,-0.600000,0.600000,-0.600000,-0.600000,-0.651523,-0.604795,0.600000,-0.600000,-0.600000,-0.611950,-0.600000,-0.600000,-0.600000,0.600000,-0.600000,-0.600000,-0.600000,-0.600000,-0.600000,0.600000,-0.000000,0.597599,0.600000,-0.600000,-0.600000,0.600000,-0.600000,0.600000,-0.600000,0.600000,0.600000,0.600000,-0.600000,-0.600000,-0.600000,0.600000,0.600000,-0.600000,0.600000,-0.600000,-0.600000,-0.600000,-0.600000,-0.600000,0.600000,-0.600000,-0.600000,-0.600000,-0.600000,0.600000,-0.600000,0.611950,0.600000,-0.600000,-0.600000,-0.600000
333,-0.600000,0.600000,-0.600000,1.000000,-0.600000,1.000000,-1.000000,-0.600000,0.600000,-0.600000,-0.600000,0.600000,-0.600000,0.600000,-0.600000,-0.600000,0.600000,-0.600000,-0.600000,-0.651523,-0.604795,0.600000,-0.600000,-0.600000,-0.611950,-0.600000,-0.600000,-0.600000,0.600000,-0.600000,-0.600000,-0.600000,-0.600000,-0.600000,0.600000,-0.000000,0.597599,0.600000,-0.600000,-0.600000,0.600000,-0.600000,0.600000,-0.600000,0.600000,0.600000,0.600000,-0.600000,-0.600000,-0.600000,0.600000,0.600000,-0.600000,0.600000,-0.600000,-0.600000,-0.600000,-0.600000,-0.600000,0.600000,-0.600000,-0.600000,-0.600000,-0.600000,0.600000,-0.600000,0.611950,0.600000,-0.600000,-0.600000,-0.600000
334,-0.600000,0.600000,-0.600000,1.000000,-0.600000,1.000000,-1.000000,-0.600000,0.600000,-0.600000,-0.600000,0.600000,-0.600000,0.600000,-0.600000,-0.600000,0.600000,-0.600000,-0.600000,-0.651523,-0.604795,0.600000,-0.600000,-0.600000,-0.611950,-0.600000,-0.600000,-0.600000,0.600000,-0.600000,-0.600000,-0.600000,-0.600000,-0.600000,0.600000,-0.000000,0.597599,0.600000,-0.600000,-0.600000,0.600000,-0.600000,0.600000,-0.600000,0.600000,0.600000,0.600000,-0.600000,-0.600000,-0.600000,0.600000,0.600000,-0.600000,0.600000,-0.600000,-0.600000,-0.600000,-0.600000,-0.600000,0.600000,-0.600000,-0.600000,-0.600000,-0.600000,0.600000,-0.600000,0.611950,0.600000,-0.600000,-0.600000,-0.600000
335,-0.600000,0.600000,-0.600000,1.000000,-0.600000,1.000000,-1.000000,-0.600000,0.600000,-0.600000,-0.600000,0.600000,-0.600000,0.600000,-0.600000,-0.600000,0.600000,-0.600000,-0.600000,-0.651523,-0.604795,0.600000,-0.600000,-0.600000,-0.611950,-0.600000,-0.600000,-0.600000,0.600000,-0.600000,-0.600000,-0.600000,-0.600000,-0.600000,0.600000,-0.000000,0.597599,0.600000,-0.600000,-0.600000,0.600000,-0.600000,0.600000,-0.600000,0.600000,0.600000,0.600000,-0.600000,-0.600000,-0.600000,0.600000,0.600000,-0.600000,0.600000,-0.600000,-0.600000,-0.600000,-0.600000,-0.600000,0.600000,-0.600000,-0.600000,-0.600000,-0.600000,0.600000,-0.600000,0.611950,0.600000,-0.600000,-0.600000,-0.600000
336,-0.600000,0.600000,-0.600000,1.000000,-0.600000,1.000000,-1.000000,-0.600000,0.600000,-0.600000,-0.600000,0.600000,-0.600000,0.600000,-0.600000,-0.600000,0.600000,-0.600000,-0.600000,-0.651523,-0.604795,0.600000,-0.600000,-0.600000,-0.611950,-0.600000,-0.600000,-0.600000,0.600000,-0.600000,-0.600000,-0.600000,-0.600000,-0.600000,0.600000,-0.000000,0.597599,0.600000,-0.600000,-0.600000,0.600000,-0.600000,0.600000,-0.600000,0.600000,0.600000,0.600000,-0.600000,-0.600000,-0.600000,0.600000,0.600000,-0.600000,0.600000,-0.600000,-0.600000,-0.600000,-0.600000,-0.600000,0.600000,-0.600000,-0.600000,-0.600000,-0.600000,0.600000,-0.600000,0.611950,0.600000,-0.600000,-0.600000,-0.600000
337,-0.600000,0.600000,-0.600000,1.000000,-0.600000,1.000000,-1.000000,-0.600000,0.600000,-0.600000,-0.600000,0.600000,-0.600000,0.600000,-0.600000,-0.600000,0.600000,-0.600000,-0.600000,-0.651523,-0.604795,0.600000,-0.600000,-0.600000,-0.611950,-0.600000,-0.600000,-0.600000,0.600000,-0.600000,-0.600000,-0.600000,-0.600000,-0.600000,0.600000,-0.000000,0.597599,0.600000,-0.600000,-0.600000,0.600000,-0.600000,0.600000,-0.600000,0.600000,0.600000,0.600000,-0.600000,-0.600000,-0.600000,0.600000,0.600000,-0.600000,0.600000,-0.600000,-0.600000,-0.600000,-0.600000,-0.600000,0.600000,-0.600000,-0.600000,-0.600000,-0.600000,0.600000,-0.600000,0.611950,0.600000,-0.600000,-0.600000,-0.600000
338,-0.600000,0.600000,-0.600000,1.000000,-0.600000,1.000000,-1.000000,-0.600000,0.600000,-0.600000,-0.600000,0.600000,-0.600000,0.600000,-0.600000,-0.600000,0.600000,-0.600000,-0.600000,-0.651523,-0.604795,0.600000,-0.600000,-0.600000,-0.611950,-0.600000,-0.600000,-0.600000,0.600000,-0.600000,-0.600000,-0.600000,-0.600000,-0.600000,0.600000,-0.000000,0.597599,0.600000,-0.600000,-0.600000,0.600000,-0.600000,0.600000,-0.600000,0.600000,0.600000,0.600000,-0.600000,-0.600000,-0.600000,0.600000,0.600000,-0.600000,0.600000,-0.600000,-0.600000,-0.600000,-0.600000,-0.600000,0.600000,-0.600000,-0.600000,-0.600000,-0.600000,0.600000,-0.600000,0.611950,0.600000,-0.600000,-0.600000,-0.600000
339,-0.600000,0.600000,-0.600000,1.000000,-0.600000,1.000000,-1.000000,-0.600000,0.600000,-0.600000,-0.600000,0.600000,-0.600000,0.600000,-0.600000,-0.600000,0.600000,-0.600000,-0.600000,-0.651523,-0.604795,0.600000,-0.600000,-0.600000,-0.611950,-0.600000,-0.600000,-0.600000,0.600000,-0.600000,-0.600000,-0.600000,-0.600000,-0.600000,0.600000,-0.000000,0.597599,0.600000,-0.600000,-0.600000,0.600000,-0.600000,0.600000,-0.600000,0.600000,0.600000,0.600000,-0.600000,-0.600000,-0.600000,0.600000,0.600000,-0.600000,0.600000,-0.600000,-0.600000,-0.600000,-0.600000,-0.600000,0.600000,-0.600000,-0.600000,-0.600000,-0.600000,0.600000,-0.600000,0.611950,0.600000,-0.600000,-0.600000,-0.600000
340,-0.600000,0.600000,-0.600000,1.000000,-0.600000,1.000000,-1.000000,-0.600000,0.600000,-0.600000,-0.600000,0.600000,-0.600000,0.600000,-0.600000,-0.600000,0.600000,-0.600000,-0.600000,-0.651523,-0.604795,0.600000,-0.600000,-0.600000,-0.611950,-0.600000,-0.600000,-0.600000,0.600000,-0.600000,-0.600000,-0.600000,-0.600000,-0.600000,0.600000,-0.000000,0.597599,0.600000,-0.600000,-0.600000,0.600000,-0.600000,0.600000,-0.600000,0.600000,0.600000,0.600000,-0.600000,-0.600000,-0.600000,0.600000,0.600000,-0.600000,0.600000,-0.600000,-0.600000,-0.600000,-0.600000,-0.600000,0.600000,-0.600000,-0.600000,-0.600000,-0.600000,0.600000,-0.600000,0.611950,0.600000,-0.600000,-0.600000,-0.600000
341,-0.600000,0.600000,-0.600000,1.000000,-0.600000,1.000000,-1.000000,-0.600000,0.600000,-0.600000,-0.600000,0.600000,-0.600000,0.600000,-0.600000,-0.600000,0.600000,-0.600000,-0.600000,-0.651523,-0.604795,0.600000,-0.600000,-0.600000,-0.611950,-0.600000,-0.600000,-0.600000,0.600000,-0.600000,-0.600000,-0.600000,-0.600000,-0.600000,0.600000,-0.000000,0.597599,0.600000,-0.600000,-0.600000,0.600000,-0.600000,0.600000,-0.600000,0.600000,0.600000,0.600000,-0.600000,-0.600000,-0.600000,0.600000,0.600000,-0.600000,0.600000,-0.600000,-0.600000,-0.600000,-0.600000,-0.600000,0.600000,-0.600000,-0.600000,-0.600000,-0.600000,0.600000,-0.600000,0.611950,0.600000,-0.600000,-0.600000,-0.600000
342,-0.600000,0.600000,-0.600000,1.000000,-0.600000,1.000000,-1.000000,-0.600000,0.600000,-0.600000,-0.600000,0.600000,-0.600000,0.600000,-0.600000,-0.600000,0.600000,-0.600000,-0.600000,-0.651523,-0.604795,0.600000,-0.600000,-0.600000,-0.611950,-0.600000,-0.600000,-0.600000,0.600000,-0.600000,-0.600000,-0.600000,-0.600000,-0.600000,0.600000,-0.000000,0.597599,0.600000,-0.600000,-0.600000,0.600000,-0.600000,0.600000,-0.600000,0.600000,0.600000,0.600000,-0.600000,-0.600000,-0.600000,0.600000,0.600000,-0.600000,0.600000,-0.600000,-0.600000,-0.600000,-0.600000,-0.600000,0.600000,-0.600000,-0.600000,-0.600000,-0.600000,0.600000,-0.600000,0.611950,0.600000,-0.600000,-0.600000,-0.600000
343,-0.600000,0.600000,-0.600000,1.000000,-0.600000,1.000000,-1.000000,-0.600000,0.600000,-0.600000,-0.600000,0.600000,-0.600000,0.600000,-0.600000,-0.600000,0.600000,-0.600000,-0.600000,-0.651523,-0.604795,0.600000,-0.600000,-0.600000,-0.611950,-0.600000,-0.600000,-0.600000,0.600000,-0.600000,-0.600000,-0.600000,-0.600000,-0.600000,0.600000,-0.000000,0.597599,0.600000,-0.600000,-0.600000,0.600000,-0.600000,0.600000,-0.600000,0.600000,0.600000,0.600000,-0.600000,-0.600000,-0.600000,0.600000,0.600000,-0.600000,0.600000,-0.600000,-0.600000,-0.600000,-0.600000,-0.600000,0.600000,-0.600000,-0.600000,-0.600000,-0.600000,0.600000,-0.600000,0.611950,0.600000,-0.600000,-0.600000,-0.600000
344,-0.600000,0.600000,-0.600000,1.000000,-0.600000,1.000000,-1.000000,-0.600000,0.600000,-0.600000,-0.600000,0.600000,-0.600000,0.600000,-0.600000,-0.600000,0.600000,-0.600000,-0.600000,-0.651523,-0.604795,0.600000,-0.600000,-0.600000,-0.611950,-0.600000,-0.600000,-0.600000,0.600000,-0.600000,-0.600000,-0.600000,-0.600000,-0.600000,0.600000,-0.000000,0.597599,0.600000,-0.600000,-0.600000,0.600000,-0.600000,0.600000,-0.600000,0.600000,0.600000,0.600000,-0.600000,-0.600000,-0.600000,0.600000,0.600000,-0.600000,0.600000,-0.600000,-0.600000,-0.600000,-0.600000,-0.600000,0.600000,-0.600000,-0.600000,-0.600000,-0.600000,0.600000,-0.600000,0.611950,0.600000,-0.600000,-0.600000,-0.600000
345,-0.600000,0.600000,-0.600000,1.000000,-0.600000,1.000000,-1.000000,-0.600000,0.600000,-0.600000,-0.600000,0.600000,-0.600000,0.600000,-0.600000,-0.600000,0.600000,-0.600000,-0.600000,-0.651523,-0.604795,0.600000,-0.600000,-0.600000,-0.611950,-0.600000,-0.600000,-0.600000,0.600000,-0.600000,-0.600000,-0.600000,-0.600000,-0.600000,0.600000,-0.000000,0.597599,0.600000,-0.600000,-0.600000,0.600000,-0.600000,0.600000,-0.600000,0.600000,0.600000,0.600000,-0.600000,-0.600000,-0.600000,0.600000,0.600000,-0.600000,0.600000,-0.600000,-0.600000,-0.600000,-0.600000,-0.600000,0.600000,-0.600000,-0.600000,-0.600000,-0.600000,0.600000,-0.600000,0.611950,0.600000,-0.600000,-0.600000,-0.600000
346,-0.600000,0.600000,-0.600000,1.000000,-0.600000,1.000000,-1.000000,-0.600000,0.600000,-0.600000,-0.600000,0.600000,-0.600000,0.600000,-0.600000,-0.600000,0.600000,-0.600000,-0.600000,-0.651523,-0.604795,0.600000,-0.600000,-0.600000,-0.611950,-0.600000,-0.600000,-0.600000,0.600000,-0.600000,-0.600000,-0.600000,-0.600000,-0.600000,0.600000,-0.000000,0.597599,0.600000,-0.600000,-0.600000,0.600000,-0.600000,0.600000,-0.600000,0.600000,0.600000,0.600000,-0.600000,-0.600000,-0.600000,0.600000,0.600000,-0.600000,0.600000,-0.600000,-0.600000,-0.600000,-0.600000,-0.600000,0.600000,-0.600000,-0.600000,-0.600000,-0.600000,0.600000,-0.600000,0.611950,0.600000,-0.600000,-0.600000,-0.600000
347,-0.600000,0.600000,-0.600000,1.000000,-0.600000,1.000000,-1.000000,-0.600000,0.600000,-0.600000,-0.600000,0.600000,-0.600000,0.600000,-0.600000,-0.600000,0.600000,-0.600000,-0.600000,-0.651523,-0.604795,0.600000,-0.600000,-0.600000,-0.611950,-0.600000,-0.600000,-0.600000,0.600000,-0.600000,-0.600000,-0.600000,-0.600000,-0.600000,0.600000,-0.000000,0.597599,0.600000,-0.600000,-0.600000,0.600000,-0.600000,0.600000,-0.600000,0.600000,0.600000,0.600000,-0.600000,-0.600000,-0.600000,0.600000,0.600000,-0.600000,0.600000,-0.600000,-0.600000,-0.600000,-0.600000,-0.600000,0.600000,-0.600000,-0.600000,-0.600000,-0.600000,0.600000,-0.600000,0.611950,0.600000,-0.600000,-0.600000,-0.600000
348,-0.600000,0.600000,-0.600000,1.000000,-0.600000,1.000000,-1.000000,-0.600000,0.600000,-0.600000,-0.600000,0.600000,-0.600000,0.600000,-0.600000,-0.600000,0.600000,-0.600000,-0.600000,-0.651523,-0.604795,0.600000,-0.600000,-0.600000,-0.611950,-0.600000,-0.600000,-0.600000,0.600000,-0.600000,-0.600000,-0.600000,-0.600000,-0.600000,0.600000,-0.000000,0.597599,0.600000,-0.600000,-0.600000,0.600000,-0.600000,0.600000,-0.600000,0.600000,0.600000,0.600000,-0.600000,-0.600000,-0.600000,0.600000,0.600000,-0.600000,0.600000,-0.600000,-0.600000,-0.600000,-0.600000,-0.600000,0.600000,-0.600000,-0.600000,-0.600000,-0.600000,0.600000,-0.600000,0.611950,0.600000,-0.600000,-0.600000,-0.600000
349,-0.600000,0.600000,-0.600000,1.000000,-0.600000,1.000000,-1.000000,-0.600000,0.600000,-0.600000,-0.600000,0.600000,-0.600000,0.600000,-0.600000,-0.600000,0.600000,-0.600000,-0.600000,-0.651523,-0.604795,0.600000,-0.600000,-0.600000,-0.611950,-0.600000,-0.600000,-0.600000,0.600000,-0.600000,-0.600000,-0.600000,-0.600000,-0.600000,0.600000,-0.000000,0.597599,0.600000,-0.600000,-0.600000,0.600000,-0.600000,0.600000,-0.600000,0.600000,0.600000,0.600000,-0.600000,-0.600000,-0.600000,0.600000,0.600000,-0.600000,0.600000,-0.600000,-0.600000,-0.600000,-0.600000,-0.600000,0.600000,-0.600000,-0.600000,-0.600000,-0.600000,0.600000,-0.600000,0.611950,0.600000,-0.600000,-0.600000,-0.600000
350,-0.600000,0.600000,-0.600000,1.000000,-0.600000,1.000000,-1.000000,-0.600000,0.600000,-0.600000,-0.600000,0.600000,-0.600000,0.600000,-0.600000,-0.600000,0.600000,-0.600000,-0.600000,-0.651523,-0.604795,0.600000,-0.600000,-0.600000,-0.611950,-0.600000,-0.600000,-0.600000,0.600000,-0.600000,-0.600000,-0.600000,-0.600000,-0.600000,0.600000,-0.000000,0.597599,0.600000,-0.600000,-0.600000,0.600000,-0.600000,0.600000,-0.600000,0.600000,0.600000,0.600000,-0.600000,-0.600000,-0.600000,0.600000,0.600000,-0.600000,0.600000,-0.600000,-0.600000,-0.600000,-0.600000,-0.600000,0.600000,-0.600000,-0.600000,-0.600000,-0.600000,0.600000,-0.600000,0.611950,0.600000,-0.600000,-0.600000,-0.600000
351,-0.600000,0.600000,-0.600000,1.000000,-0.600000,1.000000,-1.000000,-0.600000,0.600000,-0.600000,-0.600000,0.600000,-0.600000,0.600000,-0.600000,-0.600000,0.600000,-0.600000,-0.600000,-0.651523,-0.604795,0.600000,-0.600000,-0.600000,-0.611950,-0.600000,-0.600000,-0.600000,0.600000,-0.600000,-0.600000,-0.600000,-0.600000,-0.600000,0.600000,-0.000000,0.597599,0.600000,-0.600000,-0.600000,0.600000,-0.600000,0.600000,-0.600000,0.600000,0.600000,0.600000,-0.600000,-0.600000,-0.600000,0.600000,0.600000,-0.600000,0.600000,-0.600000,-0.600000,-0.600000,-0.600000,-0.600000,0.600000,-0.600000,-0.600000,-0.600000,-0.600000,0.600000,-0.600000,0.611950,0.600000,-0.600000,-0.600000,-0.600000
352,-0.600000,0.600000,-0.600000,1.000000,-0.600000,1.000000,-1.000000,-0.600000,0.600000,-0.600000,-0.600000,0.600000,-0.600000,0.600000,-0.600000,-0.600000,0.600000,-0.600000,-0.600000,-0.651523,-0.604795,0.600000,-0.600000,-0.600000,-0.611950,-0.600000,-0.600000,-0.600000,0.600000,-0.600000,-0.600000,-0.600000,-0.600000,-0.600000,0.600000,-0.000000,0.597599,0.600000,-0.600000,-0.600000,0.600000,-0.600000,0.600000,-0.600000,0.600000,0.600000,0.600000,-0.600000,-0.600000,-0.600000,0.600000,0.600000,-0.600000,0.600000,-0.600000,-0.600000,-0.600000,-0.600000,-0.600000,0.600000,-0.600000,-0.600000,-0.600000,-0.600000,0.600000,-0.600000,0.611950,0.600000,-0.600000,-0.600000,-0.600000
353,-0.600000,0.600000,-0.600000,1.000000,-0.600000,1.000000,-1.000000,-0.600000,0.600000,-0.600000,-0.600000,0.600000,-0.600000,0.600000,-0.600000,-0.600000,0.600000,-0.600000,-0.600000,-0.651523,-0.604795,0.600000,-0.600000,-0.600000,-0.611950,-0.600000,-0.600000,-0.600000,0.600000,-0.600000,-0.600000,-0.600000,-0.600000,-0.600000,0.600000,-0.000000,0.597599,0.600000,-0.600000,-0.600000,0.600000,-0.600000,0.600000,-0.600000,0.600000,0.600000,0.600000,-0.600000,-0.600000,-0.600000,0.600000,0.600000,-0.600000,0.600000,-0.600000,-0.600000,-0.600000,-0.600000,-0.600000,0.600000,-0.600000,-0.600000,-0.600000,-0.600000,0.600000,-0.600000,0.611950,0.600000,-0.600000,-0.600000,-0.600000
354,-0.600000,0.600000,-0.600000,1.000000,-0.600000,1.000000,-1.000000,-0.600000,0.600000,-0.600000,-0.600000,0.600000,-0.600000,0.600000,-0.600000,-0.600000,0.600000,-0.600000,-0.600000,-0.651523,-0.604795,0.600000,-0.600000,-0.600000,-0.611950,-0.600000,-0.600000,-0.600000,0.600000,-0.600000,-0.600000,-0.600000,-0.600000,-0.600000,0.600000,-0.000000,0.597599,0.600000,-0.600000,-0.600000,0.600000,-0.600000,0.600000,-0.600000,0.600000,0.600000,0.600000,-0.600000,-0.600000,-0.600000,0.600000,0.600000,-0.600000,0.600000,-0.600000,-0.600000,-0.600000,-0.600000,-0.600000,0.600000,-0.600000,-0.600000,-0.600000,-0.600000,0.600000,-0.600000,0.611950,0.600000,-0.600000,-0.600000,-0.600000
355,-0.600000,0.600000,-0.600000,1.000000,-0.600000,1.000000,-1.000000,-0.600000,0.600000,-0.600000,-0.600000,0.600000,-0.600000,0.600000,-0.600000,-0.600000,0.600000,-0.600000,-0.600000,-0.651523,-0.604795,0.600000,-0.600000,-0.600000,-0.611950,-0.600000,-0.600000,-0.600000,0.600000,-0.600000,-0.600000,-0.600000,-0.600000,-0.600000,0.600000,-0.000000,0.597599,0.600000,-0.600000,-0.600000,0.600000,-0.600000,0.600000,-0.600000,0.600000,0.600000,0.600000,-0.600000,-0.600000,-0.600000,0.600000,0.600000,-0.600000,0.600000,-0.600000,-0.600000,-0.600000,-0.600000,-0.600000,0.600000,-0.600000,-0.600000,-0.600000,-0.600000,0.600000,-0.600000,0.611950,0.600000,-0.600000,-0.600000,-0.600000
356,-0.600000,0.600000,-0.600000,1.000000,-0.600000,1.000000,-1.000000,-0.600000,0.600000,-0.600000,-0.600000,0.600000,-0.600000,0.600000,-0.600000,-0.600000,0.600000,-0.600000,-0.600000,-0.651523,-0.604795,0.600000,-0.600000,-0.600000,-0.611950,-0.600000,-0.600000,-0.600000,0.600000,-0.600000,-0.600000,-0.600000,-0.600000,-0.600000,0.600000,-0.000000,0.597599,0.600000,-0.600000,-0.600000,0.600000,-0.600000,0.600000,-0.600000,0.600000,0.600000,0.600000,-0.600000,-0.600000,-0.600000,0.600000,0.600000,-0.600000,0.600000,-0.600000,-0.600000,-0.600000,-0.600000,-0.600000,0.600000,-0.600000,-0.600000,-0.600000,-0.600000,0.600000,-0.600000,0.611950,0.600000,-0.600000,-0.600000,-0.600000
357,-0.600000,0.600000,-0.600000,1.000000,-0.600000,1.000000,-1.000000,-0.600000,0.600000,-0.600000,-0.600000,0.600000,-0.600000,0.600000,-0.600000,-0.600000,0.600000,-0.600000,-0.600000,-0.651523,-0.604795,0.600000,-0.600000,-0.600000,-0.611950,-0.600000,-0.600000,-0.600000,0.600000,-0.600000,-0.600000,-0.600000,-0.600000,-0.600000,0.600000,-0.000000,0.597599,0.600000,-0.600000,-0.600000,0.600000,-0.600000,0.600000,-0.600000,0.600000,0.600000,0.600000,-0.600000,-0.600000,-0.600000,0.600000,0.600000,-0.600000,0.600000,-0.600000,-0.600000,-0.600000,-0.600000,-0.600000,0.600000,-0.600000,-0.600000,-0.600000,-0.600000,0.600000,-0.600000,0.611950,0.600000,-0.600000,-0.600000,-0.600000
358,-0.600000,0.600000,-0.600000,1.000000,-0.600000,1.000000,-1.000000,-0.600000,0.600000,-0.600000,-0.600000,0.600000,-0.600000,0.600000,-0.600000,-0.600000,0.600000,-0.600000,-0.600000,-0.651523,-0.604795,0.600000,-0.600000,-0.600000,-0.611950,-0.600000,-0.600000,-0.600000,0.600000,-0.600000,-0.600000,-0.600000,-0.600000,-0.600000,0.600000,-0.000000,0.597599,0.600000,-0.600000,-0.600000,0.600000,-0.600000,0.600000,-0.600000,0.600000,0.600000,0.600000,-0.600000,-0.600000,-0.600000,0.600000,0.600000,-0.600000,0.600000,-0.600000,-0.600000,-0.600000,-0.600000,-0.600000,0.600000,-0.600000,-0.600000,-0.600000,-0.600000,0.600000,-0.600000,0.611950,0.600000,-0.600000,-0.600000,-0.600000
359,-0.600000,0.600000,-0.600000,1.000000,-0.600000,1.000000,-1.000000,-0.600000,0.600000,-0.600000,-0.600000,0.600000,-0.600000,0.600000,-0.600000,-0.600000,0.600000,-0.600000,-0.600000,-0.651523,-0.604795,0.600000,-0.600000,-0.600000,-0.611950,-0.600000,-0.600000,-0.600000,0.600000,-0.600000,-0.600000,-0.600000,-0.600000,-0.600000,0.600000,-0.000000,0.597599,0.600000,-0.600000,-0.600000,0.600000,-0.600000,0.600000,-0.600000,0.600000,0.600000,0.600000,-0.600000,-0.600000,-0.600000,0.600000,0.600000,-0.600000,0.600000,-0.600000,-0.600000,-0.600000,-0.600000,-0.600000,0.600000,-0.600000,-0.600000,-0.600000,-0.600000,0.600000,-0.600000,0.611950,0.600000,-0.600000,-0.600000,-0.600000
360,-0.600000,0.600000,-0.600000,1.000000,-0.600000,1.000000,-1.000000,-0.600000,0.600000,-0.600000,-0.600000,0.600000,-0.600000,0.600000,-0.600000,-0.600000,0.600000,-0.600000,-0.600000,-0.651523,-0.604795,0.600000,-0.600000,-0.600000,-0.611950,-0.600000,-0.600000,-0.600000,0.600000,-0.600000,-0.600000,-0.600000,-0.600000,-0.600000,0.600000,-0.000000,0.597599,0.600000,-0.600000,-0.600000,0.600000,-0.600000,0.600000,-0.600000,0.600000,0.600000,0.600000,-0.600000,-0.600000,-0.600000,0.600000,0.600000,-0.600000,0.600000,-0.600000,-0.600000,-0.600000,-0.600000,-0.600000,0.600000,-0.600000,-0.600000,-0.600000,-0.600000,0.600000,-0.600000,0.611950,0.600000,-0.600000,-0.600000,-0.600000
361,-0.600000,0.600000,-0.600000,1.000000,-0.600000,1.000000,-1.000000,-0.600000,0.600000,-0.600000,-0.600000,0.600000,-0.600000,0.600000,-0.600000,-0.600000,0.600000,-0.600000,-0.600000,-0.651523,-0.604795,0.600000,-0.600000,-0.600000,-0.611950,-0.600000,-0.600000,-0.600000,0.600000,-0.600000,-0.600000,-0.600000,-0.600000,-0.600000,0.600000,-0.000000,0.597599,0.600000,-0.600000,-0.600000,0.600000,-0.600000,0.600000,-0.600000,0.600000,0.600000,0.600000,-0.600000,-0.600000,-0.600000,0.600000,0.600000,-0.600000,0.600000,-0.600000,-0.600000,-0.600000,-0.600000,-0.600000,0.600000,-0.600000,-0.600000,-0.600000,-0.600000,0.600000,-0.600000,0.611950,0.600000,-0.600000,-0.600000,-0.600000
362,-0.600000,0.600000,-0.600000,1.000000,-0.600000,1.000000,-1.000000,-0.600000,0.600000,-0.600000,-0.600000,0.600000,-0.600000,0.600000,-0.600000,-0.600000,0.600000,-0.600000,-0.600000,-0.651523,-0.604795,0.600000,-0.600000,-0.600000,-0.611950,-0.600000,-0.600000,-0.600000,0.600000,-0.600000,-0.600000,-0.600000,-0.600000,-0.600000,0.600000,-0.000000,0.597599,0.600000,-0.600000,-0.600000,0.600000,-0.600000,0.600000,-0.600000,0.600000,0.600000,0.600000,-0.600000,-0.600000,-0.600000,0.600000,0.600000,-0.600000,0.600000,-0.600000,-0.600000,-0.600000,-0.600000,-0.600000,0.600000,-0.600000,-0.600000,-0.600000,-0.600000,0.600000,-0.600000,0.611950,0.600000,-0.600000,-0.600000,-0.600000
363,-0.600000,0.600000,-0.600000,1.000000,-0.600000,1.000000,-1.000000,-0.600000,0.600000,-0.600000,-0.600000,0.600000,-0.600000,0.600000,-0.600000,-0.600000,0.600000,-0.600000,-0.600000,-0.651523,-0.604795,0.600000,-0.600000,-0.600000,-0.611950,-0.600000,-0.600000,-0.600000,0.600000,-0.600000,-0.600000,-0.600000,-0.600000,-0.600000,0.600000,-0.000000,0.597599,0.600000,-0.600000,-0.600000,0.600000,-0.600000,0.600000,-0.600000,0.600000,0.600000,0.600000,-0.600000,-0.600000,-0.600000,0.600000,0.600000,-0.600000,0.600000,-0.600000,-0.600000,-0.600000,-0.600000,-0.600000,0.600000,-0.600000,-0.600000,-0.600000,-0.600000,0.600000,-0.600000,0.611950,0.600000,-0.600000,-0.600000,-0.600000
364,-0.600000,0.600000,-0.600000,1.000000,-0.600000,1.000000,-1.000000,-0.600000,0.600000,-0.600000,-0.600000,0.600000,-0.600000,0.600000,-0.600000,-0.600000,0.600000,-0.600000,-0.600000,-0.651523,-0.604795,0.600000,-0.600000,-0.600000,-0.611950,-0.600000,-0.600000,-0.600000,0.600000,-0.600000,-0.600000,-0.600000,-0.600000,-0.600000,0.600000,-0.000000,0.597599,0.600000,-0.600000,-0.600000,0.600000,-0.600000,0.600000,-0.600000,0.600000,0.600000,0.600000,-0.600000,-0.600000,-0.600000,0.600000,0.600000,-0.600000,0.600000,-0.600000,-0.600000,-0.600000,-0.600000,-0.600000,0.600000,-0.600000,-0.600000,-0.600000,-0.600000,0.600000,-0.600000,0.611950,0.600000,-0.600000,-0.600000,-0.600000
365,-0.600000,0.600000,-0.600000,1.000000,-0.600000,1.000000,-1.000000,-0.600000,0.600000,-0.600000,-0.600000,0.600000,-0.600000,0.600000,-0.600000,-0.600000,0.600000,-0.600000,-0.600000,-0.651523,-0.604795,0.600000,-0.600000,-0.600000,-0.611950,-0.600000,-0.600000,-0.600000,0.600000,-0.600000,-0.600000,-0.600000,-0.600000,-0.600000,0.600000,-0.000000,0.597599,0.600000,-0.600000,-0.600000,0.600000,-0.600000,0.600000,-0.600000,0.600000,0.600000,0.600000,-0.600000,-0.600000,-0.600000,0.600000,0.600000,-0.600000,0.600000,-0.600000,-0.600000,-0.600000,-0.600000,-0.600000,0.600000,-0.600000,-0.600000,-0.600000,-0.600000,0.600000,-0.600000,0.611950,0.600000,-0.600000,-0.600000,-0.600000
366,-0.600000,0.600000,-0.600000,1.000000,-0.600000,1.000000,-1.000000,-0.600000,0.600000,-0.600000,-0.600000,0.600000,-0.600000,0.600000,-0.600000,-0.600000,0.600000,-0.600000,-0.600000,-0.651523,-0.604795,0.600000,-0.600000,-0.600000,-0.611950,-0.600000,-0.600000,-0.600000,0.600000,-0.600000,-0.600000,-0.600000,-0.600000,-0.600000,0.600000,-0.000000,0.597599,0.600000,-0.600000,-0.600000,0.600000,-0.600000,0.600000,-0.600000,0.600000,0.600000,0.600000,-0.600000,-0.600000,-0.600000,0.600000,0.600000,-0.600000,0.600000,-0.600000,-0.600000,-0.600000,-0.600000,-0.600000,0.600000,-0.600000,-0.600000,-0.600000,-0.600000,0.600000,-0.600000,0.611950,0.600000,-0.600000,-0.600000,-0.600000
367,-0.600000,0.600000,-0.600000,1.000000,-0.600000,1.000000,-1.000000,-0.600000,0.600000,-0.600000,-0.600000,0.600000,-0.600000,0.600000,-0.600000,-0.600000,0.600000,-0.600000,-0.600000,-0.651523,-0.604795,0.600000,-0.600000,-0.600000,-0.611950,-0.600000,-0.600000,-0.600000,0.600000,-0.600000,-0.600000,-0.600000,-0.600000,-0.600000,0.600000,-0.000000,0.597599,0.600000,-0.600000,-0.600000,0.600000,-0.600000,0.600000,-0.600000,0.600000,0.600000,0.600000,-0.600000,-0.600000,-0.600000,0.600000,0.600000,-0.600000,0.600000,-0.600000,-0.600000,-0.600000,-0.600000,-0.600000,0.600000,-0.600000,-0.600000,-0.600000,-0.600000,0.600000,-0.600000,0.611950,0.600000,-0.600000,-0.600000,-0.600000
368,-0.600000,0.600000,-0.600000,1.000000,-0.600000,1.000000,-1.000000,-0.600000,0.600000,-0.600000,-0.600000,0.600000,-0.600000,0.600000,-0.600000,-0.600000,0.600000,-0.600000,-0.600000,-0.651523,-0.604795,0.600000,-0.600000,-0.600000,-0.611950,-0.600000,-0.600000,-0.600000,0.600000,-0.600000,-0.600000,-0.600000,-0.600000,-0.600000,0.600000,-0.000000,0.597599,0.600000,-0.600000,-0.600000,0.600000,-0.600000,0.600000,-0.600000,0.600000,0.600000,0.600000,-0.600000,-0.600000,-0.600000,0.600000,0.600000,-0.600000,0.600000,-0.600000,-0.600000,-0.600000,-0.600000,-0.600000,0.600000,-0.600000,-0.600000,-0.600000,-0.600000,0.600000,-0.600000,0.611950,0.600000,-0.600000,-0.600000,-0.600000
369,-0.600000,0.600000,-0.600000,1.000000,-0.600000,1.000000,-1.000000,-0.600000,0.600000,-0.600000,-0.600000,0.600000,-0.600000,0.600000,-0.600000,-0.600000,0.600000,-0.600000,-0.600000,-0.651523,-0.604795,0.600000,-0.600000,-0.600000,-0.611950,-0.600000,-0.600000,-0.600000,0.600000,-0.600000,-0.600000,-0.600000,-0.600000,-0.600000,0.600000,-0.000000,0.597599,0.600000,-0.600000,-0.600000,0.600000,-0.600000,0.600000,-0.600000,0.600000,0.600000,0.600000,-0.600000,-0.600000,-0.600000,0.600000,0.600000,-0.600000,0.600000,-0.600000,-0.600000,-0.600000,-0.600000,-0.600000,0.600000,-0.600000,-0.600000,-0.600000,-0.600000,0.600000,-0.600000,0.611950,0.600000,-0.600000,-0.600000,-0.600000
370,-0.600000,0.600000,-0.600000,1.000000,-0.600000,1.000000,-1.000000,-0.600000,0.600000,-0.600000,-0.600000,0.600000,-0.600000,0.600000,-0.600000,-0.600000,0.600000,-0.600000,-0.600000,-0.651523,-0.604795,0.600000,-0.600000,-0.600000,-0.611950,-0.600000,-0.600000,-0.600000,0.600000,-0.600000,-0.600000,-0.600000,-0.600000,-0.600000,0.600000,-0.000000,0.597599,0.600000,-0.600000,-0.600000,0.600000,-0.600000,0.600000,-0.600000,0.600000,0.600000,0.600000,-0.600000,-0.600000,-0.600000,0.600000,0.600000,-0.600000,0.600000,-0.600000,-0.600000,-0.600000,-0.600000,-0.600000,0.600000,-0.600000,-0.600000,-0.600000,-0.600000,0.600000,-0.600000,0.611950,0.600000,-0.600000,-0.600000,-0.600000
371,-0.600000,0.600000,-0.600000,1.000000,-0.600000,1.000000,-1.000000,-0.600000,0.600000,-0.600000,-0.600000,0.600000,-0.600000,0.600000,-0.600000,-0.600000,0.600000,-0.600000,-0.600000,-0.651523,-0.604795,0.600000,-0.600000,-0.600000,-0.611950,-0.600000,-0.600000,-0.600000,0.600000,-0.600000,-0.600000,-0.600000,-0.600000,-0.600000,0.600000,-0.000000,0.597599,0.600000,-0.600000,-0.600000,0.600000,-0.600000,0.600000,-0.600000,0.600000,0.600000,0.600000,-0.600000,-0.600000,-0.600000,0.600000,0.600000,-0.600000,0.600000,-0.600000,-0.600000,-0.600000,-0.600000,-0.600000,0.600000,-0.600000,-0.600000,-0.600000,-0.600000,0.600000,-0.600000,0.611950,0.600000,-0.600000,-0.600000,-0.600000
372,-0.600000,0.600000,-0.600000,1.000000,-0.600000,1.000000,-1.000000,-0.600000,0.600000,-0.600000,-0.600000,0.600000,-0.600000,0.600000,-0.600000,-0.600000,0.600000,-0.600000,-0.600000,-0.651523,-0.604795,0.600000,-0.600000,-0.600000,-0.611950,-0.600000,-0.600000,-0.600000,0.600000,-0.600000,-0.600000,-0.600000,-0.600000,-0.600000,0.600000,-0.000000,0.597599,0.600000,-0.600000,-0.600000,0.600000,-0.600000,0.600000,-0.600000,0.600000,0.600000,0.600000,-0.600000,-0.600000,-0.600000,0.600000,0.600000,-0.600000,0.600000,-0.600000,-0.600000,-0.600000,-0.600000,-0.600000,0.600000,-0.600000,-0.600000,-0.600000,-0.600000,0.600000,-0.600000,0.611950,0.600000,-0.600000,-0.600000,-0.600000
373,-0.600000,0.600000,-0.600000,1.000000,-0.600000,1.000000,-1.000000,-0.600000,0.600000,-0.600000,-0.600000,0.600000,-0.600000,0.600000,-0.600000,-0.600000,0.600000,-0.600000,-0.600000,-0.651523,-0.604795,0.600000,-0.600000,-0.600000,-0.611950,-0.600000,-0.600000,-0.600000,0.600000,-0.600000,-0.600000,-0.600000,-0.600000,-0.600000,0.600000,-0.000000,0.597599,0.600000,-0.600000,-0.600000,0.600000,-0.600000,0.600000,-0.600000,0.600000,0.600000,0.600000,-0.600000,-0.600000,-0.600000,0.600000,0.600000,-0.600000,0.600000,-0.600000,-0.600000,-0.600000,-0.600000,-0.600000,0.600000,-0.600000,-0.600000,-0.600000,-0.600000,0.600000,-0.600000,0.611950,0.600000,-0.600000,-0.600000,-0.600000
374,-0.600000,0.600000,-0.600000,1.000000,-0.600000,1.000000,-1.000000,-0.600000,0.600000,-0.600000,-0.600000,0.600000,-0.600000,0.600000,-0.600000,-0.600000,0.600000,-0.600000,-0.600000,-0.651523,-0.604795,0.600000,-0.600000,-0.600000,-0.611950,-0.600000,-0.600000,-0.600000,0.600000,-0.600000,-0.600000,-0.600000,-0.600000,-0.600000,0.600000,-0.000000,0.597599,0.600000,-0.600000,-0.600000,0.600000,-0.600000,0.600000,-0.600000,0.600000,0.600000,0.600000,-0.600000,-0.600000,-0.600000,0.600000,0.600000,-0.600000,0.600000,-0.600000,-0.600000,-0.600000,-0.600000,-0.600000,0.600000,-0.600000,-0.600000,-0.600000,-0.600000,0.600000,-0.600000,0.611950,0.600000,-0.600000,-0.600000,-0.600000
375,-0.600000,0.600000,-0.600000,1.000000,-0.600000,1.000000,-1.000000,-0.600000,0.600000,-0.600000,-0.600000,0.600000,-0.600000,0.600000,-0.600000,-0.600000,0.600000,-0.600000,-0.600000,-0.651523,-0.604795,0.600000,-0.600000,-0.600000,-0.611950,-0.600000,-0.600000,-0.600000,0.600000,-0.600000,-0.600000,-0.600000,-0.600000,-0.600000,0.600000,-0.000000,0.597599,0.600000,-0.600000,-0.600000,0.600000,-0.600000,0.600000,-0.600000,0.600000,0.600000,0.600000,-0.600000,-0.600000,-0.600000,0.600000,0.600000,-0.600000,0.600000,-0.600000,-0.600000,-0.600000,-0.600000,-0.600000,0.600000,-0.600000,-0.600000,-0.600000,-0.600000,0.600000,-0.600000,0.611950,0.600000,-0.600000,-0.600000,-0.600000
376,-0.600000,0.600000,-0.600000,1.000000,-0.600000,1.000000,-1.000000,-0.600000,0.600000,-0.600000,-0.600000,0.600000,-0.600000,0.600000,-0.600000,-0.600000,0.600000,-0.600000,-0.600000,-0.651523,-0.604795,0.600000,-0.600000,-0.600000,-0.611950,-0.600000,-0.600000,-0.600000,0.600000,-0.600000,-0.600000,-0.600000,-0.600000,-0.600000,0.600000,-0.000000,0.597599,0.600000,-0.600000,-0.600000,0.600000,-0.600000,0.600000,-0.600000,0.600000,0.600000,0.600000,-0.600000,-0.600000,-0.600000,0.600000,0.600000,-0.600000,0.600000,-0.600000,-0.600000,-0.600000,-0.600000,-0.600000,0.600000,-0.600000,-0.600000,-0.600000,-0.600000,0.600000,-0.600000,0.611950,0.600000,-0.600000,-0.600000,-0.600000
377,-0.600000,0.600000,-0.600000,1.000000,-0.600000,1.000000,-1.000000,-0.600000,0.600000,-0.600000,-0.600000,0.600000,-0.600000,0.600000,-0.600000,-0.600000,0.600000,-0.600000,-0.600000,-0.651523,-0.604795,0.600000,-0.600000,-0.600000,-0.611950,-0.600000,-0.600000,-0.600000,0.600000,-0.600000,-0.600000,-0.600000,-0.600000,-0.600000,0.600000,-0.000000,0.597599,0.600000,-0.600000,-0.600000,0.600000,-0.600000,0.600000,-0.600000,0.600000,0.600000,0.600000,-0.600000,-0.600000,-0.600000,0.600000,0.600000,-0.600000,0.600000,-0.600000,-0.600000,-0.600000,-0.600000,-0.600000,0.600000,-0.600000,-0.600000,-0.600000,-0.600000,0.600000,-0.600000,0.611950,0.600000,-0.600000,-0.600000,-0.600000
378,-0.600000,0.600000,-0.600000,1.000000,-0.600000,1.000000,-1.000000,-0.600000,0.600000,-0.600000,-0.600000,0.600000,-0.600000,0.600000,-0.600000,-0.600000,0.600000,-0.600000,-0.600000,-0.651523,-0.604795,0.600000,-0.600000,-0.600000,-0.611950,-0.600000,-0.600000,-0.600000,0.600000,-0.600000,-0.600000,-0.600000,-0.600000,-0.600000,0.600000,-0.000000,0.597599,0.600000,-0.600000,-0.600000,0.600000,-0.600000,0.600000,-0.600000,0.600000,0.600000,0.600000,-0.600000,-0.600000,-0.600000,0.600000,0.600000,-0.600000,0.600000,-0.600000,-0.600000,-0.600000,-0.600000,-0.600000,0.600000,-0.600000,-0.600000,-0.600000,-0.600000,0.600000,-0.600000,0.611950,0.600000,-0.600000,-0.600000,-0.600000
379,-0.600000,0.600000,-0.600000,1.000000,-0.600000,1.000000,-1.000000,-0.600000,0.600000,-0.600000,-0.600000,0.600000,-0.600000,0.600000,-0.600000,-0.600000,0.600000,-0.600000,-0.600000,-0.651523,-0.604795,0.600000,-0.600000,-0.600000,-0.611950,-0.600000,-0.600000,-0.600000,0.600000,-0.600000,-0.600000,-0.600000,-0.600000,-0.600000,0.600000,-0.000000,0.597599,0.600000,-0.600000,-0.600000,0.600000,-0.600000,0.600000,-0.600000,0.600000,0.600000,0.600000,-0.600000,-0.600000,-0.600000,0.600000,0.600000,-0.600000,0.600000,-0.600000,-0.600000,-0.600000,-0.600000,-0.600000,0.600000,-0.600000,-0.600000,-0.600000,-0.600000,0.600000,-0.600000,0.611950,0.600000,-0.600000,-0.600000,-0.600000
380,-0.600000,0.600000,-0.600000,1.000000,-0.600000,1.000000,-1.000000,-0.600000,0.600000,-0.600000,-0.600000,0.600000,-0.600000,0.600000,-0.600000,-0.600000,0.600000,-0.600000,-0.600000,-0.651523,-0.604795,0.600000,-0.600000,-0.600000,-0.611950,-0.600000,-0.600000,-0.600000,0.600000,-0.600000,-0.600000,-0.600000,-0.600000,-0.600000,0.600000,-0.000000,0.597599,0.600000,-0.600000,-0.600000,0.600000,-0.600000,0.600000,-0.600000,0.600000,0.600000,0.600000,-0.600000,-0.600000,-0.600000,0.600000,0.600000,-0.600000,0.600000,-0.600000,-0.600000,-0.600000,-0.600000,-0.600000,0.600000,-0.600000,-0.600000,-0.600000,-0.600000,0.600000,-0.600000,0.611950,0.600000,-0.600000,-0.600000,-0.600000
381,-0.600000,0.600000,-0.600000,1.000000,-0.600000,1.000000,-1.000000,-0.600000,0.600000,-0.600000,-0.600000,0.600000,-0.600000,0.600000,-0.600000,-0.600000,0.600000,-0.600000,-0.600000,-0.651523,-0.604795,0.600000,-0.600000,-0.600000,-0.611950,-0.600000,-0.600000,-0.600000,0.600000,-0.600000,-0.600000,-0.600000,-0.600000,-0.600000,0.600000,-0.000000,0.597599,0.600000,-0.600000,-0.600000,0.600000,-0.600000,0.600000,-0.600000,0.600000,0.600000,0.600000,-0.600000,-0.600000,-0.600000,0.600000,0.600000,-0.600000,0.600000,-0.600000,-0.600000,-0.600000,-0.600000,-0.600000,0.600000,-0.600000,-0.600000,-0.600000,-0.600000,0.600000,-0.600000,0.611950,0.600000,-0.600000,-0.600000,-0.600000
382,-0.600000,0.600000,-0.600000,1.000000,-0.600000,1.000000,-1.000000,-0.600000,0.600000,-0.600000,-0.600000,0.600000,-0.600000,0.600000,-0.600000,-0.600000,0.600000,-0.600000,-0.600000,-0.651523,-0.604795,0.600000,-0.600000,-0.600000,-0.611950,-0.600000,-0.600000,-0.600000,0.600000,-0.600000,-0.600000,-0.600000,-0.600000,-0.600000,0.600000,-0.000000,0.597599,0.600000,-0.600000,-0.600000,0.600000,-0.600000,0.600000,-0.600000,0.600000,0.600000,0.600000,-0.600000,-0.600000,-0.600000,0.600000,0.600000,-0.600000,0.600000,-0.600000,-0.600000,-0.600000,-0.600000,-0.600000,0.600000,-0.600000,-0.600000,-0.600000,-0.600000,0.600000,-0.600000,0.611950,0.600000,-0.600000,-0.600000,-0.600000
383,-0.600000,0.600000,-0.600000,1.000000,-0.600000,1.000000,-1.000000,-0.600000,0.600000,-0.600000,-0.600000,0.600000,-0.600000,0.600000,-0.600000,-0.600000,0.600000,-0.600000,-0.600000,-0.651523,-0.604795,0.600000,-0.600000,-0.600000,-0.611950,-0.600000,-0.600000,-0.600000,0.600000,-0.600000,-0.600000,-0.600000,-0.600000,-0.600000,0.600000,-0.000000,0.597599,0.600000,-0.600000,-0.600000,0.600000,-0.600000,0.600000,-0.600000,0.600000,0.600000,0.600000,-0.600000,-0.600000,-0.600000,0.600000,0.600000,-0.600000,0.600000,-0.600000,-0.600000,-0.600000,-0.600000,-0.600000,0.600000,-0.600000,-0.600000,-0.600000,-0.600000,0.600000,-0.600000,0.611950,0.600000,-0.600000,-0.600000,-0.600000
384,-0.600000,0.600000,-0.600000,1.000000,-0.600000,1.000000,-1.000000,-0.600000,0.600000,-0.600000,-0.600000,0.600000,-0.600000,0.600000,-0.600000,-0.600000,0.600000,-0.600000,-0.600000,-0.651523,-0.604795,0.600000,-0.600000,-0.600000,-0.611950,-0.600000,-0.600000,-0.600000,0.600000,-0.600000,-0.600000,-0.600000,-0.600000,-0.600000,0.600000,-0.000000,0.597599,0.600000,-0.600000,-0.600000,0.600000,-0.600000,0.600000,-0.600000,0.600000,0.600000,0.600000,-0.600000,-0.600000,-0.600000,0.600000,0.600000,-0.600000,0.600000,-0.600000,-0.600000,-0.600000,-0.600000,-0.600000,0.600000,-0.600000,-0.600000,-0.600000,-0.600000,0.600000,-0.600000,0.611950,0.600000,-0.600000,-0.600000,-0.600000
385,-0.600000,0.600000,-0.600000,1.000000,-0.600000,1.000000,-1.000000,-0.600000,0.600000,-0.600000,-0.600000,0.600000,-0.600000,0.600000,-0.600000,-0.600000,0.600000,-0.600000,-0.600000,-0.651523,-0.604795,0.600000,-0.600000,-0.600000,-0.611950,-0.600000,-0.600000,-0.600000,0.600000,-0.600000,-0.600000,-0.600000,-0.600000,-0.600000,0.600000,-0.000000,0.597599,0.600000,-0.600000,-0.600000,0.600000,-0.600000,0.600000,-0.600000,0.600000,0.600000,0.600000,-0.600000,-0.600000,-0.600000,0.600000,0.600000,-0.600000,0.600000,-0.600000,-0.600000,-0.600000,-0.600000,-0.600000,0.600000,-0.600000,-0.600000,-0.600000,-0.600000,0.600000,-0.600000,0.611950,0.600000,-0.600000,-0.600000,-0.600000
386,-0.600000,0.600000,-0.600000,1.000000,-0.600000,1.000000,-1.000000,-0.600000,0.600000,-0.600000,-0.600000,0.600000,-0.600000,0.600000,-0.600000,-0.600000,0.600000,-0.600000,-0.600000,-0.651523,-0.604795,0.600000,-0.600000,-0.600000,-0.611950,-0.600000,-0.600000,-0.600000,0.600000,-0.600000,-0.600000,-0.600000,-0.600000,-0.600000,0.600000,-0.000000,0.597599,0.600000,-0.600000,-0.600000,0.600000,-0.600000,0.600000,-0.600000,0.600000,0.600000,0.600000,-0.600000,-0.600000,-0.600000,0.600000,0.600000,-0.600000,0.600000,-0.600000,-0.600000,-0.600000,-0.600000,-0.600000,0.600000,-0.600000,-0.600000,-0.600000,-0.600000,0.600000,-0.600000,0.611950,0.600000,-0.600000,-0.600000,-0.600000
387,-0.600000,0.600000,-0.600000,1.000000,-0.600000,1.000000,-1.000000,-0.600000,0.600000,-0.600000,-0.600000,0.600000,-0.600000,0.600000,-0.600000,-0.600000,0.600000,-0.600000,-0.600000,-0.651523,-0.604795,0.600000,-0.600000,-0.600000,-0.611950,-0.600000,-0.600000,-0.600000,0.600000,-0.600000,-0.600000,-0.600000,-0.600000,-0.600000,0.600000,-0.000000,0.597599,0.600000,-0.600000,-0.600000,0.600000,-0.600000,0.600000,-0.600000,0.600000,0.600000,0.600000,-0.600000,-0.600000,-0.600000,0.600000,0.600000,-0.600000,0.600000,-0.600000,-0.600000,-0.600000,-0.600000,-0.600000,0.600000,-0.600000,-0.600000,-0.600000,-0.600000,0.600000,-0.600000,0.611950,0.600000,-0.600000,-0.600000,-0.600000
388,-0.600000,0.600000,-0.600000,1.000000,-0.600000,1.000000,-1.000000,-0.600000,0.600000,-0.600000,-0.600000,0.600000,-0.600000,0.600000,-0.600000,-0.600000,0.600000,-0.600000,-0.600000,-0.651523,-0.604795,0.600000,-0.600000,-0.600000,-0.611950,-0.600000,-0.600000,-0.600000,0.600000,-0.600000,-0.600000,-0.600000,-0.600000,-0.600000,0.600000,-0.000000,0.597599,0.600000,-0.600000,-0.600000,0.600000,-0.600000,0.600000,-0.600000,0.600000,0.600000,0.600000,-0.600000,-0.600000,-0.600000,0.600000,0.600000,-0.600000,0.600000,-0.600000,-0.600000,-0.600000,-0.600000,-0.600000,0.600000,-0.600000,-0.600000,-0.600000,-0.600000,0.600000,-0.600000,0.611950,0.600000,-0.600000,-0.600000,-0.600000
389,-0.600000,0.600000,-0.600000,1.000000,-0.600000,1.000000,-1.000000,-0.600000,0.600000,-0.600000,-0.600000,0.600000,-0.600000,0.600000,-0.600000,-0.600000,0.600000,-0.600000,-0.600000,-0.651523,-0.604795,0.600000,-0.600000,-0.600000,-0.611950,-0.600000,-0.600000,-0.600000,0.600000,-0.600000,-0.600000,-0.600000,-0.600000,-0.600000,0.600000,-0.000000,0.597599,0.600000,-0.600000,-0.600000,0.600000,-0.600000,0.600000,-0.600000,0.600000,0.600000,0.600000,-0.600000,-0.600000,-0.600000,0.600000,0.600000,-0.600000,0.600000,-0.600000,-0.600000,-0.600000,-0.600000,-0.600000,0.600000,-0.600000,-0.600000,-0.600000,-0.600000,0.600000,-0.600000,0.611950,0.600000,-0.600000,-0.600000,-0.600000
390,-0.600000,0.600000,-0.600000,1.000000,-0.600000,1.000000,-1.000000,-0.600000,0.600000,-0.600000,-0.600000,0.600000,-0.600000,0.600000,-0.600000,-0.600000,0.600000,-0.600000,-0.600000,-0.651523,-0.604795,0.600000,-0.600000,-0.600000,-0.611950,-0.600000,-0.600000,-0.600000,0.600000,-0.600000,-0.600000,-0.600000,-0.600000,-0.600000,0.600000,-0.000000,0.597599,0.600000,-0.600000,-0.600000,0.600000,-0.600000,0.600000,-0.600000,0.600000,0.600000,0.600000,-0.600000,-0.600000,-0.600000,0.600000,0.600000,-0.600000,0.600000,-0.600000,-0.600000,-0.600000,-0.600000,-0.600000,0.600000,-0.600000,-0.600000,-0.600000,-0.600000,0.600000,-0.600000,0.611950,0.600000,-0.600000,-0.600000,-0.600000
391,-0.600000,0.600000,-0.600000,1.000000,-0.600000,1.000000,-1.000000,-0.600000,0.600000,-0.600000,-0.600000,0.600000,-0.600000,0.600000,-0.600000,-0.600000,0.600000,-0.600000,-0.600000,-0.651523,-0.604795,0.600000,-0.600000,-0.600000,-0.611950,-0.600000,-0.600000,-0.600000,0.600000,-0.600000,-0.600000,-0.600000,-0.600000,-0.600000,0.600000,-0.000000,0.597599,0.600000,-0.600000,-0.600000,0.600000,-0.600000,0.600000,-0.600000,0.600000,0.600000,0.600000,-0.600000,-0.600000,-0.600000,0.600000,0.600000,-0.600000,0.600000,-0.600000,-0.600000,-0.600000,-0.600000,-0.600000,0.600000,-0.600000,-0.600000,-0.600000,-0.600000,0.600000,-0.600000,0.611950,0.600000,-0.600000,-0.600000,-0.600000
392,-0.600000,0.600000,-0.600000,1.000000,-0.600000,1.000000,-1.000000,-0.600000,0.600000,-0.600000,-0.600000,0.600000,-0.600000,0.600000,-0.600000,-0.600000,0.600000,-0.600000,-0.600000,-0.651523,-0.604795,0.600000,-0.600000,-0.600000,-0.611950,-0.600000,-0.600000,-0.600000,0.600000,-0.600000,-0.600000,-0.600000,-0.600000,-0.600000,0.600000,-0.000000,0.597599,0.600000,-0.600000,-0.600000,0.600000,-0.600000,0.600000,-0.600000,0.600000,0.600000,0.600000,-0.600000,-0.600000,-0.600000,0.600000,0.600000,-0.600000,0.600000,-0.600000,-0.600000,-0.600000,-0.600000,-0.600000,0.600000,-0.600000,-0.600000,-0.600000,-0.600000,0.600000,-0.600000,0.611950,0.600000,-0.600000,-0.600000,-0.600000
393,-0.600000,0.600000,-0.600000,1.000000,-0.600000,1.000000,-1.000000,-0.600000,0.600000,-0.600000,-0.600000,0.600000,-0.600000,0.600000,-0.600000,-0.600000,0.600000,-0.600000,-0.600000,-0.651523,-0.604795,0.600000,-0.600000,-0.600000,-0.611950,-0.600000,-0.600000,-0.600000,0.600000,-0.600000,-0.600000,-0.600000,-0.600000,-0.600000,0.600000,-0.000000,0.597599,0.600000,-0.600000,-0.600000,0.600000,-0.600000,0.600000,-0.600000,0.600000,0.600000,0.600000,-0.600000,-0.600000,-0.600000,0.600000,0.600000,-0.600000,0.600000,-0.600000,-0.600000,-0.600000,-0.600000,-0.600000,0.600000,-0.600000,-0.600000,-0.600000,-0.600000,0.600000,-0.600000,0.611950,0.600000,-0.600000,-0.600000,-0.600000
394,-0.600000,0.600000,-0.600000,1.000000,-0.600000,1.000000,-1.000000,-0.600000,0.600000,-0.600000,-0.600000,0.600000,-0.600000,0.600000,-0.600000,-0.600000,0.600000,-0.600000,-0.600000,-0.651523,-0.604795,0.600000,-0.600000,-0.600000,-0.611950,-0.600000,-0.600000,-0.600000,0.600000,-0.600000,-0.600000,-0.600000,-0.600000,-0.600000,0.600000,-0.000000,0.597599,0.600000,-0.600000,-0.600000,0.600000,-0.600000,0.600000,-0.600000,0.600000,0.600000,0.600000,-0.600000,-0.600000,-0.600000,0.600000,0.600000,-0.600000,0.600000,-0.600000,-0.600000,-0.600000,-0.600000,-0.600000,0.600000,-0.600000,-0.600000,-0.600000,-0.600000,0.600000,-0.600000,0.611950,0.600000,-0.600000,-0.600000,-0.600000
395,-0.600000,0.600000,-0.600000,1.000000,-0.600000,1.000000,-1.000000,-0.600000,0.600000,-0.600000,-0.600000,0.600000,-0.600000,0.600000,-0.600000,-0.600000,0.600000,-0.600000,-0.600000,-0.651523,-0.604795,0.600000,-0.600000,-0.600000,-0.611950,-0.600000,-0.600000,-0.600000,0.600000,-0.600000,-0.600000,-0.600000,-0.600000,-0.600000,0.600000,-0.000000,0.597599,0.600000,-0.600000,-0.600000,0.600000,-0.600000,0.600000,-0.600000,0.600000,0.600000,0.600000,-0.600000,-0.600000,-0.600000,0.600000,0.600000,-0.600000,0.600000,-0.600000,-0.600000,-0.600000,-0.600000,-0.600000,0.600000,-0.600000,-0.600000,-0.600000,-0.600000,0.600000,-0.600000,0.611950,0.600000,-0.600000,-0.600000,-0.600000
396,-0.600000,0.600000,-0.600000,1.000000,-0.600000,1.000000,-1.000000,-0.600000,0.600000,-0.600000,-0.600000,0.600000,-0.600000,0.600000,-0.600000,-0.600000,0.600000,-0.600000,-0.600000,-0.651523,-0.604795,0.600000,-0.600000,-0.600000,-0.611950,-0.600000,-0.600000,-0.600000,0.600000,-0.600000,-0.600000,-0.600000,-0.600000,-0.600000,0.600000,-0.000000,0.597599,0.600000,-0.600000,-0.600000,0.600000,-0.600000,0.600000,-0.600000,0.600000,0.600000,0.600000,-0.600000,-0.600000,-0.600000,0.600000,0.600000,-0.600000,0.600000,-0.600000,-0.600000,-0.600000,-0.600000,-0.600000,0.600000,-0.600000,-0.600000,-0.600000,-0.600000,0.600000,-0.600000,0.611950,0.600000,-0.600000,-0.600000,-0.600000
397,-0.600000,0.600000,-0.600000,1.000000,-0.600000,1.000000,-1.000000,-0.600000,0.600000,-0.600000,-0.600000,0.600000,-0.600000,0.600000,-0.600000,-0.600000,0.600000,-0.600000,-0.600000,-0.651523,-0.604795,0.600000,-0.600000,-0.600000,-0.611950,-0.600000,-0.600000,-0.600000,0.600000,-0.600000,-0.600000,-0.600000,-0.600000,-0.600000,0.600000,-0.000000,0.597599,0.600000,-0.600000,-0.600000,0.600000,-0.600000,0.600000,-0.600000,0.600000,0.600000,0.600000,-0.600000,-0.600000,-0.600000,0.600000,0.600000,-0.600000,0.600000,-0.600000,-0.600000,-0.600000,-0.600000,-0.600000,0.600000,-0.600000,-0.600000,-0.600000,-0.600000,0.600000,-0.600000,0.611950,0.600000,-0.600000,-0.600000,-0.600000
398,-0.600000,0.600000,-0.600000,1.000000,-0.600000,1.000000,-1.000000,-0.600000,0.600000,-0.600000,-0.600000,0.600000,-0.600000,0.600000,-0.600000,-0.600000,0.600000,-0.600000,-0.600000,-0.651523,-0.604795,0.600000,-0.600000,-0.600000,-0.611950,-0.600000,-0.600000,-0.600000,0.600000,-0.600000,-0.600000,-0.600000,-0.600000,-0.600000,0.600000,-0.000000,0.597599,0.600000,-0.600000,-0.600000,0.600000,-0.600000,0.600000,-0.600000,0.600000,0.600000,0.600000,-0.600000,-0.600000,-0.600000,0.600000,0.600000,-0.600000,0.600000,-0.600000,-0.600000,-0.600000,-0.600000,-0.600000,0.600000,-0.600000,-0.600000,-0.600000,-0.600000,0.600000,-0.600000,0.611950,0.600000,-0.600000,-0.600000,-0.600000
399,-0.600000,0.600000,-0.600000,1.000000,-0.600000,1.000000,-1.000000,-0.600000,0.600000,-0.600000,-0.600000,0.600000,-0.600000,0.600000,-0.600000,-0.600000,0.600000,-0.600000,-0.600000,-0.651523,-0.604795,0.600000,-0.600000,-0.600000,-0.611950,-0.600000,-0.600000,-0.600000,0.600000,-0.600000,-0.600000,-0.600000,-0.600000,-0.600000,0.600000,-0.000000,0.597599,0.600000,-0.600000,-0.600000,0.600000,-0.600000,0.600000,-0.600000,0.600000,0.600000,0.600000,-0.600000,-0.600000,-0.600000,0.600000,0.600000,-0.600000,0.600000,-0.600000,-0.600000,-0.600000,-0.600000,-0.600000,0.600000,-0.600000,-0.600000,-0.600000,-0.600000,0.600000,-0.600000,0.611950,0.600000,-0.600000,-0.600000,-0.600000
400,-0.600000,0.600000,-0.600000,1.000000,-0.600000,1.000000,-1.000000,-0.600000,0.600000,-0.600000,-0.600000,0.600000,-0.600000,0.600000,-0.600000,-0.600000,0.600000,-0.600000,-0.600000,-0.651523,-0.604795,0.600000,-0.600000,-0.600000,-0.611950,-0.600000,-0.600000,-0.600000,0.600000,-0.600000,-0.600000,-0.600000,-0.600000,-0.600000,0.600000,-0.000000,0.597599,0.600000,-0.600000,-0.600000,0.600000,-0.600000,0.600000,-0.600000,0.600000,0.600000,0.600000,-0.600000,-0.600000,-0.600000,0.600000,0.600000,-0.600000,0.600000,-0.600000,-0.600000,-0.600000,-0.600000,-0.600000,0.600000,-0.600000,-0.600000,-0.600000,-0.600000,0.600000,-0.600000,0.611950,0.600000,-0.600000,-0.600000,-0.600000
401,-0.600000,0.600000,-0.600000,1.000000,-0.600000,1.000000,-1.000000,-0.600000,0.600000,-0.600000,-0.600000,0.600000,-0.600000,0.600000,-0.600000,-0.600000,0.600000,-0.600000,-0.600000,-0.651523,-0.604795,0.600000,-0.600000,-0.600000,-0.611950,-0.600000,-0.600000,-0.600000,0.600000,-0.600000,-0.600000,-0.600000,-0.600000,-0.600000,0.600000,-0.000000,0.597599,0.600000,-0.600000,-0.600000,0.600000,-0.600000,0.600000,-0.600000,0.600000,0.600000,0.600000,-0.600000,-0.600000,-0.600000,0.600000,0.600000,-0.600000,0.600000,-0.600000,-0.600000,-0.600000,-0.600000,-0.600000,0.600000,-0.600000,-0.600000,-0.600000,-0.600000,0.600000,-0.600000,0.611950,0.600000,-0.600000,-0.600000,-0.600000
402,-0.600000,0.600000,-0.600000,1.000000,-0.600000,1.000000,-1.000000,-0.600000,0.600000,-0.600000,-0.600000,0.600000,-0.600000,0.600000,-0.600000,-0.600000,0.600000,-0.600000,-0.600000,-0.651523,-0.604795,0.600000,-0.600000,-0.600000,-0.611950,-0.600000,-0.600000,-0.600000,0.600000,-0.600000,-0.600000,-0.600000,-0.600000,-0.600000,0.600000,-0.000000,0.597599,0.600000,-0.600000,-0.600000,0.600000,-0.600000,0.600000,-0.600000,0.600000,0.600000,0.600000,-0.600000,-0.600000,-0.600000,0.600000,0.600000,-0.600000,0.600000,-0.600000,-0.600000,-0.600000,-0.600000,-0.600000,0.600000,-0.600000,-0.600000,-0.600000,-0.600000,0.600000,-0.600000,0.611950,0.600000,-0.600000,-0.600000,-0.600000
403,-0.600000,0.600000,-0.600000,1.000000,-0.600000,1.000000,-1.000000,-0.600000,0.600000,-0.600000,-0.600000,0.600000,-0.600000,0.600000,-0.600000,-0.600000,0.600000,-0.600000,-0.600000,-0.651523,-0.604795,0.600000,-0.600000,-0.600000,-0.611950,-0.600000,-0.600000,-0.600000,0.600000,-0.600000,-0.600000,-0.600000,-0.600000,-0.600000,0.600000,-0.000000,0.597599,0.600000,-0.600000,-0.600000,0.600000,-0.600000,0.600000,-0.600000,0.600000,0.600000,0.600000,-0.600000,-0.600000,-0.600000,0.600000,0.600000,-0.600000,0.600000,-0.600000,-0.600000,-0.600000,-0.600000,-0.600000,0.600000,-0.600000,-0.600000,-0.600000,-0.600000,0.600000,-0.600000,0.611950,0.600000,-0.600000,-0.600000,-0.600000
404,-0.600000,0.600000,-0.600000,1.000000,-0.600000,1.000000,-1.000000,-0.600000,0.600000,-0.600000,-0.600000,0.600000,-0.600000,0.600000,-0.600000,-0.600000,0.600000,-0.600000,-0.600000,-0.651523,-0.604795,0.600000,-0.600000,-0.600000,-0.611950,-0.600000,-0.600000,-0.600000,0.600000,-0.600000,-0.600000,-0.600000,-0.600000,-0.600000,0.600000,-0.000000,0.597599,0.600000,-0.600000,-0.600000,0.600000,-0.600000,0.600000,-0.600000,0.600000,0.600000,0.600000,-0.600000,-0.600000,-0.600000,0.600000,0.600000,-0.600000,0.600000,-0.600000,-0.600000,-0.600000,-0.600000,-0.600000,0.600000,-0.600000,-0.600000,-0.600000,-0.600000,0.600000,-0.600000,0.611950,0.600000,-0.600000,-0.600000,-0.600000
405,-0.600000,0.600000,-0.600000,1.000000,-0.600000,1.000000,-1.000000,-0.600000,0.600000,-0.600000,-0.600000,0.600000,-0.600000,0.600000,-0.600000,-0.600000,0.600000,-0.600000,-0.600000,-0.651523,-0.604795,0.600000,-0.600000,-0.600000,-0.611950,-0.600000,-0.600000,-0.600000,0.600000,-0.600000,-0.600000,-0.600000,-0.600000,-0.600000,0.600000,-0.000000,0.597599,0.600000,-0.600000,-0.600000,0.600000,-0.600000,0.600000,-0.600000,0.600000,0.600000,0.600000,-0.600000,-0.600000,-0.600000,0.600000,0.600000,-0.600000,0.600000,-0.600000,-0.600000,-0.600000,-0.600000,-0.600000,0.600000,-0.600000,-0.600000,-0.600000,-0.600000,0.600000,-0.600000,0.611950,0.600000,-0.600000,-0.600000,-0.600000
406,-0.600000,0.600000,-0.600000,1.000000,-0.600000,1.000000,-1.000000,-0.600000,0.600000,-0.600000,-0.600000,0.600000,-0.600000,0.600000,-0.600000,-0.600000,0.600000,-0.600000,-0.600000,-0.651523,-0.604795,0.600000,-0.600000,-0.600000,-0.611950,-0.600000,-0.600000,-0.600000,0.600000,-0.600000,-0.600000,-0.600000,-0.600000,-0.600000,0.600000,-0.000000,0.597599,0.600000,-0.600000,-0.600000,0.600000,-0.600000,0.600000,-0.600000,0.600000,0.600000,0.600000,-0.600000,-0.600000,-0.600000,0.600000,0.600000,-0.600000,0.600000,-0.600000,-0.600000,-0.600000,-0.600000,-0.600000,0.600000,-0.600000,-0.600000,-0.600000,-0.600000,0.600000,-0.600000,0.611950,0.600000,-0.600000,-0.600000,-0.600000
407,-0.600000,0.600000,-0.600000,1.000000,-0.600000,1.000000,-1.000000,-0.600000,0.600000,-0.600000,-0.600000,0.600000,-0.600000,0.600000,-0.600000,-0.600000,0.600000,-0.600000,-0.600000,-0.651523,-0.604795,0.600000,-0.600000,-0.600000,-0.611950,-0.600000,-0.600000,-0.600000,0.600000,-0.600000,-0.600000,-0.600000,-0.600000,-0.600000,0.600000,-0.000000,0.597599,0.600000,-0.600000,-0.600000,0.600000,-0.600000,0.600000,-0.600000,0.600000,0.600000,0.600000,-0.600000,-0.600000,-0.600000,0.600000,0.600000,-0.600000,0.600000,-0.600000,-0.600000,-0.600000,-0.600000,-0.600000,0.600000,-0.600000,-0.600000,-0.600000,-0.600000,0.600000,-0.600000,0.611950,0.600000,-0.600000,-0.600000,-0.600000
408,-0.600000,0.600000,-0.600000,1.000000,-0.600000,1.000000,-1.000000,-0.600000,0.600000,-0.600000,-0.600000,0.600000,-0.600000,0.600000,-0.600000,-0.600000,0.600000,-0.600000,-0.600000,-0.651523,-0.604795,0.600000,-0.600000,-0.600000,-0.611950,-0.600000,-0.600000,-0.600000,0.600000,-0.600000,-0.600000,-0.600000,-0.600000,-0.600000,0.600000,-0.000000,0.597599,0.600000,-0.600000,-0.600000,0.600000,-0.600000,0.600000,-0.600000,0.600000,0.600000,0.600000,-0.600000,-0.600000,-0.600000,0.600000,0.600000,-0.600000,0.600000,-0.600000,-0.600000,-0.600000,-0.600000,-0.600000,0.600000,-0.600000,-0.600000,-0.600000,-0.600000,0.600000,-0.600000,0.611950,0.600000,-0.600000,-0.600000,-0.600000
409,-0.600000,0.600000,-0.600000,1.000000,-0.600000,1.000000,-1.000000,-0.600000,0.600000,-0.600000,-0.600000,0.600000,-0.600000,0.600000,-0.600000,-0.600000,0.600000,-0.600000,-0.600000,-0.651523,-0.604795,0.600000,-0.600000,-0.600000,-0.611950,-0.600000,-0.600000,-0.600000,0.600000,-0.600000,-0.600000,-0.600000,-0.600000,-0.600000,0.600000,-0.000000,0.597599,0.600000,-0.600000,-0.600000,0.600000,-0.600000,0.600000,-0.600000,0.600000,0.600000,0.600000,-0.600000,-0.600000,-0.600000,0.600000,0.600000,-0.600000,0.600000,-0.600000,-0.600000,-0.600000,-0.600000,-0.600000,0.600000,-0.600000,-0.600000,-0.600000,-0.600000,0.600000,-0.600000,0.611950,0.600000,-0.600000,-0.600000,-0.600000
410,-0.600000,0.600000,-0.600000,1.000000,-0.600000,1.000000,-1.000000,-0.600000,0.600000,-0.600000,-0.600000,0.600000,-0.600000,0.600000,-0.600000,-0.600000,0.600000,-0.600000,-0.600000,-0.651523,-0.604795,0.600000,-0.600000,-0.600000,-0.611950,-0.600000,-0.600000,-0.600000,0.600000,-0.600000,-0.600000,-0.600000,-0.600000,-0.600000,0.600000,-0.000000,0.597599,0.600000,-0.600000,-0.600000,0.600000,-0.600000,0.600000,-0.600000,0.600000,0.600000,0.600000,-0.600000,-0.600000,-0.600000,0.600000,0.600000,-0.600000,0.600000,-0.600000,-0.600000,-0.600000,-0.600000,-0.600000,0.600000,-0.600000,-0.600000,-0.600000,-0.600000,0.600000,-0.600000,0.611950,0.600000,-0.600000,-0.600000,-0.600000
411,-0.600000,0.600000,-0.600000,1.000000,-0.600000,1.000000,-1.000000,-0.600000,0.600000,-0.600000,-0.600000,0.600000,-0.600000,0.600000,-0.600000,-0.600000,0.600000,-0.600000,-0.600000,-0.651523,-0.604795,0.600000,-0.600000,-0.600000,-0.611950,-0.600000,-0.600000,-0.600000,0.600000,-0.600000,-0.600000,-0.600000,-0.600000,-0.600000,0.600000,-0.000000,0.597599,0.600000,-0.600000,-0.600000,0.600000,-0.600000,0.600000,-0.600000,0.600000,0.600000,0.600000,-0.600000,-0.600000,-0.600000,0.600000,0.600000,-0.600000,0.600000,-0.600000,-0.600000,-0.600000,-0.600000,-0.600000,0.600000,-0.600000,-0.600000,-0.600000,-0.600000,0.600000,-0.600000,0.611950,0.600000,-0.600000,-0.600000,-0.600000
412,-0.600000,0.600000,-0.600000,1.000000,-0.600000,1.000000,-1.000000,-0.600000,0.600000,-0.600000,-0.600000,0.600000,-0.600000,0.600000,-0.600000,-0.600000,0.600000,-0.600000,-0.600000,-0.651523,-0.604795,0.600000,-0.600000,-0.600000,-0.611950,-0.600000,-0.600000,-0.600000,0.600000,-0.600000,-0.600000,-0.600000,-0.600000,-0.600000,0.600000,-0.000000,0.597599,0.600000,-0.600000,-0.600000,0.600000,-0.600000,0.600000,-0.600000,0.600000,0.600000,0.600000,-0.600000,-0.600000,-0.600000,0.600000,0.600000,-0.600000,0.600000,-0.600000,-0.600000,-0.600000,-0.600000,-0.600000,0.600000,-0.600000,-0.600000,-0.600000,-0.600000,0.600000,-0.600000,0.611950,0.600000,-0.600000,-0.600000,-0.600000
413,-0.600000,0.600000,-0.600000,1.000000,-0.600000,1.000000,-1.000000,-0.600000,0.600000,-0.600000,-0.600000,0.600000,-0.600000,0.600000,-0.600000,-0.600000,0.600000,-0.600000,-0.600000,-0.651523,-0.604795,0.600000,-0.600000,-0.600000,-0.611950,-0.600000,-0.600000,-0.600000,0.600000,-0.600000,-0.600000,-0.600000,-0.600000,-0.600000,0.600000,-0.000000,0.597599,0.600000,-0.600000,-0.600000,0.600000,-0.600000,0.600000,-0.600000,0.600000,0.600000,0.600000,-0.600000,-0.600000,-0.600000,0.600000,0.600000,-0.600000,0.600000,-0.600000,-0.600000,-0.600000,-0.600000,-0.600000,0.600000,-0.600000,-0.600000,-0.600000,-0.600000,0.600000,-0.600000,0.611950,0.600000,-0.600000,-0.600000,-0.600000
414,-0.600000,0.600000,-0.600000,1.000000,-0.600000,1.000000,-1.000000,-0.600000,0.600000,-0.600000,-0.600000,0.600000,-0.600000,0.600000,-0.600000,-0.600000,0.600000,-0.600000,-0.600000,-0.651523,-0.604795,0.600000,-0.600000,-0.600000,-0.611950,-0.600000,-0.600000,-0.600000,0.600000,-0.600000,-0.600000,-0.600000,-0.600000,-0.600000,0.600000,-0.000000,0.597599,0.600000,-0.600000,-0.600000,0.600000,-0.600000,0.600000,-0.600000,0.600000,0.600000,0.600000,-0.600000,-0.600000,-0.600000,0.600000,0.600000,-0.600000,0.600000,-0.600000,-0.600000,-0.600000,-0.600000,-0.600000,0.600000,-0.600000,-0.600000,-0.600000,-0.600000,0.600000,-0.600000,0.611950,0.600000,-0.600000,-0.600000,-0.600000
415,-0.600000,0.600000,-0.600000,1.000000,-0.600000,1.000000,-1.000000,-0.600000,0.600000,-0.600000,-0.600000,0.600000,-0.600000,0.600000,-0.600000,-0.600000,0.600000,-0.600000,-0.600000,-0.651523,-0.604795,0.600000,-0.600000,-0.600000,-0.611950,-0.600000,-0.600000,-0.600000,0.600000,-0.600000,-0.600000,-0.600000,-0.600000,-0.600000,0.600000,-0.000000,0.597599,0.600000,-0.600000,-0.600000,0.600000,-0.600000,0.600000,-0.600000,0.600000,0.600000,0.600000,-0.600000,-0.600000,-0.600000,0.600000,0.600000,-0.600000,0.600000,-0.600000,-0.600000,-0.600000,-0.600000,-0.600000,0.600000,-0.600000,-0.600000,-0.600000,-0.600000,0.600000,-0.600000,0.611950,0.600000,-0.600000,-0.600000,-0.600000
416,-0.600000,0.600000,-0.600000,1.000000,-0.600000,1.000000,-1.000000,-0.600000,0.600000,-0.600000,-0.600000,0.600000,-0.600000,0.600000,-0.600000,-0.600000,0.600000,-0.600000,-0.600000,-0.651523,-0.604795,0.600000,-0.600000,-0.600000,-0.611950,-0.600000,-0.600000,-0.600000,0.600000,-0.600000,-0.600000,-0.600000,-0.600000,-0.600000,0.600000,-0.000000,0.597599,0.600000,-0.600000,-0.600000,0.600000,-0.600000,0.600000,-0.600000,0.600000,0.600000,0.600000,-0.600000,-0.600000,-0.600000,0.600000,0.600000,-0.600000,0.600000,-0.600000,-0.600000,-0.600000,-0.600000,-0.600000,0.600000,-0.600000,-0.600000,-0.600000,-0.600000,0.600000,-0.600000,0.611950,0.600000,-0.600000,-0.600000,-0.600000
417,-0.600000,0.600000,-0.600000,1.000000,-0.600000,1.000000,-1.000000,-0.600000,0.600000,-0.600000,-0.600000,0.600000,-0.600000,0.600000,-0.600000,-0.600000,0.600000,-0.600000,-0.600000,-0.651523,-0.604795,0.600000,-0.600000,-0.600000,-0.611950,-0.600000,-0.600000,-0.600000,0.600000,-0.600000,-0.600000,-0.600000,-0.600000,-0.600000,0.600000,-0.000000,0.597599,0.600000,-0.600000,-0.600000,0.600000,-0.600000,0.600000,-0.600000,0.600000,0.600000,0.600000,-0.600000,-0.600000,-0.600000,0.600000,0.600000,-0.600000,0.600000,-0.600000,-0.600000,-0.600000,-0.600000,-0.600000,0.600000,-0.600000,-0.600000,-0.600000,-0.600000,0.600000,-0.600000,0.611950,0.600000,-0.600000,-0.600000,-0.600000
418,-0.600000,0.600000,-0.600000,1.000000,-0.600000,1.000000,-1.000000,-0.600000,0.600000,-0.600000,-0.600000,0.600000,-0.600000,0.600000,-0.600000,-0.600000,0.600000,-0.600000,-0.600000,-0.651523,-0.604795,0.600000,-0.600000,-0.600000,-0.611950,-0.600000,-0.600000,-0.600000,0.600000,-0.600000,-0.600000,-0.600000,-0.600000,-0.600000,0.600000,-0.000000,0.597599,0.600000,-0.600000,-0.600000,0.600000,-0.600000,0.600000,-0.600000,0.600000,0.600000,0.600000,-0.600000,-0.600000,-0.600000,0.600000,0.600000,-0.600000,0.600000,-0.600000,-0.600000,-0.600000,-0.600000,-0.600000,0.600000,-0.600000,-0.600000,-0.600000,-0.600000,0.600000,-0.600000,0.611950,0.600000,-0.600000,-0.600000,-0.600000
419,-0.600000,0.600000,-0.600000,1.000000,-0.600000,1.000000,-1.000000,-0.600000,0.600000,-0.600000,-0.600000,0.600000,-0.600000,0.600000,-0.600000,-0.600000,0.600000,-0.600000,-0.600000,-0.651523,-0.604795,0.600000,-0.600000,-0.600000,-0.611950,-0.600000,-0.600000,-0.600000,0.600000,-0.600000,-0.600000,-0.600000,-0.600000,-0.600000,0.600000,-0.000000,0.597599,0.600000,-0.600000,-0.600000,0.600000,-0.600000,0.600000,-0.600000,0.600000,0.600000,0.600000,-0.600000,-0.600000,-0.600000,0.600000,0.600000,-0.600000,0.600000,-0.600000,-0.600000,-0.600000,-0.600000,-0.600000,0.600000,-0.600000,-0.600000,-0.600000,-0.600000,0.600000,-0.600000,0.611950,0.600000,-0.600000,-0.600000,-0.600000
420,-0.600000,0.600000,-0.600000,1.000000,-0.600000,1.000000,-1.000000,-0.600000,0.600000,-0.600000,-0.600000,0.600000,-0.600000,0.600000,-0.600000,-0.600000,0.600000,-0.600000,-0.600000,-0.651523,-0.604795,0.600000,-0.600000,-0.600000,-0.611950,-0.600000,-0.600000,-0.600000,0.600000,-0.600000,-0.600000,-0.600000,-0.600000,-0.600000,0.600000,-0.000000,0.597599,0.600000,-0.600000,-0.600000,0.600000,-0.600000,0.600000,-0.600000,0.600000,0.600000,0.600000,-0.600000,-0.600000,-0.600000,0.600000,0.600000,-0.600000,0.600000,-0.600000,-0.600000,-0.600000,-0.600000,-0.600000,0.600000,-0.600000,-0.600000,-0.600000,-0.600000,0.600000,-0.600000,0.611950,0.600000,-0.600000,-0.600000,-0.600000
421,-0.600000,0.600000,-0.600000,1.000000,-0.600000,1.000000,-1.000000,-0.600000,0.600000,-0.600000,-0.600000,0.600000,-0.600000,0.600000,-0.600000,-0.600000,0.600000,-0.600000,-0.600000,-0.651523,-0.604795,0.600000,-0.600000,-0.600000,-0.611950,-0.600000,-0.600000,-0.600000,0.600000,-0.600000,-0.600000,-0.600000,-0.600000,-0.600000,0.600000,-0.000000,0.597599,0.600000,-0.600000,-0.600000,0.600000,-0.600000,0.600000,-0.600000,0.600000,0.600000,0.600000,-0.600000,-0.600000,-0.600000,0.600000,0.600000,-0.600000,0.600000,-0.600000,-0.600000,-0.600000,-0.600000,-0.600000,0.600000,-0.600000,-0.600000,-0.600000,-0.600000,0.600000,-0.600000,0.611950,0.600000,-0.600000,-0.600000,-0.600000
422,-0.600000,0.600000,-0.600000,1.000000,-0.600000,1.000000,-1.000000,-0.600000,0.600000,-0.600000,-0.600000,0.600000,-0.600000,0.600000,-0.600000,-0.600000,0.600000,-0.600000,-0.600000,-0.651523,-0.604795,0.600000,-0.600000,-0.600000,-0.611950,-0.600000,-0.600000,-0.600000,0.600000,-0.600000,-0.600000,-0.600000,-0.600000,-0.600000,0.600000,-0.000000,0.597599,0.600000,-0.600000,-0.600000,0.600000,-0.600000,0.600000,-0.600000,0.600000,0.600000,0.600000,-0.600000,-0.600000,-0.600000,0.600000,0.600000,-0.600000,0.600000,-0.600000,-0.600000,-0.600000,-0.600000,-0.600000,0.600000,-0.600000,-0.600000,-0.600000,-0.600000,0.600000,-0.600000,0.611950,0.600000,-0.600000,-0.600000,-0.600000
423,-0.600000,0.600000,-0.600000,1.000000,-0.600000,1.000000,-1.000000,-0.600000,0.600000,-0.600000,-0.600000,0.600000,-0.600000,0.600000,-0.600000,-0.600000,0.600000,-0.600000,-0.600000,-0.651523,-0.604795,0.600000,-0.600000,-0.600000,-0.611950,-0.600000,-0.600000,-0.600000,0.600000,-0.600000,-0.600000,-0.600000,-0.600000,-0.600000,0.600000,-0.000000,0.597599,0.600000,-0.600000,-0.600000,0.600000,-0.600000,0.600000,-0.600000,0.600000,0.600000,0.600000,-0.600000,-0.600000,-0.600000,0.600000,0.600000,-0.600000,0.600000,-0.600000,-0.600000,-0.600000,-0.600000,-0.600000,0.600000,-0.600000,-0.600000,-0.600000,-0.600000,0.600000,-0.600000,0.611950,0.600000,-0.600000,-0.600000,-0.600000
424,-0.600000,0.600000,-0.600000,1.000000,-0.600000,1.000000,-1.000000,-0.600000,0.600000,-0.600000,-0.600000,0.600000,-0.600000,0.600000,-0.600000,-0.600000,0.600000,-0.600000,-0.600000,-0.651523,-0.604795,0.600000,-0.600000,-0.600000,-0.611950,-0.600000,-0.600000,-0.600000,0.600000,-0.600000,-0.600000,-0.600000,-0.600000,-0.600000,0.600000,-0.000000,0.597599,0.600000,-0.600000,-0.600000,0.600000,-0.600000,0.600000,-0.600000,0.600000,0.600000,0.600000,-0.600000,-0.600000,-0.600000,0.600000,0.600000,-0.600000,0.600000,-0.600000,-0.600000,-0.600000,-0.600000,-0.600000,0.600000,-0.600000,-0.600000,-0.600000,-0.600000,0.600000,-0.600000,0.611950,0.600000,-0.600000,-0.600000,-0.600000
425,-0.600000,0.600000,-0.600000,1.000000,-0.600000,1.000000,-1.000000,-0.600000,0.600000,-0.600000,-0.600000,0.600000,-0.600000,0.600000,-0.600000,-0.600000,0.600000,-0.600000,-0.600000,-0.651523,-0.604795,0.600000,-0.600000,-0.600000,-0.611950,-0.600000,-0.600000,-0.600000,0.600000,-0.600000,-0.600000,-0.600000,-0.600000,-0.600000,0.600000,-0.000000,0.597599,0.600000,-0.600000,-0.600000,0.600000,-0.600000,0.600000,-0.600000,0.600000,0.600000,0.600000,-0.600000,-0.600000,-0.600000,0.600000,0.600000,-0.600000,0.600000,-0.600000,-0.600000,-0.600000,-0.600000,-0.600000,0.600000,-0.600000,-0.600000,-0.600000,-0.600000,0.600000,-0.600000,0.611950,0.600000,-0.600000,-0.600000,-0.600000
426,-0.600000,0.600000,-0.600000,1.000000,-0.600000,1.000000,-1.000000,-0.600000,0.600000,-0.600000,-0.600000,0.600000,-0.600000,0.600000,-0.600000,-0.600000,0.600000,-0.600000,-0.600000,-0.651523,-0.604795,0.600000,-0.600000,-0.600000,-0.611950,-0.600000,-0.600000,-0.600000,0.600000,-0.600000,-0.600000,-0.600000,-0.600000,-0.600000,0.600000,-0.000000,0.597599,0.600000,-0.600000,-0.600000,0.600000,-0.600000,0.600000,-0.600000,0.600000,0.600000,0.600000,-0.600000,-0.600000,-0.600000,0.600000,0.600000,-0.600000,0.600000,-0.600000,-0.600000,-0.600000,-0.600000,-0.600000,0.600000,-0.600000,-0.600000,-0.600000,-0.600000,0.600000,-0.600000,0.611950,0.600000,-0.600000,-0.600000,-0.600000
427,-0.600000,0.600000,-0.600000,1.000000,-0.600000,1.000000,-1.000000,-0.600000,0.600000,-0.600000,-0.600000,0.600000,-0.600000,0.600000,-0.600000,-0.600000,0.600000,-0.600000,-0.600000,-0.651523,-0.604795,0.600000,-0.600000,-0.600000,-0.611950,-0.600000,-0.600000,-0.600000,0.600000,-0.600000,-0.600000,-0.600000,-0.600000,-0.600000,0.600000,-0.000000,0.597599,0.600000,-0.600000,-0.600000,0.600000,-0.600000,0.600000,-0.600000,0.600000,0.600000,0.600000,-0.600000,-0.600000,-0.600000,0.600000,0.600000,-0.600000,0.600000,-0.600000,-0.600000,-0.600000,-0.600000,-0.600000,0.600000,-0.600000,-0.600000,-0.600000,-0.600000,0.600000,-0.600000,0.611950,0.600000,-0.600000,-0.600000,-0.600000
428,-0.600000,0.600000,-0.600000,1.000000,-0.600000,1.000000,-1.000000,-0.600000,0.600000,-0.600000,-0.600000,0.600000,-0.600000,0.600000,-0.600000,-0.600000,0.600000,-0.600000,-0.600000,-0.651523,-0.604795,0.600000,-0.600000,-0.600000,-0.611950,-0.600000,-0.600000,-0.600000,0.600000,-0.600000,-0.600000,-0.600000,-0.600000,-0.600000,0.600000,-0.000000,0.597599,0.600000,-0.600000,-0.600000,0.600000,-0.600000,0.600000,-0.600000,0.600000,0.600000,0.600000,-0.600000,-0.600000,-0.600000,0.600000,0.600000,-0.600000,0.600000,-0.600000,-0.600000,-0.600000,-0.600000,-0.600000,0.600000,-0.600000,-0.600000,-0.600000,-0.600000,0.600000,-0.600000,0.611950,0.600000,-0.600000,-0.600000,-0.600000
429,-0.600000,0.600000,-0.600000,1.000000,-0.600000,1.000000,-1.000000,-0.600000,0.600000,-0.600000,-0.600000,0.600000,-0.600000,0.600000,-0.600000,-0.600000,0.600000,-0.600000,-0.600000,-0.651523,-0.604795,0.600000,-0.600000,-0.600000,-0.611950,-0.600000,-0.600000,-0.600000,0.600000,-0.600000,-0.600000,-0.600000,-0.600000,-0.600000,0.600000,-0.000000,0.597599,0.600000,-0.600000,-0.600000,0.600000,-0.600000,0.600000,-0.600000,0.600000,0.600000,0.600000,-0.600000,-0.600000,-0.600000,0.600000,0.600000,-0.600000,0.600000,-0.600000,-0.600000,-0.600000,-0.600000,-0.600000,0.600000,-0.600000,-0.600000,-0.600000,-0.600000,0.600000,-0.600000,0.611950,0.600000,-0.600000,-0.600000,-0.600000
430,-0.600000,0.600000,-0.600000,1.000000,-0.600000,1.000000,-1.000000,-0.600000,0.600000,-0.600000,-0.600000,0.600000,-0.600000,0.600000,-0.600000,-0.600000,0.600000,-0.600000,-0.600000,-0.651523,-0.604795,0.600000,-0.600000,-0.600000,-0.611950,-0.600000,-0.600000,-0.600000,0.600000,-0.600000,-0.600000,-0.600000,-0.600000,-0.600000,0.600000,-0.000000,0.597599,0.600000,-0.600000,-0.600000,0.600000,-0.600000,0.600000,-0.600000,0.600000,0.600000,0.600000,-0.600000,-0.600000,-0.600000,0.600000,0.600000,-0.600000,0.600000,-0.600000,-0.600000,-0.600000,-0.600000,-0.600000,0.600000,-0.600000,-0.600000,-0.600000,-0.600000,0.600000,-0.600000,0.611950,0.600000,-0.600000,-0.600000,-0.600000
431,-0.600000,0.600000,-0.600000,1.000000,-0.600000,1.000000,-1.000000,-0.600000,0.600000,-0.600000,-0.600000,0.600000,-0.600000,0.600000,-0.600000,-0.600000,0.600000,-0.600000,-0.600000,-0.651523,-0.604795,0.600000,-0.600000,-0.600000,-0.611950,-0.600000,-0.600000,-0.600000,0.600000,-0.600000,-0.600000,-0.600000,-0.600000,-0.600000,0.600000,-0.000000,0.597599,0.600000,-0.600000,-0.600000,0.600000,-0.600000,0.600000,-0.600000,0.600000,0.600000,0.600000,-0.600000,-0.600000,-0.600000,0.600000,0.600000,-0.600000,0.600000,-0.600000,-0.600000,-0.600000,-0.600000,-0.600000,0.600000,-0.600000,-0.600000,-0.600000,-0.600000,0.600000,-0.600000,0.611950,0.600000,-0.600000,-0.600000,-0.600000
432,-0.600000,0.600000,-0.600000,1.000000,-0.600000,1.000000,-1.000000,-0.600000,0.600000,-0.600000,-0.600000,0.600000,-0.600000,0.600000,-0.600000,-0.600000,0.600000,-0.600000,-0.600000,-0.651523,-0.604795,0.600000,-0.600000,-0.600000,-0.611950,-0.600000,-0.600000,-0.600000,0.600000,-0.600000,-0.600000,-0.600000,-0.600000,-0.600000,0.600000,-0.000000,0.597599,0.600000,-0.600000,-0.600000,0.600000,-0.600000,0.600000,-0.600000,0.600000,0.600000,0.600000,-0.600000,-0.600000,-0.600000,0.600000,0.600000,-0.600000,0.600000,-0.600000,-0.600000,-0.600000,-0.600000,-0.600000,0.600000,-0.600000,-0.600000,-0.600000,-0.600000,0.600000,-0.600000,0.611950,0.600000,-0.600000,-0.600000,-0.600000
433,-0.600000,0.600000,-0.600000,1.000000,-0.600000,1.000000,-1.000000,-0.600000,0.600000,-0.600000,-0.600000,0.600000,-0.600000,0.600000,-0.600000,-0.600000,0.600000,-0.600000,-0.600000,-0.651523,-0.604795,0.600000,-0.600000,-0.600000,-0.611950,-0.600000,-0.600000,-0.600000,0.600000,-0.600000,-0.600000,-0.600000,-0.600000,-0.600000,0.600000,-0.000000,0.597599,0.600000,-0.600000,-0.600000,0.600000,-0.600000,0.600000,-0.600000,0.600000,0.600000,0.600000,-0.600000,-0.600000,-0.600000,0.600000,0.600000,-0.600000,0.600000,-0.600000,-0.600000,-0.600000,-0.600000,-0.600000,0.600000,-0.600000,-0.600000,-0.600000,-0.600000,0.600000,-0.600000,0.611950,0.600000,-0.600000,-0.600000,-0.600000
434,-0.600000,0.600000,-0.600000,1.000000,-0.600000,1.000000,-1.000000,-0.600000,0.600000,-0.600000,-0.600000,0.600000,-0.600000,0.600000,-0.600000,-0.600000,0.600000,-0.600000,-0.600000,-0.651523,-0.604795,0.600000,-0.600000,-0.600000,-0.611950,-0.600000,-0.600000,-0.600000,0.600000,-0.600000,-0.600000,-0.600000,-0.600000,-0.600000,0.600000,-0.000000,0.597599,0.600000,-0.600000,-0.600000,0.600000,-0.600000,0.600000,-0.600000,0.600000,0.600000,0.600000,-0.600000,-0.600000,-0.600000,0.600000,0.600000,-0.600000,0.600000,-0.600000,-0.600000,-0.600000,-0.600000,-0.600000,0.600000,-0.600000,-0.600000,-0.600000,-0.600000,0.600000,-0.600000,0.611950,0.600000,-0.600000,-0.600000,-0.600000
435,-0.600000,0.600000,-0.600000,1.000000,-0.600000,1.000000,-1.000000,-0.600000,0.600000,-0.600000,-0.600000,0.600000,-0.600000,0.600000,-0.600000,-0.600000,0.600000,-0.600000,-0.600000,-0.651523,-0.604795,0.600000,-0.600000,-0.600000,-0.611950,-0.600000,-0.600000,-0.600000,0.600000,-0.600000,-0.600000,-0.600000,-0.600000,-0.600000,0.600000,-0.000000,0.597599,0.600000,-0.600000,-0.600000,0.600000,-0.600000,0.600000,-0.600000,0.600000,0.600000,0.600000,-0.600000,-0.600000,-0.600000,0.600000,0.600000,-0.600000,0.600000,-0.600000,-0.600000,-0.600000,-0.600000,-0.600000,0.600000,-0.600000,-0.600000,-0.600000,-0.600000,0.600000,-0.600000,0.611950,0.600000,-0.600000,-0.600000,-0.600000
436,-0.600000,0.600000,-0.600000,1.000000,-0.600000,1.000000,-1.000000,-0.600000,0.600000,-0.600000,-0.600000,0.600000,-0.600000,0.600000,-0.600000,-0.600000,0.600000,-0.600000,-0.600000,-0.651523,-0.604795,0.600000,-0.600000,-0.600000,-0.611950,-0.600000,-0.600000,-0.600000,0.600000,-0.600000,-0.600000,-0.600000,-0.600000,-0.600000,0.600000,-0.000000,0.597599,0.600000,-0.600000,-0.600000,0.600000,-0.600000,0.600000,-0.600000,0.600000,0.600000,0.600000,-0.600000,-0.600000,-0.600000,0.600000,0.600000,-0.600000,0.600000,-0.600000,-0.600000,-0.600000,-0.600000,-0.600000,0.600000,-0.600000,-0.600000,-0.600000,-0.600000,0.600000,-0.600000,0.611950,0.600000,-0.600000,-0.600000,-0.600000
437,-0.600000,0.600000,-0.600000,1.000000,-0.600000,1.000000,-1.000000,-0.600000,0.600000,-0.600000,-0.600000,0.600000,-0.600000,0.600000,-0.600000,-0.600000,0.600000,-0.600000,-0.600000,-0.651523,-0.604795,0.600000,-0.600000,-0.600000,-0.611950,-0.600000,-0.600000,-0.600000,0.600000,-0.600000,-0.600000,-0.600000,-0.600000,-0.600000,0.600000,-0.000000,0.597599,0.600000,-0.600000,-0.600000,0.600000,-0.600000,0.600000,-0.600000,0.600000,0.600000,0.600000,-0.600000,-0.600000,-0.600000,0.600000,0.600000,-0.600000,0.600000,-0.600000,-0.600000,-0.600000,-0.600000,-0.600000,0.600000,-0.600000,-0.600000,-0.600000,-0.600000,0.600000,-0.600000,0.611950,0.600000,-0.600000,-0.600000,-0.600000
438,-0.600000,0.600000,-0.600000,1.000000,-0.600000,1.000000,-1.000000,-0.600000,0.600000,-0.600000,-0.600000,0.600000,-0.600000,0.600000,-0.600000,-0.600000,0.600000,-0.600000,-0.600000,-0.651523,-0.604795,0.600000,-0.600000,-0.600000,-0.611950,-0.600000,-0.600000,-0.600000,0.600000,-0.600000,-0.600000,-0.600000,-0.600000,-0.600000,0.600000,-0.000000,0.597599,0.600000,-0.600000,-0.600000,0.600000,-0.600000,0.600000,-0.600000,0.600000,0.600000,0.600000,-0.600000,-0.600000,-0.600000,0.600000,0.600000,-0.600000,0.600000,-0.600000,-0.600000,-0.600000,-0.600000,-0.600000,0.600000,-0.600000,-0.600000,-0.600000,-0.600000,0.600000,-0.600000,0.611950,0.600000,-0.600000,-0.600000,-0.600000
439,-0.600000,0.600000,-0.600000,1.000000,-0.600000,1.000000,-1.000000,-0.600000,0.600000,-0.600000,-0.600000,0.600000,-0.600000,0.600000,-0.600000,-0.600000,0.600000,-0.600000,-0.600000,-0.651523,-0.604795,0.600000,-0.600000,-0.600000,-0.611950,-0.600000,-0.600000,-0.600000,0.600000,-0.600000,-0.600000,-0.600000,-0.600000,-0.600000,0.600000,-0.000000,0.597599,0.600000,-0.600000,-0.600000,0.600000,-0.600000,0.600000,-0.600000,0.600000,0.600000,0.600000,-0.600000,-0.600000,-0.600000,0.600000,0.600000,-0.600000,0.600000,-0.600000,-0.600000,-0.600000,-0.600000,-0.600000,0.600000,-0.600000,-0.600000,-0.600000,-0.600000,0.600000,-0.600000,0.611950,0.600000,-0.600000,-0.600000,-0.600000
440,-0.600000,0.600000,-0.600000,1.000000,-0.600000,1.000000,-1.000000,-0.600000,0.600000,-0.600000,-0.600000,0.600000,-0.600000,0.600000,-0.600000,-0.600000,0.600000,-0.600000,-0.600000,-0.651523,-0.604795,0.600000,-0.600000,-0.600000,-0.611950,-0.600000,-0.600000,-0.600000,0.600000,-0.600000,-0.600000,-0.600000,-0.600000,-0.600000,0.600000,-0.000000,0.597599,0.600000,-0.600000,-0.600000,0.600000,-0.600000,0.600000,-0.600000,0.600000,0.600000,0.600000,-0.600000,-0.600000,-0.600000,0.600000,0.600000,-0.600000,0.600000,-0.600000,-0.600000,-0.600000,-0.600000,-0.600000,0.600000,-0.600000,-0.600000,-0.600000,-0.600000,0.600000,-0.600000,0.611950,0.600000,-0.600000,-0.600000,-0.600000
441,-0.600000,0.600000,-0.600000,1.000000,-0.600000,1.000000,-1.000000,-0.600000,0.600000,-0.600000,-0.600000,0.600000,-0.600000,0.600000,-0.600000,-0.600000,0.600000,-0.600000,-0.600000,-0.651523,-0.604795,0.600000,-0.600000,-0.600000,-0.611950,-0.600000,-0.600000,-0.600000,0.600000,-0.600000,-0.600000,-0.600000,-0.600000,-0.600000,0.600000,-0.000000,0.597599,0.600000,-0.600000,-0.600000,0.600000,-0.600000,0.600000,-0.600000,0.600000,0.600000,0.600000,-0.600000,-0.600000,-0.600000,0.600000,0.600000,-0.600000,0.600000,-0.600000,-0.600000,-0.600000,-0.600000,-0.600000,0.600000,-0.600000,-0.600000,-0.600000,-0.600000,0.600000,-0.600000,0.611950,0.600000,-0.600000,-0.600000,-0.600000
442,-0.600000,0.600000,-0.600000,1.000000,-0.600000,1.000000,-1.000000,-0.600000,0.600000,-0.600000,-0.600000,0.600000,-0.600000,0.600000,-0.600000,-0.600000,0.600000,-0.600000,-0.600000,-0.651523,-0.604795,0.600000,-0.600000,-0.600000,-0.611950,-0.600000,-0.600000,-0.600000,0.600000,-0.600000,-0.600000,-0.600000,-0.600000,-0.600000,0.600000,-0.000000,0.597599,0.600000,-0.600000,-0.600000,0.600000,-0.600000,0.600000,-0.600000,0.600000,0.600000,0.600000,-0.600000,-0.600000,-0.600000,0.600000,0.600000,-0.600000,0.600000,-0.600000,-0.600000,-0.600000,-0.600000,-0.600000,0.600000,-0.600000,-0.600000,-0.600000,-0.600000,0.600000,-0.600000,0.611950,0.600000,-0.600000,-0.600000,-0.600000
443,-0.600000,0.600000,-0.600000,1.000000,-0.600000,1.000000,-1.000000,-0.600000,0.600000,-0.600000,-0.600000,0.600000,-0.600000,0.600000,-0.600000,-0.600000,0.600000,-0.600000,-0.600000,-0.651523,-0.604795,0.600000,-0.600000,-0.600000,-0.611950,-0.600000,-0.600000,-0.600000,0.600000,-0.600000,-0.600000,-0.600000,-0.600000,-0.600000,0.600000,-0.000000,0.597599,0.600000,-0.600000,-0.600000,0.600000,-0.600000,0.600000,-0.600000,0.600000,0.600000,0.600000,-0.600000,-0.600000,-0.600000,0.600000,0.600000,-0.600000,0.600000,-0.600000,-0.600000,-0.600000,-0.600000,-0.600000,0.600000,-0.600000,-0.600000,-0.600000,-0.600000,0.600000,-0.600000,0.611950,0.600000,-0.600000,-0.600000,-0.600000
444,-0.600000,0.600000,-0.600000,1.000000,-0.600000,1.000000,-1.000000,-0.600000,0.600000,-0.600000,-0.600000,0.600000,-0.600000,0.600000,-0.600000,-0.600000,0.600000,-0.600000,-0.600000,-0.651523,-0.604795,0.600000,-0.600000,-0.600000,-0.611950,-0.600000,-0.600000,-0.600000,0.600000,-0.600000,-0.600000,-0.600000,-0.600000,-0.600000,0.600000,-0.000000,0.597599,0.600000,-0.600000,-0.600000,0.600000,-0.600000,0.600000,-0.600000,0.600000,0.600000,0.600000,-0.600000,-0.600000,-0.600000,0.600000,0.600000,-0.600000,0.600000,-0.600000,-0.600000,-0.600000,-0.600000,-0.600000,0.600000,-0.600000,-0.600000,-0.600000,-0.600000,0.600000,-0.600000,0.611950,0.600000,-0.600000,-0.600000,-0.600000
445,-0.600000,0.600000,-0.600000,1.000000,-0.600000,1.000000,-1.000000,-0.600000,0.600000,-0.600000,-0.600000,0.600000,-0.600000,0.600000,-0.600000,-0.600000,0.600000,-0.600000,-0.600000,-0.651523,-0.604795,0.600000,-0.600000,-0.600000,-0.611950,-0.600000,-0.600000,-0.600000,0.600000,-0.600000,-0.600000,-0.600000,-0.600000,-0.600000,0.600000,-0.000000,0.597599,0.600000,-0.600000,-0.600000,0.600000,-0.600000,0.600000,-0.600000,0.600000,0.600000,0.600000,-0.600000,-0.600000,-0.600000,0.600000,0.600000,-0.600000,0.600000,-0.600000,-0.600000,-0.600000,-0.600000,-0.600000,0.600000,-0.600000,-0.600000,-0.600000,-0.600000,0.600000,-0.600000,0.611950,0.600000,-0.600000,-0.600000,-0.600000
446,-0.600000,0.600000,-0.600000,1.000000,-0.600000,1.000000,-1.000000,-0.600000,0.600000,-0.600000,-0.600000,0.600000,-0.600000,0.600000,-0.600000,-0.600000,0.600000,-0.600000,-0.600000,-0.651523,-0.604795,0.600000,-0.600000,-0.600000,-0.611950,-0.600000,-0.600000,-0.600000,0.600000,-0.600000,-0.600000,-0.600000,-0.600000,-0.600000,0.600000,-0.000000,0.597599,0.600000,-0.600000,-0.600000,0.600000,-0.600000,0.600000,-0.600000,0.600000,0.600000,0.600000,-0.600000,-0.600000,-0.600000,0.600000,0.600000,-0.600000,0.600000,-0.600000,-0.600000,-0.600000,-0.600000,-0.600000,0.600000,-0.600000,-0.600000,-0.600000,-0.600000,0.600000,-0.600000,0.611950,0.600000,-0.600000,-0.600000,-0.600000
447,-0.600000,0.600000,-0.600000,1.000000,-0.600000,1.000000,-1.000000,-0.600000,0.600000,-0.600000,-0.600000,0.600000,-0.600000,0.600000,-0.600000,-0.600000,0.600000,-0.600000,-0.600000,-0.651523,-0.604795,0.600000,-0.600000,-0.600000,-0.611950,-0.600000,-0.600000,-0.600000,0.600000,-0.600000,-0.600000,-0.600000,-0.600000,-0.600000,0.600000,-0.000000,0.597599,0.600000,-0.600000,-0.600000,0.600000,-0.600000,0.600000,-0.600000,0.600000,0.600000,0.600000,-0.600000,-0.600000,-0.600000,0.600000,0.600000,-0.600000,0.600000,-0.600000,-0.600000,-0.600000,-0.600000,-0.600000,0.600000,-0.600000,-0.600000,-0.600000,-0.600000,0.600000,-0.600000,0.611950,0.600000,-0.600000,-0.600000,-0.600000
448,-0.600000,0.600000,-0.600000,1.000000,-0.600000,1.000000,-1.000000,-0.600000,0.600000,-0.600000,-0.600000,0.600000,-0.600000,0.600000,-0.600000,-0.600000,0.600000,-0.600000,-0.600000,-0.651523,-0.604795,0.600000,-0.600000,-0.600000,-0.611950,-0.600000,-0.600000,-0.600000,0.600000,-0.600000,-0.600000,-0.600000,-0.600000,-0.600000,0.600000,-0.000000,0.597599,0.600000,-0.600000,-0.600000,0.600000,-0.600000,0.600000,-0.600000,0.600000,0.600000,0.600000,-0.600000,-0.600000,-0.600000,0.600000,0.600000,-0.600000,0.600000,-0.600000,-0.600000,-0.600000,-0.600000,-0.600000,0.600000,-0.600000,-0.600000,-0.600000,-0.600000,0.600000,-0.600000,0.611950,0.600000,-0.600000,-0.600000,-0.600000
449,-0.600000,0.600000,-0.600000,1.000000,-0.600000,1.000000,-1.000000,-0.600000,0.600000,-0.600000,-0.600000,0.600000,-0.600000,0.600000,-0.600000,-0.600000,0.600000,-0.600000,-0.600000,-0.651523,-0.604795,0.600000,-0.600000,-0.600000,-0.611950,-0.600000,-0.600000,-0.600000,0.600000,-0.600000,-0.600000,-0.600000,-0.600000,-0.600000,0.600000,-0.000000,0.597599,0.600000,-0.600000,-0.600000,0.600000,-0.600000,0.600000,-0.600000,0.600000,0.600000,0.600000,-0.600000,-0.600000,-0.600000,0.600000,0.600000,-0.600000,0.600000,-0.600000,-0.600000,-0.600000,-0.600000,-0.600000,0.600000,-0.600000,-0.600000,-0.600000,-0.600000,0.600000,-0.600000,0.611950,0.600000,-0.600000,-0.600000,-0.600000
450,-0.600000,0.600000,-0.600000,1.000000,-0.600000,1.000000,-1.000000,-0.600000,0.600000,-0.600000,-0.600000,0.600000,-0.600000,0.600000,-0.600000,-0.600000,0.600000,-0.600000,-0.600000,-0.651523,-0.604795,0.600000,-0.600000,-0.600000,-0.611950,-0.600000,-0.600000,-0.600000,0.600000,-0.600000,-0.600000,-0.600000,-0.600000,-0.600000,0.600000,-0.000000,0.597599,0.600000,-0.600000,-0.600000,0.600000,-0.600000,0.600000,-0.600000,0.600000,0.600000,0.600000,-0.600000,-0.600000,-0.600000,0.600000,0.600000,-0.600000,0.600000,-0.600000,-0.600000,-0.600000,-0.600000,-0.600000,0.600000,-0.600000,-0.600000,-0.600000,-0.600000,0.600000,-0.600000,0.611950,0.600000,-0.600000,-0.600000,-0.600000
451,-0.600000,0.600000,-0.600000,1.000000,-0.600000,1.000000,-1.000000,-0.600000,0.600000,-0.600000,-0.600000,0.600000,-0.600000,0.600000,-0.600000,-0.600000,0.600000,-0.600000,-0.600000,-0.651523,-0.604795,0.600000,-0.600000,-0.600000,-0.611950,-0.600000,-0.600000,-0.600000,0.600000,-0.600000,-0.600000,-0.600000,-0.600000,-0.600000,0.600000,-0.000000,0.597599,0.600000,-0.600000,-0.600000,0.600000,-0.600000,0.600000,-0.600000,0.600000,0.600000,0.600000,-0.600000,-0.600000,-0.600000,0.600000,0.600000,-0.600000,0.600000,-0.600000,-0.600000,-0.600000,-0.600000,-0.600000,0.600000,-0.600000,-0.600000,-0.600000,-0.600000,0.600000,-0.600000,0.611950,0.600000,-0.600000,-0.600000,-0.600000
452,-0.600000,0.600000,-0.600000,1.000000,-0.600000,1.000000,-1.000000,-0.600000,0.600000,-0.600000,-0.600000,0.600000,-0.600000,0.600000,-0.600000,-0.600000,0.600000,-0.600000,-0.600000,-0.651523,-0.604795,0.600000,-0.600000,-0.600000,-0.611950,-0.600000,-0.600000,-0.600000,0.600000,-0.600000,-0.600000,-0.600000,-0.600000,-0.600000,0.600000,-0.000000,0.597599,0.600000,-0.600000,-0.600000,0.600000,-0.600000,0.600000,-0.600000,0.600000,0.600000,0.600000,-0.600000,-0.600000,-0.600000,0.600000,0.600000,-0.600000,0.600000,-0.600000,-0.600000,-0.600000,-0.600000,-0.600000,0.600000,-0.600000,-0.600000,-0.600000,-0.600000,0.600000,-0.600000,0.611950,0.600000,-0.600000,-0.600000,-0.600000
453,-0.600000,0.600000,-0.600000,1.000000,-0.600000,1.000000,-1.000000,-0.600000,0.600000,-0.600000,-0.600000,0.600000,-0.600000,0.600000,-0.600000,-0.600000,0.600000,-0.600000,-0.600000,-0.651523,-0.604795,0.600000,-0.600000,-0.600000,-0.611950,-0.600000,-0.600000,-0.600000,0.600000,-0.600000,-0.600000,-0.600000,-0.600000,-0.600000,0.600000,-0.000000,0.597599,0.600000,-0.600000,-0.600000,0.600000,-0.600000,0.600000,-0.600000,0.600000,0.600000,0.600000,-0.600000,-0.600000,-0.600000,0.600000,0.600000,-0.600000,0.600000,-0.600000,-0.600000,-0.600000,-0.600000,-0.600000,0.600000,-0.600000,-0.600000,-0.600000,-0.600000,0.600000,-0.600000,0.611950,0.600000,-0.600000,-0.600000,-0.600000
454,-0.600000,0.600000,-0.600000,1.000000,-0.600000,1.000000,-1.000000,-0.600000,0.600000,-0.600000,-0.600000,0.600000,-0.600000,0.600000,-0.600000,-0.600000,0.600000,-0.600000,-0.600000,-0.651523,-0.604795,0.600000,-0.600000,-0.600000,-0.611950,-0.600000,-0.600000,-0.600000,0.600000,-0.600000,-0.600000,-0.600000,-0.600000,-0.600000,0.600000,-0.000000,0.597599,0.600000,-0.600000,-0.600000,0.600000,-0.600000,0.600000,-0.600000,0.600000,0.600000,0.600000,-0.600000,-0.600000,-0.600000,0.600000,0.600000,-0.600000,0.600000,-0.600000,-0.600000,-0.600000,-0.600000,-0.600000,0.600000,-0.600000,-0.600000,-0.600000,-0.600000,0.600000,-0.600000,0.611950,0.600000,-0.600000,-0.600000,-0.600000
455,-0.600000,0.600000,-0.600000,1.000000,-0.600000,1.000000,-1.000000,-0.600000,0.600000,-0.600000,-0.600000,0.600000,-0.600000,0.600000,-0.600000,-0.600000,0.600000,-0.600000,-0.600000,-0.651523,-0.604795,0.600000,-0.600000,-0.600000,-0.611950,-0.600000,-0.600000,-0.600000,0.600000,-0.600000,-0.600000,-0.600000,-0.600000,-0.600000,0.600000,-0.000000,0.597599,0.600000,-0.600000,-0.600000,0.600000,-0.600000,0.600000,-0.600000,0.600000,0.600000,0.600000,-0.600000,-0.600000,-0.600000,0.600000,0.600000,-0.600000,0.600000,-0.600000,-0.600000,-0.600000,-0.600000,-0.600000,0.600000,-0.600000,-0.600000,-0.600000,-0.600000,0.600000,-0.600000,0.611950,0.600000,-0.600000,-0.600000,-0.600000
456,-0.600000,0.600000,-0.600000,1.000000,-0.600000,1.000000,-1.000000,-0.600000,0.600000,-0.600000,-0.600000,0.600000,-0.600000,0.600000,-0.600000,-0.600000,0.600000,-0.600000,-0.600000,-0.651523,-0.604795,0.600000,-0.600000,-0.600000,-0.611950,-0.600000,-0.600000,-0.600000,0.600000,-0.600000,-0.600000,-0.600000,-0.600000,-0.600000,0.600000,-0.000000,0.597599,0.600000,-0.600000,-0.600000,0.600000,-0.600000,0.600000,-0.600000,0.600000,0.600000,0.600000,-0.600000,-0.600000,-0.600000,0.600000,0.600000,-0.600000,0.600000,-0.600000,-0.600000,-0.600000,-0.600000,-0.600000,0.600000,-0.600000,-0.600000,-0.600000,-0.600000,0.600000,-0.600000,0.611950,0.600000,-0.600000,-0.600000,-0.600000
457,-0.600000,0.600000,-0.600000,1.000000,-0.600000,1.000000,-1.000000,-0.600000,0.600000,-0.600000,-0.600000,0.600000,-0.600000,0.600000,-0.600000,-0.600000,0.600000,-0.600000,-0.600000,-0.651523,-0.604795,0.600000,-0.600000,-0.600000,-0.611950,-0.600000,-0.600000,-0.600000,0.600000,-0.600000,-0.600000,-0.600000,-0.600000,-0.600000,0.600000,-0.000000,0.597599,0.600000,-0.600000,-0.600000,0.600000,-0.600000,0.600000,-0.600000,0.600000,0.600000,0.600000,-0.600000,-0.600000,-0.600000,0.600000,0.600000,-0.600000,0.600000,-0.600000,-0.600000,-0.600000,-0.600000,-0.600000,0.600000,-0.600000,-0.600000,-0.600000,-0.600000,0.600000,-0.600000,0.611950,0.600000,-0.600000,-0.600000,-0.600000
458,-0.600000,0.600000,-0.600000,1.000000,-0.600000,1.000000,-1.000000,-0.600000,0.600000,-0.600000,-0.600000,0.600000,-0.600000,0.600000,-0.600000,-0.600000,0.600000,-0.600000,-0.600000,-0.651523,-0.604795,0.600000,-0.600000,-0.600000,-0.611950,-0.600000,-0.600000,-0.600000,0.600000,-0.600000,-0.600000,-0.600000,-0.600000,-0.600000,0.600000,-0.000000,0.597599,0.600000,-0.600000,-0.600000,0.600000,-0.600000,0.600000,-0.600000,0.600000,0.600000,0.600000,-0.600000,-0.600000,-0.600000,0.600000,0.600000,-0.600000,0.600000,-0.600000,-0.600000,-0.600000,-0.600000,-0.600000,0.600000,-0.600000,-0.600000,-0.600000,-0.600000,0.600000,-0.600000,0.611950,0.600000,-0.600000,-0.600000,-0.600000
459,-0.600000,0.600000,-0.600000,1.000000,-0.600000,1.000000,-1.000000,-0.600000,0.600000,-0.600000,-0.600000,0.600000,-0.600000,0.600000,-0.600000,-0.600000,0.600000,-0.600000,-0.600000,-0.651523,-0.604795,0.600000,-0.600000,-0.600000,-0.611950,-0.600000,-0.600000,-0.600000,0.600000,-0.600000,-0.600000,-0.600000,-0.600000,-0.600000,0.600000,-0.000000,0.597599,0.600000,-0.600000,-0.600000,0.600000,-0.600000,0.600000,-0.600000,0.600000,0.600000,0.600000,-0.600000,-0.600000,-0.600000,0.600000,0.600000,-0.600000,0.600000,-0.600000,-0.600000,-0.600000,-0.600000,-0.600000,0.600000,-0.600000,-0.600000,-0.600000,-0.600000,0.600000,-0.600000,0.611950,0.600000,-0.600000,-0.600000,-0.600000
460,-0.600000,0.600000,-0.600000,1.000000,-0.600000,1.000000,-1.000000,-0.600000,0.600000,-0.600000,-0.600000,0.600000,-0.600000,0.600000,-0.600000,-0.600000,0.600000,-0.600000,-0.600000,-0.651523,-0.604795,0.600000,-0.600000,-0.600000,-0.611950,-0.600000,-0.600000,-0.600000,0.600000,-0.600000,-0.600000,-0.600000,-0.600000,-0.600000,0.600000,-0.000000,0.597599,0.600000,-0.600000,-0.600000,0.600000,-0.600000,0.600000,-0.600000,0.600000,0.600000,0.600000,-0.600000,-0.600000,-0.600000,0.600000,0.600000,-0.600000,0.600000,-0.600000,-0.600000,-0.600000,-0.600000,-0.600000,0.600000,-0.600000,-0.600000,-0.600000,-0.600000,0.600000,-0.600000,0.611950,0.600000,-0.600000,-0.600000,-0.600000
461,-0.600000,0.600000,-0.600000,1.000000,-0.600000,1.000000,-1.000000,-0.600000,0.600000,-0.600000,-0.600000,0.600000,-0.600000,0.600000,-0.600000,-0.600000,0.600000,-0.600000,-0.600000,-0.651523,-0.604795,0.600000,-0.600000,-0.600000,-0.611950,-0.600000,-0.600000,-0.600000,0.600000,-0.600000,-0.600000,-0.600000,-0.600000,-0.600000,0.600000,-0.000000,0.597599,0.600000,-0.600000,-0.600000,0.600000,-0.600000,0.600000,-0.600000,0.600000,0.600000,0.600000,-0.600000,-0.600000,-0.600000,0.600000,0.600000,-0.600000,0.600000,-0.600000,-0.600000,-0.600000,-0.600000,-0.600000,0.600000,-0.600000,-0.600000,-0.600000,-0.600000,0.600000,-0.600000,0.611950,0.600000,-0.600000,-0.600000,-0.600000
462,-0.600000,0.600000,-0.600000,1.000000,-0.600000,1.000000,-1.000000,-0.600000,0.600000,-0.600000,-0.600000,0.600000,-0.600000,0.600000,-0.600000,-0.600000,0.600000,-0.600000,-0.600000,-0.651523,-0.604795,0.600000,-0.600000,-0.600000,-0.611950,-0.600000,-0.600000,-0.600000,0.600000,-0.600000,-0.600000,-0.600000,-0.600000,-0.600000,0.600000,-0.000000,0.597599,0.600000,-0.600000,-0.600000,0.600000,-0.600000,0.600000,-0.600000,0.600000,0.600000,0.600000,-0.600000,-0.600000,-0.600000,0.600000,0.600000,-0.600000,0.600000,-0.600000,-0.600000,-0.600000,-0.600000,-0.600000,0.600000,-0.600000,-0.600000,-0.600000,-0.600000,0.600000,-0.600000,0.611950,0.600000,-0.600000,-0.600000,-0.600000
463,-0.600000,0.600000,-0.600000,1.000000,-0.600000,1.000000,-1.000000,-0.600000,0.600000,-0.600000,-0.600000,0.600000,-0.600000,0.600000,-0.600000,-0.600000,0.600000,-0.600000,-0.600000,-0.651523,-0.604795,0.600000,-0.600000,-0.600000,-0.611950,-0.600000,-0.600000,-0.600000,0.600000,-0.600000,-0.600000,-0.600000,-0.600000,-0.600000,0.600000,-0.000000,0.597599,0.600000,-0.600000,-0.600000,0.600000,-0.600000,0.600000,-0.600000,0.600000,0.600000,0.600000,-0.600000,-0.600000,-0.600000,0.600000,0.600000,-0.600000,0.600000,-0.600000,-0.600000,-0.600000,-0.600000,-0.600000,0.600000,-0.600000,-0.600000,-0.600000,-0.600000,0.600000,-0.600000,0.611950,0.600000,-0.600000,-0.600000,-0.600000
464,-0.600000,0.600000,-0.600000,1.000000,-0.600000,1.000000,-1.000000,-0.600000,0.600000,-0.600000,-0.600000,0.600000,-0.600000,0.600000,-0.600000,-0.600000,0.600000,-0.600000,-0.600000,-0.651523,-0.604795,0.600000,-0.600000,-0.600000,-0.611950,-0.600000,-0.600000,-0.600000,0.600000,-0.600000,-0.600000,-0.600000,-0.600000,-0.600000,0.600000,-0.000000,0.597599,0.600000,-0.600000,-0.600000,0.600000,-0.600000,0.600000,-0.600000,0.600000,0.600000,0.600000,-0.600000,-0.600000,-0.600000,0.600000,0.600000,-0.600000,0.600000,-0.600000,-0.600000,-0.600000,-0.600000,-0.600000,0.600000,-0.600000,-0.600000,-0.600000,-0.600000,0.600000,-0.600000,0.611950,0.600000,-0.600000,-0.600000,-0.600000
465,-0.600000,0.600000,-0.600000,1.000000,-0.600000,1.000000,-1.000000,-0.600000,0.600000,-0.600000,-0.600000,0.600000,-0.600000,0.600000,-0.600000,-0.600000,0.600000,-0.600000,-0.600000,-0.651523,-0.604795,0.600000,-0.600000,-0.600000,-0.611950,-0.600000,-0.600000,-0.600000,0.600000,-0.600000,-0.600000,-0.600000,-0.600000,-0.600000,0.600000,-0.000000,0.597599,0.600000,-0.600000,-0.600000,0.600000,-0.600000,0.600000,-0.600000,0.600000,0.600000,0.600000,-0.600000,-0.600000,-0.600000,0.600000,0.600000,-0.600000,0.600000,-0.600000,-0.600000,-0.600000,-0.600000,-0.600000,0.600000,-0.600000,-0.600000,-0.600000,-0.600000,0.600000,-0.600000,0.611950,0.600000,-0.600000,-0.600000,-0.600000
466,-0.600000,0.600000,-0.600000,1.000000,-0.600000,1.000000,-1.000000,-0.600000,0.600000,-0.600000,-0.600000,0.600000,-0.600000,0.600000,-0.600000,-0.600000,0.600000,-0.600000,-0.600000,-0.651523,-0.604795,0.600000,-0.600000,-0.600000,-0.611950,-0.600000,-0.600000,-0.600000,0.600000,-0.600000,-0.600000,-0.600000,-0.600000,-0.600000,0.600000,-0.000000,0.597599,0.600000,-0.600000,-0.600000,0.600000,-0.600000,0.600000,-0.600000,0.600000,0.600000,0.600000,-0.600000,-0.600000,-0.600000,0.600000,0.600000,-0.600000,0.600000,-0.600000,-0.600000,-0.600000,-0.600000,-0.600000,0.600000,-0.600000,-0.600000,-0.600000,-0.600000,0.600000,-0.600000,0.611950,0.600000,-0.600000,-0.600000,-0.600000
467,-0.600000,0.600000,-0.600000,1.000000,-0.600000,1.000000,-1.000000,-0.600000,0.600000,-0.600000,-0.600000,0.600000,-0.600000,0.600000,-0.600000,-0.600000,0.600000,-0.600000,-0.600000,-0.651523,-0.604795,0.600000,-0.600000,-0.600000,-0.611950,-0.600000,-0.600000,-0.600000,0.600000,-0.600000,-0.600000,-0.600000,-0.600000,-0.600000,0.600000,-0.000000,0.597599,0.600000,-0.600000,-0.600000,0.600000,-0.600000,0.600000,-0.600000,0.600000,0.600000,0.600000,-0.600000,-0.600000,-0.600000,0.600000,0.600000,-0.600000,0.600000,-0.600000,-0.600000,-0.600000,-0.600000,-0.600000,0.600000,-0.600000,-0.600000,-0.600000,-0.600000,0.600000,-0.600000,0.611950,0.600000,-0.600000,-0.600000,-0.600000
468,-0.600000,0.600000,-0.600000,1.000000,-0.600000,1.000000,-1.000000,-0.600000,0.600000,-0.600000,-0.600000,0.600000,-0.600000,0.600000,-0.600000,-0.600000,0.600000,-0.600000,-0.600000,-0.651523,-0.604795,0.600000,-0.600000,-0.600000,-0.611950,-0.600000,-0.600000,-0.600000,0.600000,-0.600000,-0.600000,-0.600000,-0.600000,-0.600000,0.600000,-0.000000,0.597599,0.600000,-0.600000,-0.600000,0.600000,-0.600000,0.600000,-0.600000,0.600000,0.600000,0.600000,-0.600000,-0.600000,-0.600000,0.600000,0.600000,-0.600000,0.600000,-0.600000,-0.600000,-0.600000,-0.600000,-0.600000,0.600000,-0.600000,-0.600000,-0.600000,-0.600000,0.600000,-0.600000,0.611950,0.600000,-0.600000,-0.600000,-0.600000
469,-0.600000,0.600000,-0.600000,1.000000,-0.600000,1.000000,-1.000000,-0.600000,0.600000,-0.600000,-0.600000,0.600000,-0.600000,0.600000,-0.600000,-0.600000,0.600000,-0.600000,-0.600000,-0.651523,-0.604795,0.600000,-0.600000,-0.600000,-0.611950,-0.600000,-0.600000,-0.600000,0.600000,-0.600000,-0.600000,-0.600000,-0.600000,-0.600000,0.600000,-0.000000,0.597599,0.600000,-0.600000,-0.600000,0.600000,-0.600000,0.600000,-0.600000,0.600000,0.600000,0.600000,-0.600000,-0.600000,-0.600000,0.600000,0.600000,-0.600000,0.600000,-0.600000,-0.600000,-0.600000,-0.600000,-0.600000,0.600000,-0.600000,-0.600000,-0.600000,-0.600000,0.600000,-0.600000,0.611950,0.600000,-0.600000,-0.600000,-0.600000
470,-0.600000,0.600000,-0.600000,1.000000,-0.600000,1.000000,-1.000000,-0.600000,0.600000,-0.600000,-0.600000,0.600000,-0.600000,0.600000,-0.600000,-0.600000,0.600000,-0.600000,-0.600000,-0.651523,-0.604795,0.600000,-0.600000,-0.600000,-0.611950,-0.600000,-0.600000,-0.600000,0.600000,-0.600000,-0.600000,-0.600000,-0.600000,-0.600000,0.600000,-0.000000,0.597599,0.600000,-0.600000,-0.600000,0.600000,-0.600000,0.600000,-0.600000,0.600000,0.600000,0.600000,-0.600000,-0.600000,-0.600000,0.600000,0.600000,-0.600000,0.600000,-0.600000,-0.600000,-0.600000,-0.600000,-0.600000,0.600000,-0.600000,-0.600000,-0.600000,-0.600000,0.600000,-0.600000,0.611950,0.600000,-0.600000,-0.600000,-0.600000
471,-0.600000,0.600000,-0.600000,1.000000,-0.600000,1.000000,-1.000000,-0.600000,0.600000,-0.600000,-0.600000,0.600000,-0.600000,0.600000,-0.600000,-0.600000,0.600000,-0.600000,-0.600000,-0.651523,-0.604795,0.600000,-0.600000,-0.600000,-0.611950,-0.600000,-0.600000,-0.600000,0.600000,-0.600000,-0.600000,-0.600000,-0.600000,-0.600000,0.600000,-0.000000,0.597599,0.600000,-0.600000,-0.600000,0.600000,-0.600000,0.600000,-0.600000,0.600000,0.600000,0.600000,-0.600000,-0.600000,-0.600000,0.600000,0.600000,-0.600000,0.600000,-0.600000,-0.600000,-0.600000,-0.600000,-0.600000,0.600000,-0.600000,-0.600000,-0.600000,-0.600000,0.600000,-0.600000,0.611950,0.600000,-0.600000,-0.600000,-0.600000
472,-0.600000,0.600000,-0.600000,1.000000,-0.600000,1.000000,-1.000000,-0.600000,0.600000,-0.600000,-0.600000,0.600000,-0.600000,0.600000,-0.600000,-0.600000,0.600000,-0.600000,-0.600000,-0.651523,-0.604795,0.600000,-0.600000,-0.600000,-0.611950,-0.600000,-0.600000,-0.600000,0.600000,-0.600000,-0.600000,-0.600000,-0.600000,-0.600000,0.600000,-0.000000,0.597599,0.600000,-0.600000,-0.600000,0.600000,-0.600000,0.600000,-0.600000,0.600000,0.600000,0.600000,-0.600000,-0.600000,-0.600000,0.600000,0.600000,-0.600000,0.600000,-0.600000,-0.600000,-0.600000,-0.600000,-0.600000,0.600000,-0.600000,-0.600000,-0.600000,-0.600000,0.600000,-0.600000,0.611950,0.600000,-0.600000,-0.600000,-0.600000
473,-0.600000,0.600000,-0.600000,1.000000,-0.600000,1.000000,-1.000000,-0.600000,0.600000,-0.600000,-0.600000,0.600000,-0.600000,0.600000,-0.600000,-0.600000,0.600000,-0.600000,-0.600000,-0.651523,-0.604795,0.600000,-0.600000,-0.600000,-0.611950,-0.600000,-0.600000,-0.600000,0.600000,-0.600000,-0.600000,-0.600000,-0.600000,-0.600000,0.600000,-0.000000,0.597599,0.600000,-0.600000,-0.600000,0.600000,-0.600000,0.600000,-0.600000,0.600000,0.600000,0.600000,-0.600000,-0.600000,-0.600000,0.600000,0.600000,-0.600000,0.600000,-0.600000,-0.600000,-0.600000,-0.600000,-0.600000,0.600000,-0.600000,-0.600000,-0.600000,-0.600000,0.600000,-0.600000,0.611950,0.600000,-0.600000,-0.600000,-0.600000
474,-0.600000,0.600000,-0.600000,1.000000,-0.600000,1.000000,-1.000000,-0.600000,0.600000,-0.600000,-0.600000,0.600000,-0.600000,0.600000,-0.600000,-0.600000,0.600000,-0.600000,-0.600000,-0.651523,-0.604795,0.600000,-0.600000,-0.600000,-0.611950,-0.600000,-0.600000,-0.600000,0.600000,-0.600000,-0.600000,-0.600000,-0.600000,-0.600000,0.600000,-0.000000,0.597599,0.600000,-0.600000,-0.600000,0.600000,-0.600000,0.600000,-0.600000,0.600000,0.600000,0.600000,-0.600000,-0.600000,-0.600000,0.600000,0.600000,-0.600000,0.600000,-0.600000,-0.600000,-0.600000,-0.600000,-0.600000,0.600000,-0.600000,-0.600000,-0.600000,-0.600000,0.600000,-0.600000,0.611950,0.600000,-0.600000,-0.600000,-0.600000
475,-0.600000,0.600000,-0.600000,1.000000,-0.600000,1.000000,-1.000000,-0.600000,0.600000,-0.600000,-0.600000,0.600000,-0.600000,0.600000,-0.600000,-0.600000,0.600000,-0.600000,-0.600000,-0.651523,-0.604795,0.600000,-0.600000,-0.600000,-0.611950,-0.600000,-0.600000,-0.600000,0.600000,-0.600000,-0.600000,-0.600000,-0.600000,-0.600000,0.600000,-0.000000,0.597599,0.600000,-0.600000,-0.600000,0.600000,-0.600000,0.600000,-0.600000,0.600000,0.600000,0.600000,-0.600000,-0.600000,-0.600000,0.600000,0.600000,-0.600000,0.600000,-0.600000,-0.600000,-0.600000,-0.600000,-0.600000,0.600000,-0.600000,-0.600000,-0.600000,-0.600000,0.600000,-0.600000,0.611950,0.600000,-0.600000,-0.600000,-0.600000
476,-0.600000,0.600000,-0.600000,1.000000,-0.600000,1.000000,-1.000000,-0.600000,0.600000,-0.600000,-0.600000,0.600000,-0.600000,0.600000,-0.600000,-0.600000,0.600000,-0.600000,-0.600000,-0.651523,-0.604795,0.600000,-0.600000,-0.600000,-0.611950,-0.600000,-0.600000,-0.600000,0.600000,-0.600000,-0.600000,-0.600000,-0.600000,-0.600000,0.600000,-0.000000,0.597599,0.600000,-0.600000,-0.600000,0.600000,-0.600000,0.600000,-0.600000,0.600000,0.600000,0.600000,-0.600000,-0.600000,-0.600000,0.600000,0.600000,-0.600000,0.600000,-0.600000,-0.600000,-0.600000,-0.600000,-0.600000,0.600000,-0.600000,-0.600000,-0.600000,-0.600000,0.600000,-0.600000,0.611950,0.600000,-0.600000,-0.600000,-0.600000
477,-0.600000,0.600000,-0.600000,1.000000,-0.600000,1.000000,-1.000000,-0.600000,0.600000,-0.600000,-0.600000,0.600000,-0.600000,0.600000,-0.600000,-0.600000,0.600000,-0.600000,-0.600000,-0.651523,-0.604795,0.600000,-0.600000,-0.600000,-0.611950,-0.600000,-0.600000,-0.600000,0.600000,-0.600000,-0.600000,-0.600000,-0.600000,-0.600000,0.600000,-0.000000,0.597599,0.600000,-0.600000,-0.600000,0.600000,-0.600000,0.600000,-0.600000,0.600000,0.600000,0.600000,-0.600000,-0.600000,-0.600000,0.600000,0.600000,-0.600000,0.600000,-0.600000,-0.600000,-0.600000,-0.600000,-0.600000,0.600000,-0.600000,-0.600000,-0.600000,-0.600000,0.600000,-0.600000,0.611950,0.600000,-0.600000,-0.600000,-0.600000
478,-0.600000,0.600000,-0.600000,1.000000,-0.600000,1.000000,-1.000000,-0.600000,0.600000,-0.600000,-0.600000,0.600000,-0.600000,0.600000,-0.600000,-0.600000,0.600000,-0.600000,-0.600000,-0.651523,-0.604795,0.600000,-0.600000,-0.600000,-0.611950,-0.600000,-0.600000,-0.600000,0.600000,-0.600000,-0.600000,-0.600000,-0.600000,-0.600000,0.600000,-0.000000,0.597599,0.600000,-0.600000,-0.600000,0.600000,-0.600000,0.600000,-0.600000,0.600000,0.600000,0.600000,-0.600000,-0.600000,-0.600000,0.600000,0.600000,-0.600000,0.600000,-0.600000,-0.600000,-0.600000,-0.600000,-0.600000,0.600000,-0.600000,-0.600000,-0.600000,-0.600000,0.600000,-0.600000,0.611950,0.600000,-0.600000,-0.600000,-0.600000
479,-0.600000,0.600000,-0.600000,1.000000,-0.600000,1.000000,-1.000000,-0.600000,0.600000,-0.600000,-0.600000,0.600000,-0.600000,0.600000,-0.600000,-0.600000,0.600000,-0.600000,-0.600000,-0.651523,-0.604795,0.600000,-0.600000,-0.600000,-0.611950,-0.600000,-0.600000,-0.600000,0.600000,-0.600000,-0.600000,-0.600000,-0.600000,-0.600000,0.600000,-0.000000,0.597599,0.600000,-0.600000,-0.600000,0.600000,-0.600000,0.600000,-0.600000,0.600000,0.600000,0.600000,-0.600000,-0.600000,-0.600000,0.600000,0.600000,-0.600000,0.600000,-0.600000,-0.600000,-0.600000,-0.600000,-0.600000,0.600000,-0.600000,-0.600000,-0.600000,-0.600000,0.600000,-0.600000,0.611950,0.600000,-0.600000,-0.600000,-0.600000
480,-0.600000,0.600000,-0.600000,1.000000,-0.600000,1.000000,-1.000000,-0.600000,0.600000,-0.600000,-0.600000,0.600000,-0.600000,0.600000,-0.600000,-0.600000,0.600000,-0.600000,-0.600000,-0.651523,-0.604795,0.600000,-0.600000,-0.600000,-0.611950,-0.600000,-0.600000,-0.600000,0.600000,-0.600000,-0.600000,-0.600000,-0.600000,-0.600000,0.600000,-0.000000,0.597599,0.600000,-0.600000,-0.600000,0.600000,-0.600000,0.600000,-0.600000,0.600000,0.600000,0.600000,-0.600000,-0.600000,-0.600000,0.600000,0.600000,-0.600000,0.600000,-0.600000,-0.600000,-0.600000,-0.600000,-0.600000,0.600000,-0.600000,-0.600000,-0.600000,-0.600000,0.600000,-0.600000,0.611950,0.600000,-0.600000,-0.600000,-0.600000
481,-0.600000,0.600000,-0.600000,1.000000,-0.600000,1.000000,-1.000000,-0.600000,0.600000,-0.600000,-0.600000,0.600000,-0.600000,0.600000,-0.600000,-0.600000,0.600000,-0.600000,-0.600000,-0.651523,-0.604795,0.600000,-0.600000,-0.600000,-0.611950,-0.600000,-0.600000,-0.600000,0.600000,-0.600000,-0.600000,-0.600000,-0.600000,-0.600000,0.600000,-0.000000,0.597599,0.600000,-0.600000,-0.600000,0.600000,-0.600000,0.600000,-0.600000,0.600000,0.600000,0.600000,-0.600000,-0.600000,-0.600000,0.600000,0.600000,-0.600000,0.600000,-0.600000,-0.600000,-0.600000,-0.600000,-0.600000,0.600000,-0.600000,-0.600000,-0.600000,-0.600000,0.600000,-0.600000,0.611950,0.600000,-0.600000,-0.600000,-0.600000
482,-0.600000,0.600000,-0.600000,1.000000,-0.600000,1.000000,-1.000000,-0.600000,0.600000,-0.600000,-0.600000,0.600000,-0.600000,0.600000,-0.600000,-0.600000,0.600000,-0.600000,-0.600000,-0.651523,-0.604795,0.600000,-0.600000,-0.600000,-0.611950,-0.600000,-0.600000,-0.600000,0.600000,-0.600000,-0.600000,-0.600000,-0.600000,-0.600000,0.600000,-0.000000,0.597599,0.600000,-0.600000,-0.600000,0.600000,-0.600000,0.600000,-0.600000,0.600000,0.600000,0.600000,-0.600000,-0.600000,-0.600000,0.600000,0.600000,-0.600000,0.600000,-0.600000,-0.600000,-0.600000,-0.600000,-0.600000,0.600000,-0.600000,-0.600000,-0.600000,-0.600000,0.600000,-0.600000,0.611950,0.600000,-0.600000,-0.600000,-0.600000
483,-0.600000,0.600000,-0.600000,1.000000,-0.600000,1.000000,-1.000000,-0.600000,0.600000,-0.600000,-0.600000,0.600000,-0.600000,0.600000,-0.600000,-0.600000,0.600000,-0.600000,-0.600000,-0.651523,-0.604795,0.600000,-0.600000,-0.600000,-0.611950,-0.600000,-0.600000,-0.600000,0.600000,-0.600000,-0.600000,-0.600000,-0.600000,-0.600000,0.600000,-0.000000,0.597599,0.600000,-0.600000,-0.600000,0.600000,-0.600000,0.600000,-0.600000,0.600000,0.600000,0.600000,-0.600000,-0.600000,-0.600000,0.600000,0.600000,-0.600000,0.600000,-0.600000,-0.600000,-0.600000,-0.600000,-0.600000,0.600000,-0.600000,-0.600000,-0.600000,-0.600000,0.600000,-0.600000,0.611950,0.600000,-0.600000,-0.600000,-0.600000
484,-0.600000,0.600000,-0.600000,1.000000,-0.600000,1.000000,-1.000000,-0.600000,0.600000,-0.600000,-0.600000,0.600000,-0.600000,0.600000,-0.600000,-0.600000,0.600000,-0.600000,-0.600000,-0.651523,-0.604795,0.600000,-0.600000,-0.600000,-0.611950,-0.600000,-0.600000,-0.600000,0.600000,-0.600000,-0.600000,-0.600000,-0.600000,-0.600000,0.600000,-0.000000,0.597599,0.600000,-0.600000,-0.600000,0.600000,-0.600000,0.600000,-0.600000,0.600000,0.600000,0.600000,-0.600000,-0.600000,-0.600000,0.600000,0.600000,-0.600000,0.600000,-0.600000,-0.600000,-0.600000,-0.600000,-0.600000,0.600000,-0.600000,-0.600000,-0.600000,-0.600000,0.600000,-0.600000,0.611950,0.600000,-0.600000,-0.600000,-0.600000
485,-0.600000,0.600000,-0.600000,1.000000,-0.600000,1.000000,-1.000000,-0.600000,0.600000,-0.600000,-0.600000,0.600000,-0.600000,0.600000,-0.600000,-0.600000,0.600000,-0.600000,-0.600000,-0.651523,-0.604795,0.600000,-0.600000,-0.600000,-0.611950,-0.600000,-0.600000,-0.600000,0.600000,-0.600000,-0.600000,-0.600000,-0.600000,-0.600000,0.600000,-0.000000,0.597599,0.600000,-0.600000,-0.600000,0.600000,-0.600000,0.600000,-0.600000,0.600000,0.600000,0.600000,-0.600000,-0.600000,-0.600000,0.600000,0.600000,-0.600000,0.600000,-0.600000,-0.600000,-0.600000,-0.600000,-0.600000,0.600000,-0.600000,-0.600000,-0.600000,-0.600000,0.600000,-0.600000,0.611950,0.600000,-0.600000,-0.600000,-0.600000
486,-0.600000,0.600000,-0.600000,1.000000,-0.600000,1.000000,-1.000000,-0.600000,0.600000,-0.600000,-0.600000,0.600000,-0.600000,0.600000,-0.600000,-0.600000,0.600000,-0.600000,-0.600000,-0.651523,-0.604795,0.600000,-0.600000,-0.600000,-0.611950,-0.600000,-0.600000,-0.600000,0.600000,-0.600000,-0.600000,-0.600000,-0.600000,-0.600000,0.600000,-0.000000,0.597599,0.600000,-0.600000,-0.600000,0.600000,-0.600000,0.600000,-0.600000,0.600000,0.600000,0.600000,-0.600000,-0.600000,-0.600000,0.600000,0.600000,-0.600000,0.600000,-0.600000,-0.600000,-0.600000,-0.600000,-0.600000,0.600000,-0.600000,-0.600000,-0.600000,-0.600000,0.600000,-0.600000,0.611950,0.600000,-0.600000,-0.600000,-0.600000
487,-0.600000,0.600000,-0.600000,1.000000,-0.600000,1.000000,-1.000000,-0.600000,0.600000,-0.600000,-0.600000,0.600000,-0.600000,0.600000,-0.600000,-0.600000,0.600000,-0.600000,-0.600000,-0.651523,-0.604795,0.600000,-0.600000,-0.600000,-0.611950,-0.600000,-0.600000,-0.600000,0.600000,-0.600000,-0.600000,-0.600000,-0.600000,-0.600000,0.600000,-0.000000,0.597599,0.600000,-0.600000,-0.600000,0.600000,-0.600000,0.600000,-0.600000,0.600000,0.600000,0.600000,-0.600000,-0.600000,-0.600000,0.600000,0.600000,-0.600000,0.600000,-0.600000,-0.600000,-0.600000,-0.600000,-0.600000,0.600000,-0.600000,-0.600000,-0.600000,-0.600000,0.600000,-0.600000,0.611950,0.600000,-0.600000,-0.600000,-0.600000
488,-0.600000,0.600000,-0.600000,1.000000,-0.600000,1.000000,-1.000000,-0.600000,0.600000,-0.600000,-0.600000,0.600000,-0.600000,0.600000,-0.600000,-0.600000,0.600000,-0.600000,-0.600000,-0.651523,-0.604795,0.600000,-0.600000,-0.600000,-0.611950,-0.600000,-0.600000,-0.600000,0.600000,-0.600000,-0.600000,-0.600000,-0.600000,-0.600000,0.600000,-0.000000,0.597599,0.600000,-0.600000,-0.600000,0.600000,-0.600000,0.600000,-0.600000,0.600000,0.600000,0.600000,-0.600000,-0.600000,-0.600000,0.600000,0.600000,-0.600000,0.600000,-0.600000,-0.600000,-0.600000,-0.600000,-0.600000,0.600000,-0.600000,-0.600000,-0.600000,-0.600000,0.600000,-0.600000,0.611950,0.600000,-0.600000,-0.600000,-0.600000
489,-0.600000,0.600000,-0.600000,1.000000,-0.600000,1.000000,-1.000000,-0.600000,0.600000,-0.600000,-0.600000,0.600000,-0.600000,0.600000,-0.600000,-0.600000,0.600000,-0.600000,-0.600000,-0.651523,-0.604795,0.600000,-0.600000,-0.600000,-0.611950,-0.600000,-0.600000,-0.600000,0.600000,-0.600000,-0.600000,-0.600000,-0.600000,-0.600000,0.600000,-0.000000,0.597599,0.600000,-0.600000,-0.600000,0.600000,-0.600000,0.600000,-0.600000,0.600000,0.600000,0.600000,-0.600000,-0.600000,-0.600000,0.600000,0.600000,-0.600000,0.600000,-0.600000,-0.600000,-0.600000,-0.600000,-0.600000,0.600000,-0.600000,-0.600000,-0.600000,-0.600000,0.600000,-0.600000,0.611950,0.600000,-0.600000,-0.600000,-0.600000
490,-0.600000,0.600000,-0.600000,1.000000,-0.600000,1.000000,-1.000000,-0.600000,0.600000,-0.600000,-0.600000,0.600000,-0.600000,0.600000,-0.600000,-0.600000,0.600000,-0.600000,-0.600000,-0.651523,-0.604795,0.600000,-0.600000,-0.600000,-0.611950,-0.600000,-0.600000,-0.600000,0.600000,-0.600000,-0.600000,-0.600000,-0.600000,-0.600000,0.600000,-0.000000,0.597599,0.600000,-0.600000,-0.600000,0.600000,-0.600000,0.600000,-0.600000,0.600000,0.600000,0.600000,-0.600000,-0.600000,-0.600000,0.600000,0.600000,-0.600000,0.600000,-0.600000,-0.600000,-0.600000,-0.600000,-0.600000,0.600000,-0.600000,-0.600000,-0.600000,-0.600000,0.600000,-0.600000,0.611950,0.600000,-0.600000,-0.600000,-0.600000
491,-0.600000,0.600000,-0.600000,1.000000,-0.600000,1.000000,-1.000000,-0.600000,0.600000,-0.600000,-0.600000,0.600000,-0.600000,0.600000,-0.600000,-0.600000,0.600000,-0.600000,-0.600000,-0.651523,-0.604795,0.600000,-0.600000,-0.600000,-0.611950,-0.600000,-0.600000,-0.600000,0.600000,-0.600000,-0.600000,-0.600000,-0.600000,-0.600000,0.600000,-0.000000,0.597599,0.600000,-0.600000,-0.600000,0.600000,-0.600000,0.600000,-0.600000,0.600000,0.600000,0.600000,-0.600000,-0.600000,-0.600000,0.600000,0.600000,-0.600000,0.600000,-0.600000,-0.600000,-0.600000,-0.600000,-0.600000,0.600000,-0.600000,-0.600000,-0.600000,-0.600000,0.600000,-0.600000,0.611950,0.600000,-0.600000,-0.600000,-0.600000
492,-0.600000,0.600000,-0.600000,1.000000,-0.600000,1.000000,-1.000000,-0.600000,0.600000,-0.600000,-0.600000,0.600000,-0.600000,0.600000,-0.600000,-0.600000,0.600000,-0.600000,-0.600000,-0.651523,-0.604795,0.600000,-0.600000,-0.600000,-0.611950,-0.600000,-0.600000,-0.600000,0.600000,-0.600000,-0.600000,-0.600000,-0.600000,-0.600000,0.600000,-0.000000,0.597599,0.600000,-0.600000,-0.600000,0.600000,-0.600000,0.600000,-0.600000,0.600000,0.600000,0.600000,-0.600000,-0.600000,-0.600000,0.600000,0.600000,-0.600000,0.600000,-0.600000,-0.600000,-0.600000,-0.600000,-0.600000,0.600000,-0.600000,-0.600000,-0.600000,-0.600000,0.600000,-0.600000,0.611950,0.600000,-0.600000,-0.600000,-0.600000
493,-0.600000,0.600000,-0.600000,1.000000,-0.600000,1.000000,-1.000000,-0.600000,0.600000,-0.600000,-0.600000,0.600000,-0.600000,0.600000,-0.600000,-0.600000,0.600000,-0.600000,-0.600000,-0.651523,-0.604795,0.600000,-0.600000,-0.600000,-0.611950,-0.600000,-0.600000,-0.600000,0.600000,-0.600000,-0.600000,-0.600000,-0.600000,-0.600000,0.600000,-0.000000,0.597599,0.600000,-0.600000,-0.600000,0.600000,-0.600000,0.600000,-0.600000,0.600000,0.600000,0.600000,-0.600000,-0.600000,-0.600000,0.600000,0.600000,-0.600000,0.600000,-0.600000,-0.600000,-0.600000,-0.600000,-0.600000,0.600000,-0.600000,-0.600000,-0.600000,-0.600000,0.600000,-0.600000,0.611950,0.600000,-0.600000,-0.600000,-0.600000
494,-0.600000,0.600000,-0.600000,1.000000,-0.600000,1.000000,-1.000000,-0.600000,0.600000,-0.600000,-0.600000,0.600000,-0.600000,0.600000,-0.600000,-0.600000,0.600000,-0.600000,-0.600000,-0.651523,-0.604795,0.600000,-0.600000,-0.600000,-0.611950,-0.600000,-0.600000,-0.600000,0.600000,-0.600000,-0.600000,-0.600000,-0.600000,-0.600000,0.600000,-0.000000,0.597599,0.600000,-0.600000,-0.600000,0.600000,-0.600000,0.600000,-0.600000,0.600000,0.600000,0.600000,-0.600000,-0.600000,-0.600000,0.600000,0.600000,-0.600000,0.600000,-0.600000,-0.600000,-0.600000,-0.600000,-0.600000,0.600000,-0.600000,-0.600000,-0.600000,-0.600000,0.600000,-0.600000,0.611950,0.600000,-0.600000,-0.600000,-0.600000
495,-0.600000,0.600000,-0.600000,1.000000,-0.600000,1.000000,-1.000000,-0.600000,0.600000,-0.600000,-0.600000,0.600000,-0.600000,0.600000,-0.600000,-0.600000,0.600000,-0.600000,-0.600000,-0.651523,-0.604795,0.600000,-0.600000,-0.600000,-0.611950,-0.600000,-0.600000,-0.600000,0.600000,-0.600000,-0.600000,-0.600000,-0.600000,-0.600000,0.600000,-0.000000,0.597599,0.600000,-0.600000,-0.600000,0.600000,-0.600000,0.600000,-0.600000,0.600000,0.600000,0.600000,-0.600000,-0.600000,-0.600000,0.600000,0.600000,-0.600000,0.600000,-0.600000,-0.600000,-0.600000,-0.600000,-0.600000,0.600000,-0.600000,-0.600000,-0.600000,-0.600000,0.600000,-0.600000,0.611950,0.600000,-0.600000,-0.600000,-0.600000
496,-0.600000,0.600000,-0.600000,1.000000,-0.600000,1.000000,-1.000000,-0.600000,0.600000,-0.600000,-0.600000,0.600000,-0.600000,0.600000,-0.600000,-0.600000,0.600000,-0.600000,-0.600000,-0.651523,-0.604795,0.600000,-0.600000,-0.600000,-0.611950,-0.600000,-0.600000,-0.600000,0.600000,-0.600000,-0.600000,-0.600000,-0.600000,-0.600000,0.600000,-0.000000,0.597599,0.600000,-0.600000,-0.600000,0.600000,-0.600000,0.600000,-0.600000,0.600000,0.600000,0.600000,-0.600000,-0.600000,-0.600000,0.600000,0.600000,-0.600000,0.600000,-0.600000,-0.600000,-0.600000,-0.600000,-0.600000,0.600000,-0.600000,-0.600000,-0.600000,-0.600000,0.600000,-0.600000,0.611950,0.600000,-0.600000,-0.600000,-0.600000
497,-0.600000,0.600000,-0.600000,1.000000,-0.600000,1.000000,-1.000000,-0.600000,0.600000,-0.600000,-0.600000,0.600000,-0.600000,0.600000,-0.600000,-0.600000,0.600000,-0.600000,-0.600000,-0.651523,-0.604795,0.600000,-0.600000,-0.600000,-0.611950,-0.600000,-0.600000,-0.600000,0.600000,-0.600000,-0.600000,-0.600000,-0.600000,-0.600000,0.600000,-0.000000,0.597599,0.600000,-0.600000,-0.600000,0.600000,-0.600000,0.600000,-0.600000,0.600000,0.600000,0.600000,-0.600000,-0.600000,-0.600000,0.600000,0.600000,-0.600000,0.600000,-0.600000,-0.600000,-0.600000,-0.600000,-0.600000,0.600000,-0.600000,-0.600000,-0.600000,-0.600000,0.600000,-0.600000,0.611950,0.600000,-0.600000,-0.600000,-0.600000
498,-0.600000,0.600000,-0.600000,1.000000,-0.600000,1.000000,-1.000000,-0.600000,0.600000,-0.600000,-0.600000,0.600000,-0.600000,0.600000,-0.600000,-0.600000,0.600000,-0.600000,-0.600000,-0.651523,-0.604795,0.600000,-0.600000,-0.600000,-0.611950,-0.600000,-0.600000,-0.600000,0.600000,-0.600000,-0.600000,-0.600000,-0.600000,-0.600000,0.600000,-0.000000,0.597599,0.600000,-0.600000,-0.600000,0.600000,-0.600000,0.600000,-0.600000,0.600000,0.600000,0.600000,-0.600000,-0.600000,-0.600000,0.600000,0.600000,-0.600000,0.600000,-0.600000,-0.600000,-0.600000,-0.600000,-0.600000,0.600000,-0.600000,-0.600000,-0.600000,-0.600000,0.600000,-0.600000,0.611950,0.600000,-0.600000,-0.600000,-0.600000
499,-0.600000,0.600000,-0.600000,1.000000,-0.600000,1.000000,-1.000000,-0.600000,0.600000,-0.600000,-0.600000,0.600000,-0.600000,0.600000,-0.600000,-0.600000,0.600000,-0.600000,-0.600000,-0.651523,-0.604795,0.600000,-0.600000,-0.600000,-0.611950,-0.600000,-0.600000,-0.600000,0.600000,-0.600000,-0.600000,-0.600000,-0.600000,-0.600000,0.600000,-0.000000,0.597599,0.600000,-0.600000,-0.600000,0.600000,-0.600000,0.600000,-0.600000,0.600000,0.600000,0.600000,-0.600000,-0.600000,-0.600000,0.600000,0.600000,-0.600000,0.600000,-0.600000,-0.600000,-0.600000,-0.600000,-0.600000,0.600000,-0.600000,-0.600000,-0.600000,-0.600000,0.600000,-0.600000,0.611950,0.600000,-0.600000,-0.600000,-0.600000
500,-0.600000,0.600000,-0.600000,1.000000,-0.600000,1.000000,-1.000000,-0.600000,0.600000,-0.600000,-0.600000,0.600000,-0.600000,0.600000,-0.600000,-0.600000,0.600000,-0.600000,-0.600000,-0.651523,-0.604795,0.600000,-0.600000,-0.600000,-0.611950,-0.600000,-0.600000,-0.600000,0.600000,-0.600000,-0.600000,-0.600000,-0.600000,-0.600000,0.600000,-0.000000,0.597599,0.600000,-0.600000,-0.600000,0.600000,-0.600000,0.600000,-0.600000,0.600000,0.600000,0.600000,-0.600000,-0.600000,-0.600000,0.600000,0.600000,-0.600000,0.600000,-0.600000,-0.600000,-0.600000,-0.600000,-0.600000,0.600000,-0.600000,-0.600000,-0.600000,-0.600000,0.600000,-0.600000,0.611950,0.600000,-0.600000,-0.600000,-0.600000
501,-0.600000,0.600000,-0.600000,1.000000,-0.600000,1.000000,-1.000000,-0.600000,0.600000,-0.600000,-0.600000,0.600000,-0.600000,0.600000,-0.600000,-0.600000,0.600000,-0.600000,-0.600000,-0.651523,-0.604795,0.600000,-0.600000,-0.600000,-0.611950,-0.600000,-0.600000,-0.600000,0.600000,-0.600000,-0.600000,-0.600000,-0.600000,-0.600000,0.600000,-0.000000,0.597599,0.600000,-0.600000,-0.600000,0.600000,-0.600000,0.600000,-0.600000,0.600000,0.600000,0.600000,-0.600000,-0.600000,-0.600000,0.600000,0.600000,-0.600000,0.600000,-0.600000,-0.600000,-0.600000,-0.600000,-0.600000,0.600000,-0.600000,-0.600000,-0.600000,-0.600000,0.600000,-0.600000,0.611950,0.600000,-0.600000,-0.600000,-0.600000
502,-0.600000,0.600000,-0.600000,1.000000,-0.600000,1.000000,-1.000000,-0.600000,0.600000,-0.600000,-0.600000,0.600000,-0.600000,0.600000,-0.600000,-0.600000,0.600000,-0.600000,-0.600000,-0.651523,-0.604795,0.600000,-0.600000,-0.600000,-0.611950,-0.600000,-0.600000,-0.600000,0.600000,-0.600000,-0.600000,-0.600000,-0.600000,-0.600000,0.600000,-0.000000,0.597599,0.600000,-0.600000,-0.600000,0.600000,-0.600000,0.600000,-0.600000,0.600000,0.600000,0.600000,-0.600000,-0.600000,-0.600000,0.600000,0.600000,-0.600000,0.600000,-0.600000,-0.600000,-0.600000,-0.600000,-0.600000,0.600000,-0.600000,-0.600000,-0.600000,-0.600000,0.600000,-0.600000,0.611950,0.600000,-0.600000,-0.600000,-0.600000
503,-0.600000,0.600000,-0.600000,1.000000,-0.600000,1.000000,-1.000000,-0.600000,0.600000,-0.600000,-0.600000,0.600000,-0.600000,0.600000,-0.600000,-0.600000,0.600000,-0.600000,-0.600000,-0.651523,-0.604795,0.600000,-0.600000,-0.600000,-0.611950,-0.600000,-0.600000,-0.600000,0.600000,-0.600000,-0.600000,-0.600000,-0.600000,-0.600000,0.600000,-0.000000,0.597599,0.600000,-0.600000,-0.600000,0.600000,-0.600000,0.600000,-0.600000,0.600000,0.600000,0.600000,-0.600000,-0.600000,-0.600000,0.600000,0.600000,-0.600000,0.600000,-0.600000,-0.600000,-0.600000,-0.600000,-0.600000,0.600000,-0.600000,-0.600000,-0.600000,-0.600000,0.600000,-0.600000,0.611950,0.600000,-0.600000,-0.600000,-0.600000
504,-0.600000,0.600000,-0.600000,1.000000,-0.600000,1.000000,-1.000000,-0.600000,0.600000,-0.600000,-0.600000,0.600000,-0.600000,0.600000,-0.600000,-0.600000,0.600000,-0.600000,-0.600000,-0.651523,-0.604795,0.600000,-0.600000,-0.600000,-0.611950,-0.600000,-0.600000,-0.600000,0.600000,-0.600000,-0.600000,-0.600000,-0.600000,-0.600000,0.600000,-0.000000,0.597599,0.600000,-0.600000,-0.600000,0.600000,-0.600000,0.600000,-0.600000,0.600000,0.600000,0.600000,-0.600000,-0.600000,-0.600000,0.600000,0.600000,-0.600000,0.600000,-0.600000,-0.600000,-0.600000,-0.600000,-0.600000,0.600000,-0.600000,-0.600000,-0.600000,-0.600000,0.600000,-0.600000,0.611950,0.600000,-0.600000,-0.600000,-0.600000
505,-0.600000,0.600000,-0.600000,1.000000,-0.600000,1.000000,-1.000000,-0.600000,0.600000,-0.600000,-0.600000,0.600000,-0.600000,0.600000,-0.600000,-0.600000,0.600000,-0.600000,-0.600000,-0.651523,-0.604795,0.600000,-0.600000,-0.600000,-0.611950,-0.600000,-0.600000,-0.600000,0.600000,-0.600000,-0.600000,-0.600000,-0.600000,-0.600000,0.600000,-0.000000,0.597599,0.600000,-0.600000,-0.600000,0.600000,-0.600000,0.600000,-0.600000,0.600000,0.600000,0.600000,-0.600000,-0.600000,-0.600000,0.600000,0.600000,-0.600000,0.600000,-0.600000,-0.600000,-0.600000,-0.600000,-0.600000,0.600000,-0.600000,-0.600000,-0.600000,-0.600000,0.600000,-0.600000,0.611950,0.600000,-0.600000,-0.600000,-0.600000
506,-0.600000,0.600000,-0.600000,1.000000,-0.600000,1.000000,-1.000000,-0.600000,0.600000,-0.600000,-0.600000,0.600000,-0.600000,0.600000,-0.600000,-0.600000,0.600000,-0.600000,-0.600000,-0.651523,-0.604795,0.600000,-0.600000,-0.600000,-0.611950,-0.600000,-0.600000,-0.600000,0.600000,-0.600000,-0.600000,-0.600000,-0.600000,-0.600000,0.600000,-0.000000,0.597599,0.600000,-0.600000,-0.600000,0.600000,-0.600000,0.600000,-0.600000,0.600000,0.600000,0.600000,-0.600000,-0.600000,-0.600000,0.600000,0.600000,-0.600000,0.600000,-0.600000,-0.600000,-0.600000,-0.600000,-0.600000,0.600000,-0.600000,-0.600000,-0.600000,-0.600000,0.600000,-0.600000,0.611950,0.600000,-0.600000,-0.600000,-0.600000
507,-0.600000,0.600000,-0.600000,1.000000,-0.600000,1.000000,-1.000000,-0.600000,0.600000,-0.600000,-0.600000,0.600000,-0.600000,0.600000,-0.600000,-0.600000,0.600000,-0.600000,-0.600000,-0.651523,-0.604795,0.600000,-0.600000,-0.600000,-0.611950,-0.600000,-0.600000,-0.600000,0.600000,-0.600000,-0.600000,-0.600000,-0.600000,-0.600000,0.600000,-0.000000,0.597599,0.600000,-0.600000,-0.600000,0.600000,-0.600000,0.600000,-0.600000,0.600000,0.600000,0.600000,-0.600000,-0.600000,-0.600000,0.600000,0.600000,-0.600000,0.600000,-0.600000,-0.600000,-0.600000,-0.600000,-0.600000,0.600000,-0.600000,-0.600000,-0.600000,-0.600000,0.600000,-0.600000,0.611950,0.600000,-0.600000,-0.600000,-0.600000
508,-0.600000,0.600000,-0.600000,1.000000,-0.600000,1.000000,-1.000000,-0.600000,0.600000,-0.600000,-0.600000,0.600000,-0.600000,0.600000,-0.600000,-0.600000,0.600000,-0.600000,-0.600000,-0.651523,-0.604795,0.600000,-0.600000,-0.600000,-0.611950,-0.600000,-0.600000,-0.600000,0.600000,-0.600000,-0.600000,-0.600000,-0.600000,-0.600000,0.600000,-0.000000,0.597599,0.600000,-0.600000,-0.600000,0.600000,-0.600000,0.600000,-0.600000,0.600000,0.600000,0.600000,-0.600000,-0.600000,-0.600000,0.600000,0.600000,-0.600000,0.600000,-0.600000,-0.600000,-0.600000,-0.600000,-0.600000,0.600000,-0.600000,-0.600000,-0.600000,-0.600000,0.600000,-0.600000,0.611950,0.600000,-0.600000,-0.600000,-0.600000
509,-0.600000,0.600000,-0.600000,1.000000,-0.600000,1.000000,-1.000000,-0.600000,0.600000,-0.600000,-0.600000,0.600000,-0.600000,0.600000,-0.600000,-0.600000,0.600000,-0.600000,-0.600000,-0.651523,-0.604795,0.600000,-0.600000,-0.600000,-0.611950,-0.600000,-0.600000,-0.600000,0.600000,-0.600000,-0.600000,-0.600000,-0.600000,-0.600000,0.600000,-0.000000,0.597599,0.600000,-0.600000,-0.600000,0.600000,-0.600000,0.600000,-0.600000,0.600000,0.600000,0.600000,-0.600000,-0.600000,-0.600000,0.600000,0.600000,-0.600000,0.600000,-0.600000,-0.600000,-0.600000,-0.600000,-0.600000,0.600000,-0.600000,-0.600000,-0.600000,-0.600000,0.600000,-0.600000,0.611950,0.600000,-0.600000,-0.600000,-0.600000
510,-0.600000,0.600000,-0.600000,1.000000,-0.600000,1.000000,-1.000000,-0.600000,0.600000,-0.600000,-0.600000,0.600000,-0.600000,0.600000,-0.600000,-0.600000,0.600000,-0.600000,-0.600000,-0.651523,-0.604795,0.600000,-0.600000,-0.600000,-0.611950,-0.600000,-0.600000,-0.600000,0.600000,-0.600000,-0.600000,-0.600000,-0.600000,-0.600000,0.600000,-0.000000,0.597599,0.600000,-0.600000,-0.600000,0.600000,-0.600000,0.600000,-0.600000,0.600000,0.600000,0.600000,-0.600000,-0.600000,-0.600000,0.600000,0.600000,-0.600000,0.600000,-0.600000,-0.600000,-0.600000,-0.600000,-0.600000,0.600000,-0.600000,-0.600000,-0.600000,-0.600000,0.600000,-0.600000,0.611950,0.600000,-0.600000,-0.600000,-0.600000
511,-0.600000,0.600000,-0.600000,1.000000,-0.600000,1.000000,-1.000000,-0.600000,0.600000,-0.600000,-0.600000,0.600000,-0.600000,0.600000,-0.600000,-0.600000,0.600000,-0.600000,-0.600000,-0.651523,-0.604795,0.600000,-0.600000,-0.600000,-0.611950,-0.600000,-0.600000,-0.600000,0.600000,-0.600000,-0.600000,-0.600000,-0.600000,-0.600000,0.600000,-0.000000,0.597599,0.600000,-0.600000,-0.600000,0.600000,-0.600000,0.600000,-0.600000,0.600000,0.600000,0.600000,-0.600000,-0.600000,-0.600000,0.600000,0.600000,-0.600000,0.600000,-0.600000,-0.600000,-0.600000,-0.600000,-0.600000,0.600000,-0.600000,-0.600000,-0.600000,-0.600000,0.600000,-0.600000,0.611950,0.600000,-0.600000,-0.600000,-0.600000
512,-0.600000,0.600000,-0.600000,1.000000,-0.600000,1.000000,-1.000000,-0.600000,0.600000,-0.600000,-0.600000,0.600000,-0.600000,0.600000,-0.600000,-0.600000,0.600000,-0.600000,-0.600000,-0.651523,-0.604795,0.600000,-0.600000,-0.600000,-0.611950,-0.600000,-0.600000,-0.600000,0.600000,-0.600000,-0.600000,-0.600000,-0.600000,-0.600000,0.600000,-0.000000,0.597599,0.600000,-0.600000,-0.600000,0.600000,-0.600000,0.600000,-0.600000,0.600000,0.600000,0.600000,-0.600000,-0.600000,-0.600000,0.600000,0.600000,-0.600000,0.600000,-0.600000,-0.600000,-0.600000,-0.600000,-0.600000,0.600000,-0.600000,-0.600000,-0.600000,-0.600000,0.600000,-0.600000,0.611950,0.600000,-0.600000,-0.600000,-0.600000
513,-0.600000,0.600000,-0.600000,1.000000,-0.600000,1.000000,-1.000000,-0.600000,0.600000,-0.600000,-0.600000,0.600000,-0.600000,0.600000,-0.600000,-0.600000,0.600000,-0.600000,-0.600000,-0.651523,-0.604795,0.600000,-0.600000,-0.600000,-0.611950,-0.600000,-0.600000,-0.600000,0.600000,-0.600000,-0.600000,-0.600000,-0.600000,-0.600000,0.600000,-0.000000,0.597599,0.600000,-0.600000,-0.600000,0.600000,-0.600000,0.600000,-0.600000,0.600000,0.600000,0.600000,-0.600000,-0.600000,-0.600000,0.600000,0.600000,-0.600000,0.600000,-0.600000,-0.600000,-0.600000,-0.600000,-0.600000,0.600000,-0.600000,-0.600000,-0.600000,-0.600000,0.600000,-0.600000,0.611950,0.600000,-0.600000,-0.600000,-0.600000
514,-0.600000,0.600000,-0.600000,1.000000,-0.600000,1.000000,-1.000000,-0.600000,0.600000,-0.600000,-0.600000,0.600000,-0.600000,0.600000,-0.600000,-0.600000,0.600000,-0.600000,-0.600000,-0.651523,-0.604795,0.600000,-0.600000,-0.600000,-0.611950,-0.600000,-0.600000,-0.600000,0.600000,-0.600000,-0.600000,-0.600000,-0.600000,-0.600000,0.600000,-0.000000,0.597599,0.600000,-0.600000,-0.600000,0.600000,-0.600000,0.600000,-0.600000,0.600000,0.600000,0.600000,-0.600000,-0.600000,-0.600000,0.600000,0.600000,-0.600000,0.600000,-0.600000,-0.600000,-0.600000,-0.600000,-0.600000,0.600000,-0.600000,-0.600000,-0.600000,-0.600000,0.600000,-0.600000,0.611950,0.600000,-0.600000,-0.600000,-0.600000
515,-0.600000,0.600000,-0.600000,1.000000,-0.600000,1.000000,-1.000000,-0.600000,0.600000,-0.600000,-0.600000,0.600000,-0.600000,0.600000,-0.600000,-0.600000,0.600000,-0.600000,-0.600000,-0.651523,-0.604795,0.600000,-0.600000,-0.600000,-0.611950,-0.600000,-0.600000,-0.600000,0.600000,-0.600000,-0.600000,-0.600000,-0.600000,-0.600000,0.600000,-0.000000,0.597599,0.600000,-0.600000,-0.600000,0.600000,-0.600000,0.600000,-0.600000,0.600000,0.600000,0.600000,-0.600000,-0.600000,-0.600000,0.600000,0.600000,-0.600000,0.600000,-0.600000,-0.600000,-0.600000,-0.600000,-0.600000,0.600000,-0.600000,-0.600000,-0.600000,-0.600000,0.600000,-0.600000,0.611950,0.600000,-0.600000,-0.600000,-0.600000
516,-0.600000,0.600000,-0.600000,1.000000,-0.600000,1.000000,-1.000000,-0.600000,0.600000,-0.600000,-0.600000,0.600000,-0.600000,0.600000,-0.600000,-0.600000,0.600000,-0.600000,-0.600000,-0.651523,-0.604795,0.600000,-0.600000,-0.600000,-0.611950,-0.600000,-0.600000,-0.600000,0.600000,-0.600000,-0.600000,-0.600000,-0.600000,-0.600000,0.600000,-0.000000,0.597599,0.600000,-0.600000,-0.600000,0.600000,-0.600000,0.600000,-0.600000,0.600000,0.600000,0.600000,-0.600000,-0.600000,-0.600000,0.600000,0.600000,-0.600000,0.600000,-0.600000,-0.600000,-0.600000,-0.600000,-0.600000,0.600000,-0.600000,-0.600000,-0.600000,-0.600000,0.600000,-0.600000,0.611950,0.600000,-0.600000,-0.600000,-0.600000
517,-0.600000,0.600000,-0.600000,1.000000,-0.600000,1.000000,-1.000000,-0.600000,0.600000,-0.600000,-0.600000,0.600000,-0.600000,0.600000,-0.600000,-0.600000,0.600000,-0.600000,-0.600000,-0.651523,-0.604795,0.600000,-0.600000,-0.600000,-0.611950,-0.600000,-0.600000,-0.600000,0.600000,-0.600000,-0.600000,-0.600000,-0.600000,-0.600000,0.600000,-0.000000,0.597599,0.600000,-0.600000,-0.600000,0.600000,-0.600000,0.600000,-0.600000,0.600000,0.600000,0.600000,-0.600000,-0.600000,-0.600000,0.600000,0.600000,-0.600000,0.600000,-0.600000,-0.600000,-0.600000,-0.600000,-0.600000,0.600000,-0.600000,-0.600000,-0.600000,-0.600000,0.600000,-0.600000,0.611950,0.600000,-0.600000,-0.600000,-0.600000
518,-0.600000,0.600000,-0.600000,1.000000,-0.600000,1.000000,-1.000000,-0.600000,0.600000,-0.600000,-0.600000,0.600000,-0.600000,0.600000,-0.600000,-0.600000,0.600000,-0.600000,-0.600000,-0.651523,-0.604795,0.600000,-0.600000,-0.600000,-0.611950,-0.600000,-0.600000,-0.600000,0.600000,-0.600000,-0.600000,-0.600000,-0.600000,-0.600000,0.600000,-0.000000,0.597599,0.600000,-0.600000,-0.600000,0.600000,-0.600000,0.600000,-0.600000,0.600000,0.600000,0.600000,-0.600000,-0.600000,-0.600000,0.600000,0.600000,-0.600000,0.600000,-0.600000,-0.600000,-0.600000,-0.600000,-0.600000,0.600000,-0.600000,-0.600000,-0.600000,-0.600000,0.600000,-0.600000,0.611950,0.600000,-0.600000,-0.600000,-0.600000
519,-0.600000,0.600000,-0.600000,1.000000,-0.600000,1.000000,-1.000000,-0.600000,0.600000,-0.600000,-0.600000,0.600000,-0.600000,0.600000,-0.600000,-0.600000,0.600000,-0.600000,-0.600000,-0.651523,-0.604795,0.600000,-0.600000,-0.600000,-0.611950,-0.600000,-0.600000,-0.600000,0.600000,-0.600000,-0.600000,-0.600000,-0.600000,-0.600000,0.600000,-0.000000,0.597599,0.600000,-0.600000,-0.600000,0.600000,-0.600000,0.600000,-0.600000,0.600000,0.600000,0.600000,-0.600000,-0.600000,-0.600000,0.600000,0.600000,-0.600000,0.600000,-0.600000,-0.600000,-0.600000,-0.600000,-0.600000,0.600000,-0.600000,-0.600000,-0.600000,-0.600000,0.600000,-0.600000,0.611950,0.600000,-0.600000,-0.600000,-0.600000
520,-0.600000,0.600000,-0.600000,1.000000,-0.600000,1.000000,-1.000000,-0.600000,0.600000,-0.600000,-0.600000,0.600000,-0.600000,0.600000,-0.600000,-0.600000,0.600000,-0.600000,-0.600000,-0.651523,-0.604795,0.600000,-0.600000,-0.600000,-0.611950,-0.600000,-0.600000,-0.600000,0.600000,-0.600000,-0.600000,-0.600000,-0.600000,-0.600000,0.600000,-0.000000,0.597599,0.600000,-0.600000,-0.600000,0.600000,-0.600000,0.600000,-0.600000,0.600000,0.600000,0.600000,-0.600000,-0.600000,-0.600000,0.600000,0.600000,-0.600000,0.600000,-0.600000,-0.600000,-0.600000,-0.600000,-0.600000,0.600000,-0.600000,-0.600000,-0.600000,-0.600000,0.600000,-0.600000,0.611950,0.600000,-0.600000,-0.600000,-0.600000
521,-0.600000,0.600000,-0.600000,1.000000,-0.600000,1.000000,-1.000000,-0.600000,0.600000,-0.600000,-0.600000,0.600000,-0.600000,0.600000,-0.600000,-0.600000,0.600000,-0.600000,-0.600000,-0.651523,-0.604795,0.600000,-0.600000,-0.600000,-0.611950,-0.600000,-0.600000,-0.600000,0.600000,-0.600000,-0.600000,-0.600000,-0.600000,-0.600000,0.600000,-0.000000,0.597599,0.600000,-0.600000,-0.600000,0.600000,-0.600000,0.600000,-0.600000,0.600000,0.600000,0.600000,-0.600000,-0.600000,-0.600000,0.600000,0.600000,-0.600000,0.600000,-0.600000,-0.600000,-0.600000,-0.600000,-0.600000,0.600000,-0.600000,-0.600000,-0.600000,-0.600000,0.600000,-0.600000,0.611950,0.600000,-0.600000,-0.600000,-0.600000
522,-0.600000,0.600000,-0.600000,1.000000,-0.600000,1.000000,-1.000000,-0.600000,0.600000,-0.600000,-0.600000,0.600000,-0.600000,0.600000,-0.600000,-0.600000,0.600000,-0.600000,-0.600000,-0.651523,-0.604795,0.600000,-0.600000,-0.600000,-0.611950,-0.600000,-0.600000,-0.600000,0.600000,-0.600000,-0.600000,-0.600000,-0.600000,-0.600000,0.600000,-0.000000,0.597599,0.600000,-0.600000,-0.600000,0.600000,-0.600000,0.600000,-0.600000,0.600000,0.600000,0.600000,-0.600000,-0.600000,-0.600000,0.600000,0.600000,-0.600000,0.600000,-0.600000,-0.600000,-0.600000,-0.600000,-0.600000,0.600000,-0.600000,-0.600000,-0.600000,-0.600000,0.600000,-0.600000,0.611950,0.600000,-0.600000,-0.600000,-0.600000
523,-0.600000,0.600000,-0.600000,1.000000,-0.600000,1.000000,-1.000000,-0.600000,0.600000,-0.600000,-0.600000,0.600000,-0.600000,0.600000,-0.600000,-0.600000,0.600000,-0.600000,-0.600000,-0.651523,-0.604795,0.600000,-0.600000,-0.600000,-0.611950,-0.600000,-0.600000,-0.600000,0.600000,-0.600000,-0.600000,-0.600000,-0.600000,-0.600000,0.600000,-0.000000,0.597599,0.600000,-0.600000,-0.600000,0.600000,-0.600000,0.600000,-0.600000,0.600000,0.600000,0.600000,-0.600000,-0.600000,-0.600000,0.600000,0.600000,-0.600000,0.600000,-0.600000,-0.600000,-0.600000,-0.600000,-0.600000,0.600000,-0.600000,-0.600000,-0.600000,-0.600000,0.600000,-0.600000,0.611950,0.600000,-0.600000,-0.600000,-0.600000
524,-0.600000,0.600000,-0.600000,1.000000,-0.600000,1.000000,-1.000000,-0.600000,0.600000,-0.600000,-0.600000,0.600000,-0.600000,0.600000,-0.600000,-0.600000,0.600000,-0.600000,-0.600000,-0.651523,-0.604795,0.600000,-0.600000,-0.600000,-0.611950,-0.600000,-0.600000,-0.600000,0.600000,-0.600000,-0.600000,-0.600000,-0.600000,-0.600000,0.600000,-0.000000,0.597599,0.600000,-0.600000,-0.600000,0.600000,-0.600000,0.600000,-0.600000,0.600000,0.600000,0.600000,-0.600000,-0.600000,-0.600000,0.600000,0.600000,-0.600000,0.600000,-0.600000,-0.600000,-0.600000,-0.600000,-0.600000,0.600000,-0.600000,-0.600000,-0.600000,-0.600000,0.600000,-0.600000,0.611950,0.600000,-0.600000,-0.600000,-0.600000
525,-0.600000,0.600000,-0.600000,1.000000,-0.600000,1.000000,-1.000000,-0.600000,0.600000,-0.600000,-0.600000,0.600000,-0.600000,0.600000,-0.600000,-0.600000,0.600000,-0.600000,-0.600000,-0.651523,-0.604795,0.600000,-0.600000,-0.600000,-0.611950,-0.600000,-0.600000,-0.600000,0.600000,-0.600000,-0.600000,-0.600000,-0.600000,-0.600000,0.600000,-0.000000,0.597599,0.600000,-0.600000,-0.600000,0.600000,-0.600000,0.600000,-0.600000,0.600000,0.600000,0.600000,-0.600000,-0.600000,-0.600000,0.600000,0.600000,-0.600000,0.600000,-0.600000,-0.600000,-0.600000,-0.600000,-0.600000,0.600000,-0.600000,-0.600000,-0.600000,-0.600000,0.600000,-0.600000,0.611950,0.600000,-0.600000,-0.600000,-0.600000
526,-0.600000,0.600000,-0.600000,1.000000,-0.600000,1.000000,-1.000000,-0.600000,0.600000,-0.600000,-0.600000,0.600000,-0.600000,0.600000,-0.600000,-0.600000,0.600000,-0.600000,-0.600000,-0.651523,-0.604795,0.600000,-0.600000,-0.600000,-0.611950,-0.600000,-0.600000,-0.600000,0.600000,-0.600000,-0.600000,-0.600000,-0.600000,-0.600000,0.600000,-0.000000,0.597599,0.600000,-0.600000,-0.600000,0.600000,-0.600000,0.600000,-0.600000,0.600000,0.600000,0.600000,-0.600000,-0.600000,-0.600000,0.600000,0.600000,-0.600000,0.600000,-0.600000,-0.600000,-0.600000,-0.600000,-0.600000,0.600000,-0.600000,-0.600000,-0.600000,-0.600000,0.600000,-0.600000,0.611950,0.600000,-0.600000,-0.600000,-0.600000
527,-0.600000,0.600000,-0.600000,1.000000,-0.600000,1.000000,-1.000000,-0.600000,0.600000,-0.600000,-0.600000,0.600000,-0.600000,0.600000,-0.600000,-0.600000,0.600000,-0.600000,-0.600000,-0.651523,-0.604795,0.600000,-0.600000,-0.600000,-0.611950,-0.600000,-0.600000,-0.600000,0.600000,-0.600000,-0.600000,-0.600000,-0.600000,-0.600000,0.600000,-0.000000,0.597599,0.600000,-0.600000,-0.600000,0.600000,-0.600000,0.600000,-0.600000,0.600000,0.600000,0.600000,-0.600000,-0.600000,-0.600000,0.600000,0.600000,-0.600000,0.600000,-0.600000,-0.600000,-0.600000,-0.600000,-0.600000,0.600000,-0.600000,-0.600000,-0.600000,-0.600000,0.600000,-0.600000,0.611950,0.600000,-0.600000,-0.600000,-0.600000
528,-0.600000,0.600000,-0.600000,1.000000,-0.600000,1.000000,-1.000000,-0.600000,0.600000,-0.600000,-0.600000,0.600000,-0.600000,0.600000,-0.600000,-0.600000,0.600000,-0.600000,-0.600000,-0.651523,-0.604795,0.600000,-0.600000,-0.600000,-0.611950,-0.600000,-0.600000,-0.600000,0.600000,-0.600000,-0.600000,-0.600000,-0.600000,-0.600000,0.600000,-0.000000,0.597599,0.600000,-0.600000,-0.600000,0.600000,-0.600000,0.600000,-0.600000,0.600000,0.600000,0.600000,-0.600000,-0.600000,-0.600000,0.600000,0.600000,-0.600000,0.600000,-0.600000,-0.600000,-0.600000,-0.600000,-0.600000,0.600000,-0.600000,-0.600000,-0.600000,-0.600000,0.600000,-0.600000,0.611950,0.600000,-0.600000,-0.600000,-0.600000
529,-0.600000,0.600000,-0.600000,1.000000,-0.600000,1.000000,-1.000000,-0.600000,0.600000,-0.600000,-0.600000,0.600000,-0.600000,0.600000,-0.600000,-0.600000,0.600000,-0.600000,-0.600000,-0.651523,-0.604795,0.600000,-0.600000,-0.600000,-0.611950,-0.600000,-0.600000,-0.600000,0.600000,-0.600000,-0.600000,-0.600000,-0.600000,-0.600000,0.600000,-0.000000,0.597599,0.600000,-0.600000,-0.600000,0.600000,-0.600000,0.600000,-0.600000,0.600000,0.600000,0.600000,-0.600000,-0.600000,-0.600000,0.600000,0.600000,-0.600000,0.600000,-0.600000,-0.600000,-0.600000,-0.600000,-0.600000,0.600000,-0.600000,-0.600000,-0.600000,-0.600000,0.600000,-0.600000,0.611950,0.600000,-0.600000,-0.600000,-0.600000
530,-0.600000,0.600000,-0.600000,1.000000,-0.600000,1.000000,-1.000000,-0.600000,0.600000,-0.600000,-0.600000,0.600000,-0.600000,0.600000,-0.600000,-0.600000,0.600000,-0.600000,-0.600000,-0.651523,-0.604795,0.600000,-0.600000,-0.600000,-0.611950,-0.600000,-0.600000,-0.600000,0.600000,-0.600000,-0.600000,-0.600000,-0.600000,-0.600000,0.600000,-0.000000,0.597599,0.600000,-0.600000,-0.600000,0.600000,-0.600000,0.600000,-0.600000,0.600000,0.600000,0.600000,-0.600000,-0.600000,-0.600000,0.600000,0.600000,-0.600000,0.600000,-0.600000,-0.600000,-0.600000,-0.600000,-0.600000,0.600000,-0.600000,-0.600000,-0.600000,-0.600000,0.600000,-0.600000,0.611950,0.600000,-0.600000,-0.600000,-0.600000
531,-0.600000,0.600000,-0.600000,1.000000,-0.600000,1.000000,-1.000000,-0.600000,0.600000,-0.600000,-0.600000,0.600000,-0.600000,0.600000,-0.600000,-0.600000,0.600000,-0.600000,-0.600000,-0.651523,-0.604795,0.600000,-0.600000,-0.600000,-0.611950,-0.600000,-0.600000,-0.600000,0.600000,-0.600000,-0.600000,-0.600000,-0.600000,-0.600000,0.600000,-0.000000,0.597599,0.600000,-0.600000,-0.600000,0.600000,-0.600000,0.600000,-0.600000,0.600000,0.600000,0.600000,-0.600000,-0.600000,-0.600000,0.600000,0.600000,-0.600000,0.600000,-0.600000,-0.600000,-0.600000,-0.600000,-0.600000,0.600000,-0.600000,-0.600000,-0.600000,-0.600000,0.600000,-0.600000,0.611950,0.600000,-0.600000,-0.600000,-0.600000
532,-0.600000,0.600000,-0.600000,1.000000,-0.600000,1.000000,-1.000000,-0.600000,0.600000,-0.600000,-0.600000,0.600000,-0.600000,0.600000,-0.600000,-0.600000,0.600000,-0.600000,-0.600000,-0.651523,-0.604795,0.600000,-0.600000,-0.600000,-0.611950,-0.600000,-0.600000,-0.600000,0.600000,-0.600000,-0.600000,-0.600000,-0.600000,-0.600000,0.600000,-0.000000,0.597599,0.600000,-0.600000,-0.600000,0.600000,-0.600000,0.600000,-0.600000,0.600000,0.600000,0.600000,-0.600000,-0.600000,-0.600000,0.600000,0.600000,-0.600000,0.600000,-0.600000,-0.600000,-0.600000,-0.600000,-0.600000,0.600000,-0.600000,-0.600000,-0.600000,-0.600000,0.600000,-0.600000,0.611950,0.600000,-0.600000,-0.600000,-0.600000
533,-0.600000,0.600000,-0.600000,1.000000,-0.600000,1.000000,-1.000000,-0.600000,0.600000,-0.600000,-0.600000,0.600000,-0.600000,0.600000,-0.600000,-0.600000,0.600000,-0.600000,-0.600000,-0.651523,-0.604795,0.600000,-0.600000,-0.600000,-0.611950,-0.600000,-0.600000,-0.600000,0.600000,-0.600000,-0.600000,-0.600000,-0.600000,-0.600000,0.600000,-0.000000,0.597599,0.600000,-0.600000,-0.600000,0.600000,-0.600000,0.600000,-0.600000,0.600000,0.600000,0.600000,-0.600000,-0.600000,-0.600000,0.600000,0.600000,-0.600000,0.600000,-0.600000,-0.600000,-0.600000,-0.600000,-0.600000,0.600000,-0.600000,-0.600000,-0.600000,-0.600000,0.600000,-0.600000,0.611950,0.600000,-0.600000,-0.600000,-0.600000
534,-0.600000,0.600000,-0.600000,1.000000,-0.600000,1.000000,-1.000000,-0.600000,0.600000,-0.600000,-0.600000,0.600000,-0.600000,0.600000,-0.600000,-0.600000,0.600000,-0.600000,-0.600000,-0.651523,-0.604795,0.600000,-0.600000,-0.600000,-0.611950,-0.600000,-0.600000,-0.600000,0.600000,-0.600000,-0.600000,-0.600000,-0.600000,-0.600000,0.600000,-0.000000,0.597599,0.600000,-0.600000,-0.600000,0.600000,-0.600000,0.600000,-0.600000,0.600000,0.600000,0.600000,-0.600000,-0.600000,-0.600000,0.600000,0.600000,-0.600000,0.600000,-0.600000,-0.600000,-0.600000,-0.600000,-0.600000,0.600000,-0.600000,-0.600000,-0.600000,-0.600000,0.600000,-0.600000,0.611950,0.600000,-0.600000,-0.600000,-0.600000
535,-0.600000,0.600000,-0.600000,1.000000,-0.600000,1.000000,-1.000000,-0.600000,0.600000,-0.600000,-0.600000,0.600000,-0.600000,0.600000,-0.600000,-0.600000,0.600000,-0.600000,-0.600000,-0.651523,-0.604795,0.600000,-0.600000,-0.600000,-0.611950,-0.600000,-0.600000,-0.600000,0.600000,-0.600000,-0.600000,-0.600000,-0.600000,-0.600000,0.600000,-0.000000,0.597599,0.600000,-0.600000,-0.600000,0.600000,-0.600000,0.600000,-0.600000,0.600000,0.600000,0.600000,-0.600000,-0.600000,-0.600000,0.600000,0.600000,-0.600000,0.600000,-0.600000,-0.600000,-0.600000,-0.600000,-0.600000,0.600000,-0.600000,-0.600000,-0.600000,-0.600000,0.600000,-0.600000,0.611950,0.600000,-0.600000,-0.600000,-0.600000
536,-0.600000,0.600000,-0.600000,1.000000,-0.600000,1.000000,-1.000000,-0.600000,0.600000,-0.600000,-0.600000,0.600000,-0.600000,0.600000,-0.600000,-0.600000,0.600000,-0.600000,-0.600000,-0.651523,-0.604795,0.600000,-0.600000,-0.600000,-0.611950,-0.600000,-0.600000,-0.600000,0.600000,-0.600000,-0.600000,-0.600000,-0.600000,-0.600000,0.600000,-0.000000,0.597599,0.600000,-0.600000,-0.600000,0.600000,-0.600000,0.600000,-0.600000,0.600000,0.600000,0.600000,-0.600000,-0.600000,-0.600000,0.600000,0.600000,-0.600000,0.600000,-0.600000,-0.600000,-0.600000,-0.600000,-0.600000,0.600000,-0.600000,-0.600000,-0.600000,-0.600000,0.600000,-0.600000,0.611950,0.600000,-0.600000,-0.600000,-0.600000
537,-0.600000,0.600000,-0.600000,1.000000,-0.600000,1.000000,-1.000000,-0.600000,0.600000,-0.600000,-0.600000,0.600000,-0.600000,0.600000,-0.600000,-0.600000,0.600000,-0.600000,-0.600000,-0.651523,-0.604795,0.600000,-0.600000,-0.600000,-0.611950,-0.600000,-0.600000,-0.600000,0.600000,-0.600000,-0.600000,-0.600000,-0.600000,-0.600000,0.600000,-0.000000,0.597599,0.600000,-0.600000,-0.600000,0.600000,-0.600000,0.600000,-0.600000,0.600000,0.600000,0.600000,-0.600000,-0.600000,-0.600000,0.600000,0.600000,-0.600000,0.600000,-0.600000,-0.600000,-0.600000,-0.600000,-0.600000,0.600000,-0.600000,-0.600000,-0.600000,-0.600000,0.600000,-0.600000,0.611950,0.600000,-0.600000,-0.600000,-0.600000
538,-0.600000,0.600000,-0.600000,1.000000,-0.600000,1.000000,-1.000000,-0.600000,0.600000,-0.600000,-0.600000,0.600000,-0.600000,0.600000,-0.600000,-0.600000,0.600000,-0.600000,-0.600000,-0.651523,-0.604795,0.600000,-0.600000,-0.600000,-0.611950,-0.600000,-0.600000,-0.600000,0.600000,-0.600000,-0.600000,-0.600000,-0.600000,-0.600000,0.600000,-0.000000,0.597599,0.600000,-0.600000,-0.600000,0.600000,-0.600000,0.600000,-0.600000,0.600000,0.600000,0.600000,-0.600000,-0.600000,-0.600000,0.600000,0.600000,-0.600000,0.600000,-0.600000,-0.600000,-0.600000,-0.600000,-0.600000,0.600000,-0.600000,-0.600000,-0.600000,-0.600000,0.600000,-0.600000,0.611950,0.600000,-0.600000,-0.600000,-0.600000
539,-0.600000,0.600000,-0.600000,1.000000,-0.600000,1.000000,-1.000000,-0.600000,0.600000,-0.600000,-0.600000,0.600000,-0.600000,0.600000,-0.600000,-0.600000,0.600000,-0.600000,-0.600000,-0.651523,-0.604795,0.600000,-0.600000,-0.600000,-0.611950,-0.600000,-0.600000,-0.600000,0.600000,-0.600000,-0.600000,-0.600000,-0.600000,-0.600000,0.600000,-0.000000,0.597599,0.600000,-0.600000,-0.600000,0.600000,-0.600000,0.600000,-0.600000,0.600000,0.600000,0.600000,-0.600000,-0.600000,-0.600000,0.600000,0.600000,-0.600000,0.600000,-0.600000,-0.600000,-0.600000,-0.600000,-0.600000,0.600000,-0.600000,-0.600000,-0.600000,-0.600000,0.600000,-0.600000,0.611950,0.600000,-0.600000,-0.600000,-0.600000
540,-0.600000,0.600000,-0.600000,1.000000,-0.600000,1.000000,-1.000000,-0.600000,0.600000,-0.600000,-0.600000,0.600000,-0.600000,0.600000,-0.600000,-0.600000,0.600000,-0.600000,-0.600000,-0.651523,-0.604795,0.600000,-0.600000,-0.600000,-0.611950,-0.600000,-0.600000,-0.600000,0.600000,-0.600000,-0.600000,-0.600000,-0.600000,-0.600000,0.600000,-0.000000,0.597599,0.600000,-0.600000,-0.600000,0.600000,-0.600000,0.600000,-0.600000,0.600000,0.600000,0.600000,-0.600000,-0.600000,-0.600000,0.600000,0.600000,-0.600000,0.600000,-0.600000,-0.600000,-0.600000,-0.600000,-0.600000,0.600000,-0.600000,-0.600000,-0.600000,-0.600000,0.600000,-0.600000,0.611950,0.600000,-0.600000,-0.600000,-0.600000
541,-0.600000,0.600000,-0.600000,1.000000,-0.600000,1.000000,-1.000000,-0.600000,0.600000,-0.600000,-0.600000,0.600000,-0.600000,0.600000,-0.600000,-0.600000,0.600000,-0.600000,-0.600000,-0.651523,-0.604795,0.600000,-0.600000,-0.600000,-0.611950,-0.600000,-0.600000,-0.600000,0.600000,-0.600000,-0.600000,-0.600000,-0.600000,-0.600000,0.600000,-0.000000,0.597599,0.600000,-0.600000,-0.600000,0.600000,-0.600000,0.600000,-0.600000,0.600000,0.600000,0.600000,-0.600000,-0.600000,-0.600000,0.600000,0.600000,-0.600000,0.600000,-0.600000,-0.600000,-0.600000,-0.600000,-0.600000,0.600000,-0.600000,-0.600000,-0.600000,-0.600000,0.600000,-0.600000,0.611950,0.600000,-0.600000,-0.600000,-0.600000
542,-0.600000,0.600000,-0.600000,1.000000,-0.600000,1.000000,-1.000000,-0.600000,0.600000,-0.600000,-0.600000,0.600000,-0.600000,0.600000,-0.600000,-0.600000,0.600000,-0.600000,-0.600000,-0.651523,-0.604795,0.600000,-0.600000,-0.600000,-0.611950,-0.600000,-0.600000,-0.600000,0.600000,-0.600000,-0.600000,-0.600000,-0.600000,-0.600000,0.600000,-0.000000,0.597599,0.600000,-0.600000,-0.600000,0.600000,-0.600000,0.600000,-0.600000,0.600000,0.600000,0.600000,-0.600000,-0.600000,-0.600000,0.600000,0.600000,-0.600000,0.600000,-0.600000,-0.600000,-0.600000,-0.600000,-0.600000,0.600000,-0.600000,-0.600000,-0.600000,-0.600000,0.600000,-0.600000,0.611950,0.600000,-0.600000,-0.600000,-0.600000
543,-0.600000,0.600000,-0.600000,1.000000,-0.600000,1.000000,-1.000000,-0.600000,0.600000,-0.600000,-0.600000,0.600000,-0.600000,0.600000,-0.600000,-0.600000,0.600000,-0.600000,-0.600000,-0.651523,-0.604795,0.600000,-0.600000,-0.600000,-0.611950,-0.600000,-0.600000,-0.600000,0.600000,-0.600000,-0.600000,-0.600000,-0.600000,-0.600000,0.600000,-0.000000,0.597599,0.600000,-0.600000,-0.600000,0.600000,-0.600000,0.600000,-0.600000,0.600000,0.600000,0.600000,-0.600000,-0.600000,-0.600000,0.600000,0.600000,-0.600000,0.600000,-0.600000,-0.600000,-0.600000,-0.600000,-0.600000,0.600000,-0.600000,-0.600000,-0.600000,-0.600000,0.600000,-0.600000,0.611950,0.600000,-0.600000,-0.600000,-0.600000
544,-0.600000,0.600000,-0.600000,1.000000,-0.600000,1.000000,-1.000000,-0.600000,0.600000,-0.600000,-0.600000,0.600000,-0.600000,0.600000,-0.600000,-0.600000,0.600000,-0.600000,-0.600000,-0.651523,-0.604795,0.600000,-0.600000,-0.600000,-0.611950,-0.600000,-0.600000,-0.600000,0.600000,-0.600000,-0.600000,-0.600000,-0.600000,-0.600000,0.600000,-0.000000,0.597599,0.600000,-0.600000,-0.600000,0.600000,-0.600000,0.600000,-0.600000,0.600000,0.600000,0.600000,-0.600000,-0.600000,-0.600000,0.600000,0.600000,-0.600000,0.600000,-0.600000,-0.600000,-0.600000,-0.600000,-0.600000,0.600000,-0.600000,-0.600000,-0.600000,-0.600000,0.600000,-0.600000,0.611950,0.600000,-0.600000,-0.600000,-0.600000
545,-0.600000,0.600000,-0.600000,1.000000,-0.600000,1.000000,-1.000000,-0.600000,0.600000,-0.600000,-0.600000,0.600000,-0.600000,0.600000,-0.600000,-0.600000,0.600000,-0.600000,-0.600000,-0.651523,-0.604795,0.600000,-0.600000,-0.600000,-0.611950,-0.600000,-0.600000,-0.600000,0.600000,-0.600000,-0.600000,-0.600000,-0.600000,-0.600000,0.600000,-0.000000,0.597599,0.600000,-0.600000,-0.600000,0.600000,-0.600000,0.600000,-0.600000,0.600000,0.600000,0.600000,-0.600000,-0.600000,-0.600000,0.600000,0.600000,-0.600000,0.600000,-0.600000,-0.600000,-0.600000,-0.600000,-0.600000,0.600000,-0.600000,-0.600000,-0.600000,-0.600000,0.600000,-0.600000,0.611950,0.600000,-0.600000,-0.600000,-0.600000
546,-0.600000,0.600000,-0.600000,1.000000,-0.600000,1.000000,-1.000000,-0.600000,0.600000,-0.600000,-0.600000,0.600000,-0.600000,0.600000,-0.600000,-0.600000,0.600000,-0.600000,-0.600000,-0.651523,-0.604795,0.600000,-0.600000,-0.600000,-0.611950,-0.600000,-0.600000,-0.600000,0.600000,-0.600000,-0.600000,-0.600000,-0.600000,-0.600000,0.600000,-0.000000,0.597599,0.600000,-0.600000,-0.600000,0.600000,-0.600000,0.600000,-0.600000,0.600000,0.600000,0.600000,-0.600000,-0.600000,-0.600000,0.600000,0.600000,-0.600000,0.600000,-0.600000,-0.600000,-0.600000,-0.600000,-0.600000,0.600000,-0.600000,-0.600000,-0.600000,-0.600000,0.600000,-0.600000,0.611950,0.600000,-0.600000,-0.600000,-0.600000
547,-0.600000,0.600000,-0.600000,1.000000,-0.600000,1.000000,-1.000000,-0.600000,0.600000,-0.600000,-0.600000,0.600000,-0.600000,0.600000,-0.600000,-0.600000,0.600000,-0.600000,-0.600000,-0.651523,-0.604795,0.600000,-0.600000,-0.600000,-0.611950,-0.600000,-0.600000,-0.600000,0.600000,-0.600000,-0.600000,-0.600000,-0.600000,-0.600000,0.600000,-0.000000,0.597599,0.600000,-0.600000,-0.600000,0.600000,-0.600000,0.600000,-0.600000,0.600000,0.600000,0.600000,-0.600000,-0.600000,-0.600000,0.600000,0.600000,-0.600000,0.600000,-0.600000,-0.600000,-0.600000,-0.600000,-0.600000,0.600000,-0.600000,-0.600000,-0.600000,-0.600000,0.600000,-0.600000,0.611950,0.600000,-0.600000,-0.600000,-0.600000
548,-0.600000,0.600000,-0.600000,1.000000,-0.600000,1.000000,-1.000000,-0.600000,0.600000,-0.600000,-0.600000,0.600000,-0.600000,0.600000,-0.600000,-0.600000,0.600000,-0.600000,-0.600000,-0.651523,-0.604795,0.600000,-0.600000,-0.600000,-0.611950,-0.600000,-0.600000,-0.600000,0.600000,-0.600000,-0.600000,-0.600000,-0.600000,-0.600000,0.600000,-0.000000,0.597599,0.600000,-0.600000,-0.600000,0.600000,-0.600000,0.600000,-0.600000,0.600000,0.600000,0.600000,-0.600000,-0.600000,-0.600000,0.600000,0.600000,-0.600000,0.600000,-0.600000,-0.600000,-0.600000,-0.600000,-0.600000,0.600000,-0.600000,-0.600000,-0.600000,-0.600000,0.600000,-0.600000,0.611950,0.600000,-0.600000,-0.600000,-0.600000
549,-0.600000,0.600000,-0.600000,1.000000,-0.600000,1.000000,-1.000000,-0.600000,0.600000,-0.600000,-0.600000,0.600000,-0.600000,0.600000,-0.600000,-0.600000,0.600000,-0.600000,-0.600000,-0.651523,-0.604795,0.600000,-0.600000,-0.600000,-0.611950,-0.600000,-0.600000,-0.600000,0.600000,-0.600000,-0.600000,-0.600000,-0.600000,-0.600000,0.600000,-0.000000,0.597599,0.600000,-0.600000,-0.600000,0.600000,-0.600000,0.600000,-0.600000,0.600000,0.600000,0.600000,-0.600000,-0.600000,-0.600000,0.600000,0.600000,-0.600000,0.600000,-0.600000,-0.600000,-0.600000,-0.600000,-0.600000,0.600000,-0.600000,-0.600000,-0.600000,-0.600000,0.600000,-0.600000,0.611950,0.600000,-0.600000,-0.600000,-0.600000
550,-0.600000,0.600000,-0.600000,1.000000,-0.600000,1.000000,-1.000000,-0.600000,0.600000,-0.600000,-0.600000,0.600000,-0.600000,0.600000,-0.600000,-0.600000,0.600000,-0.600000,-0.600000,-0.651523,-0.604795,0.600000,-0.600000,-0.600000,-0.611950,-0.600000,-0.600000,-0.600000,0.600000,-0.600000,-0.600000,-0.600000,-0.600000,-0.600000,0.600000,-0.000000,0.597599,0.600000,-0.600000,-0.600000,0.600000,-0.600000,0.600000,-0.600000,0.600000,0.600000,0.600000,-0.600000,-0.600000,-0.600000,0.600000,0.600000,-0.600000,0.600000,-0.600000,-0.600000,-0.600000,-0.600000,-0.600000,0.600000,-0.600000,-0.600000,-0.600000,-0.600000,0.600000,-0.600000,0.611950,0.600000,-0.600000,-0.600000,-0.600000
551,-0.600000,0.600000,-0.600000,1.000000,-0.600000,1.000000,-1.000000,-0.600000,0.600000,-0.600000,-0.600000,0.600000,-0.600000,0.600000,-0.600000,-0.600000,0.600000,-0.600000,-0.600000,-0.651523,-0.604795,0.600000,-0.600000,-0.600000,-0.611950,-0.600000,-0.600000,-0.600000,0.600000,-0.600000,-0.600000,-0.600000,-0.600000,-0.600000,0.600000,-0.000000,0.597599,0.600000,-0.600000,-0.600000,0.600000,-0.600000,0.600000,-0.600000,0.600000,0.600000,0.600000,-0.600000,-0.600000,-0.600000,0.600000,0.600000,-0.600000,0.600000,-0.600000,-0.600000,-0.600000,-0.600000,-0.600000,0.600000,-0.600000,-0.600000,-0.600000,-0.600000,0.600000,-0.600000,0.611950,0.600000,-0.600000,-0.600000,-0.600000
552,-0.600000,0.600000,-0.600000,1.000000,-0.600000,1.000000,-1.000000,-0.600000,0.600000,-0.600000,-0.600000,0.600000,-0.600000,0.600000,-0.600000,-0.600000,0.600000,-0.600000,-0.600000,-0.651523,-0.604795,0.600000,-0.600000,-0.600000,-0.611950,-0.600000,-0.600000,-0.600000,0.600000,-0.600000,-0.600000,-0.600000,-0.600000,-0.600000,0.600000,-0.000000,0.597599,0.600000,-0.600000,-0.600000,0.600000,-0.600000,0.600000,-0.600000,0.600000,0.600000,0.600000,-0.600000,-0.600000,-0.600000,0.600000,0.600000,-0.600000,0.600000,-0.600000,-0.600000,-0.600000,-0.600000,-0.600000,0.600000,-0.600000,-0.600000,-0.600000,-0.600000,0.600000,-0.600000,0.611950,0.600000,-0.600000,-0.600000,-0.600000
553,-0.600000,0.600000,-0.600000,1.000000,-0.600000,1.000000,-1.000000,-0.600000,0.600000,-0.600000,-0.600000,0.600000,-0.600000,0.600000,-0.600000,-0.600000,0.600000,-0.600000,-0.600000,-0.651523,-0.604795,0.600000,-0.600000,-0.600000,-0.611950,-0.600000,-0.600000,-0.600000,0.600000,-0.600000,-0.600000,-0.600000,-0.600000,-0.600000,0.600000,-0.000000,0.597599,0.600000,-0.600000,-0.600000,0.600000,-0.600000,0.600000,-0.600000,0.600000,0.600000,0.600000,-0.600000,-0.600000,-0.600000,0.600000,0.600000,-0.600000,0.600000,-0.600000,-0.600000,-0.600000,-0.600000,-0.600000,0.600000,-0.600000,-0.600000,-0.600000,-0.600000,0.600000,-0.600000,0.611950,0.600000,-0.600000,-0.600000,-0.600000
554,-0.600000,0.600000,-0.600000,1.000000,-0.600000,1.000000,-1.000000,-0.600000,0.600000,-0.600000,-0.600000,0.600000,-0.600000,0.600000,-0.600000,-0.600000,0.600000,-0.600000,-0.600000,-0.651523,-0.604795,0.600000,-0.600000,-0.600000,-0.611950,-0.600000,-0.600000,-0.600000,0.600000,-0.600000,-0.600000,-0.600000,-0.600000,-0.600000,0.600000,-0.000000,0.597599,0.600000,-0.600000,-0.600000,0.600000,-0.600000,0.600000,-0.600000,0.600000,0.600000,0.600000,-0.600000,-0.600000,-0.600000,0.600000,0.600000,-0.600000,0.600000,-0.600000,-0.600000,-0.600000,-0.600000,-0.600000,0.600000,-0.600000,-0.600000,-0.600000,-0.600000,0.600000,-0.600000,0.611950,0.600000,-0.600000,-0.600000,-0.600000
555,-0.600000,0.600000,-0.600000,1.000000,-0.600000,1.000000,-1.000000,-0.600000,0.600000,-0.600000,-0.600000,0.600000,-0.600000,0.600000,-0.600000,-0.600000,0.600000,-0.600000,-0.600000,-0.651523,-0.604795,0.600000,-0.600000,-0.600000,-0.611950,-0.600000,-0.600000,-0.600000,0.600000,-0.600000,-0.600000,-0.600000,-0.600000,-0.600000,0.600000,-0.000000,0.597599,0.600000,-0.600000,-0.600000,0.600000,-0.600000,0.600000,-0.600000,0.600000,0.600000,0.600000,-0.600000,-0.600000,-0.600000,0.600000,0.600000,-0.600000,0.600000,-0.600000,-0.600000,-0.600000,-0.600000,-0.600000,0.600000,-0.600000,-0.600000,-0.600000,-0.600000,0.600000,-0.600000,0.611950,0.600000,-0.600000,-0.600000,-0.600000
556,-0.600000,0.600000,-0.600000,1.000000,-0.600000,1.000000,-1.000000,-0.600000,0.600000,-0.600000,-0.600000,0.600000,-0.600000,0.600000,-0.600000,-0.600000,0.600000,-0.600000,-0.600000,-0.651523,-0.604795,0.600000,-0.600000,-0.600000,-0.611950,-0.600000,-0.600000,-0.600000,0.600000,-0.600000,-0.600000,-0.600000,-0.600000,-0.600000,0.600000,-0.000000,0.597599,0.600000,-0.600000,-0.600000,0.600000,-0.600000,0.600000,-0.600000,0.600000,0.600000,0.600000,-0.600000,-0.600000,-0.600000,0.600000,0.600000,-0.600000,0.600000,-0.600000,-0.600000,-0.600000,-0.600000,-0.600000,0.600000,-0.600000,-0.600000,-0.600000,-0.600000,0.600000,-0.600000,0.611950,0.600000,-0.600000,-0.600000,-0.600000
557,-0.600000,0.600000,-0.600000,1.000000,-0.600000,1.000000,-1.000000,-0.600000,0.600000,-0.600000,-0.600000,0.600000,-0.600000,0.600000,-0.600000,-0.600000,0.600000,-0.600000,-0.600000,-0.651523,-0.604795,0.600000,-0.600000,-0.600000,-0.611950,-0.600000,-0.600000,-0.600000,0.600000,-0.600000,-0.600000,-0.600000,-0.600000,-0.600000,0.600000,-0.000000,0.597599,0.600000,-0.600000,-0.600000,0.600000,-0.600000,0.600000,-0.600000,0.600000,0.600000,0.600000,-0.600000,-0.600000,-0.600000,0.600000,0.600000,-0.600000,0.600000,-0.600000,-0.600000,-0.600000,-0.600000,-0.600000,0.600000,-0.600000,-0.600000,-0.600000,-0.600000,0.600000,-0.600000,0.611950,0.600000,-0.600000,-0.600000,-0.600000
558,-0.600000,0.600000,-0.600000,1.000000,-0.600000,1.000000,-1.000000,-0.600000,0.600000,-0.600000,-0.600000,0.600000,-0.600000,0.600000,-0.600000,-0.600000,0.600000,-0.600000,-0.600000,-0.651523,-0.604795,0.600000,-0.600000,-0.600000,-0.611950,-0.600000,-0.600000,-0.600000,0.600000,-0.600000,-0.600000,-0.600000,-0.600000,-0.600000,0.600000,-0.000000,0.597599,0.600000,-0.600000,-0.600000,0.600000,-0.600000,0.600000,-0.600000,0.600000,0.600000,0.600000,-0.600000,-0.600000,-0.600000,0.600000,0.600000,-0.600000,0.600000,-0.600000,-0.600000,-0.600000,-0.600000,-0.600000,0.600000,-0.600000,-0.600000,-0.600000,-0.600000,0.600000,-0.600000,0.611950,0.600000,-0.600000,-0.600000,-0.600000
559,-0.600000,0.600000,-0.600000,1.000000,-0.600000,1.000000,-1.000000,-0.600000,0.600000,-0.600000,-0.600000,0.600000,-0.600000,0.600000,-0.600000,-0.600000,0.600000,-0.600000,-0.600000,-0.651523,-0.604795,0.600000,-0.600000,-0.600000,-0.611950,-0.600000,-0.600000,-0.600000,0.600000,-0.600000,-0.600000,-0.600000,-0.600000,-0.600000,0.600000,-0.000000,0.597599,0.600000,-0.600000,-0.600000,0.600000,-0.600000,0.600000,-0.600000,0.600000,0.600000,0.600000,-0.600000,-0.600000,-0.600000,0.600000,0.600000,-0.600000,0.600000,-0.600000,-0.600000,-0.600000,-0.600000,-0.600000,0.600000,-0.600000,-0.600000,-0.600000,-0.600000,0.600000,-0.600000,0.611950,0.600000,-0.600000,-0.600000,-0.600000
560,-0.600000,0.600000,-0.600000,1.000000,-0.600000,1.000000,-1.000000,-0.600000,0.600000,-0.600000,-0.600000,0.600000,-0.600000,0.600000,-0.600000,-0.600000,0.600000,-0.600000,-0.600000,-0.651523,-0.604795,0.600000,-0.600000,-0.600000,-0.611950,-0.600000,-0.600000,-0.600000,0.600000,-0.600000,-0.600000,-0.600000,-0.600000,-0.600000,0.600000,-0.000000,0.597599,0.600000,-0.600000,-0.600000,0.600000,-0.600000,0.600000,-0.600000,0.600000,0.600000,0.600000,-0.600000,-0.600000,-0.600000,0.600000,0.600000,-0.600000,0.600000,-0.600000,-0.600000,-0.600000,-0.600000,-0.600000,0.600000,-0.600000,-0.600000,-0.600000,-0.600000,0.600000,-0.600000,0.611950,0.600000,-0.600000,-0.600000,-0.600000
561,-0.600000,0.600000,-0.600000,1.000000,-0.600000,1.000000,-1.000000,-0.600000,0.600000,-0.600000,-0.600000,0.600000,-0.600000,0.600000,-0.600000,-0.600000,0.600000,-0.600000,-0.600000,-0.651523,-0.604795,0.600000,-0.600000,-0.600000,-0.611950,-0.600000,-0.600000,-0.600000,0.600000,-0.600000,-0.600000,-0.600000,-0.600000,-0.600000,0.600000,-0.000000,0.597599,0.600000,-0.600000,-0.600000,0.600000,-0.600000,0.600000,-0.600000,0.600000,0.600000,0.600000,-0.600000,-0.600000,-0.600000,0.600000,0.600000,-0.600000,0.600000,-0.600000,-0.600000,-0.600000,-0.600000,-0.600000,0.600000,-0.600000,-0.600000,-0.600000,-0.600000,0.600000,-0.600000,0.611950,0.600000,-0.600000,-0.600000,-0.600000
562,-0.600000,0.600000,-0.600000,1.000000,-0.600000,1.000000,-1.000000,-0.600000,0.600000,-0.600000,-0.600000,0.600000,-0.600000,0.600000,-0.600000,-0.600000,0.600000,-0.600000,-0.600000,-0.651523,-0.604795,0.600000,-0.600000,-0.600000,-0.611950,-0.600000,-0.600000,-0.600000,0.600000,-0.600000,-0.600000,-0.600000,-0.600000,-0.600000,0.600000,-0.000000,0.597599,0.600000,-0.600000,-0.600000,0.600000,-0.600000,0.600000,-0.600000,0.600000,0.600000,0.600000,-0.600000,-0.600000,-0.600000,0.600000,0.600000,-0.600000,0.600000,-0.600000,-0.600000,-0.600000,-0.600000,-0.600000,0.600000,-0.600000,-0.600000,-0.600000,-0.600000,0.600000,-0.600000,0.611950,0.600000,-0.600000,-0.600000,-0.600000
563,-0.600000,0.600000,-0.600000,1.000000,-0.600000,1.000000,-1.000000,-0.600000,0.600000,-0.600000,-0.600000,0.600000,-0.600000,0.600000,-0.600000,-0.600000,0.600000,-0.600000,-0.600000,-0.651523,-0.604795,0.600000,-0.600000,-0.600000,-0.611950,-0.600000,-0.600000,-0.600000,0.600000,-0.600000,-0.600000,-0.600000,-0.600000,-0.600000,0.600000,-0.000000,0.597599,0.600000,-0.600000,-0.600000,0.600000,-0.600000,0.600000,-0.600000,0.600000,0.600000,0.600000,-0.600000,-0.600000,-0.600000,0.600000,0.600000,-0.600000,0.600000,-0.600000,-0.600000,-0.600000,-0.600000,-0.600000,0.600000,-0.600000,-0.600000,-0.600000,-0.600000,0.600000,-0.600000,0.611950,0.600000,-0.600000,-0.600000,-0.600000
564,-0.600000,0.600000,-0.600000,1.000000,-0.600000,1.000000,-1.000000,-0.600000,0.600000,-0.600000,-0.600000,0.600000,-0.600000,0.600000,-0.600000,-0.600000,0.600000,-0.600000,-0.600000,-0.651523,-0.604795,0.600000,-0.600000,-0.600000,-0.611950,-0.600000,-0.600000,-0.600000,0.600000,-0.600000,-0.600000,-0.600000,-0.600000,-0.600000,0.600000,-0.000000,0.597599,0.600000,-0.600000,-0.600000,0.600000,-0.600000,0.600000,-0.600000,0.600000,0.600000,0.600000,-0.600000,-0.600000,-0.600000,0.600000,0.600000,-0.600000,0.600000,-0.600000,-0.600000,-0.600000,-0.600000,-0.600000,0.600000,-0.600000,-0.600000,-0.600000,-0.600000,0.600000,-0.600000,0.611950,0.600000,-0.600000,-0.600000,-0.600000
565,-0.600000,0.600000,-0.600000,1.000000,-0.600000,1.000000,-1.000000,-0.600000,0.600000,-0.600000,-0.600000,0.600000,-0.600000,0.600000,-0.600000,-0.600000,0.600000,-0.600000,-0.600000,-0.651523,-0.604795,0.600000,-0.600000,-0.600000,-0.611950,-0.600000,-0.600000,-0.600000,0.600000,-0.600000,-0.600000,-0.600000,-0.600000,-0.600000,0.600000,-0.000000,0.597599,0.600000,-0.600000,-0.600000,0.600000,-0.600000,0.600000,-0.600000,0.600000,0.600000,0.600000,-0.600000,-0.600000,-0.600000,0.600000,0.600000,-0.600000,0.600000,-0.600000,-0.600000,-0.600000,-0.600000,-0.600000,0.600000,-0.600000,-0.600000,-0.600000,-0.600000,0.600000,-0.600000,0.611950,0.600000,-0.600000,-0.600000,-0.600000
566,-0.600000,0.600000,-0.600000,1.000000,-0.600000,1.000000,-1.000000,-0.600000,0.600000,-0.600000,-0.600000,0.600000,-0.600000,0.600000,-0.600000,-0.600000,0.600000,-0.600000,-0.600000,-0.651523,-0.604795,0.600000,-0.600000,-0.600000,-0.611950,-0.600000,-0.600000,-0.600000,0.600000,-0.600000,-0.600000,-0.600000,-0.600000,-0.600000,0.600000,-0.000000,0.597599,0.600000,-0.600000,-0.600000,0.600000,-0.600000,0.600000,-0.600000,0.600000,0.600000,0.600000,-0.600000,-0.600000,-0.600000,0.600000,0.600000,-0.600000,0.600000,-0.600000,-0.600000,-0.600000,-0.600000,-0.600000,0.600000,-0.600000,-0.600000,-0.600000,-0.600000,0.600000,-0.600000,0.611950,0.600000,-0.600000,-0.600000,-0.600000
567,-0.600000,0.600000,-0.600000,1.000000,-0.600000,1.000000,-1.000000,-0.600000,0.600000,-0.600000,-0.600000,0.600000,-0.600000,0.600000,-0.600000,-0.600000,0.600000,-0.600000,-0.600000,-0.651523,-0.604795,0.600000,-0.600000,-0.600000,-0.611950,-0.600000,-0.600000,-0.600000,0.600000,-0.600000,-0.600000,-0.600000,-0.600000,-0.600000,0.600000,-0.000000,0.597599,0.600000,-0.600000,-0.600000,0.600000,-0.600000,0.600000,-0.600000,0.600000,0.600000,0.600000,-0.600000,-0.600000,-0.600000,0.600000,0.600000,-0.600000,0.600000,-0.600000,-0.600000,-0.600000,-0.600000,-0.600000,0.600000,-0.600000,-0.600000,-0.600000,-0.600000,0.600000,-0.600000,0.611950,0.600000,-0.600000,-0.600000,-0.600000
568,-0.600000,0.600000,-0.600000,1.000000,-0.600000,1.000000,-1.000000,-0.600000,0.600000,-0.600000,-0.600000,0.600000,-0.600000,0.600000,-0.600000,-0.600000,0.600000,-0.600000,-0.600000,-0.651523,-0.604795,0.600000,-0.600000,-0.600000,-0.611950,-0.600000,-0.600000,-0.600000,0.600000,-0.600000,-0.600000,-0.600000,-0.600000,-0.600000,0.600000,-0.000000,0.597599,0.600000,-0.600000,-0.600000,0.600000,-0.600000,0.600000,-0.600000,0.600000,0.600000,0.600000,-0.600000,-0.600000,-0.600000,0.600000,0.600000,-0.600000,0.600000,-0.600000,-0.600000,-0.600000,-0.600000,-0.600000,0.600000,-0.600000,-0.600000,-0.600000,-0.600000,0.600000,-0.600000,0.611950,0.600000,-0.600000,-0.600000,-0.600000
569,-0.600000,0.600000,-0.600000,1.000000,-0.600000,1.000000,-1.000000,-0.600000,0.600000,-0.600000,-0.600000,0.600000,-0.600000,0.600000,-0.600000,-0.600000,0.600000,-0.600000,-0.600000,-0.651523,-0.604795,0.600000,-0.600000,-0.600000,-0.611950,-0.600000,-0.600000,-0.600000,0.600000,-0.600000,-0.600000,-0.600000,-0.600000,-0.600000,0.600000,-0.000000,0.597599,0.600000,-0.600000,-0.600000,0.600000,-0.600000,0.600000,-0.600000,0.600000,0.600000,0.600000,-0.600000,-0.600000,-0.600000,0.600000,0.600000,-0.600000,0.600000,-0.600000,-0.600000,-0.600000,-0.600000,-0.600000,0.600000,-0.600000,-0.600000,-0.600000,-0.600000,0.600000,-0.600000,0.611950,0.600000,-0.600000,-0.600000,-0.600000
570,-0.600000,0.600000,-0.600000,1.000000,-0.600000,1.000000,-1.000000,-0.600000,0.600000,-0.600000,-0.600000,0.600000,-0.600000,0.600000,-0.600000,-0.600000,0.600000,-0.600000,-0.600000,-0.651523,-0.604795,0.600000,-0.600000,-0.600000,-0.611950,-0.600000,-0.600000,-0.600000,0.600000,-0.600000,-0.600000,-0.600000,-0.600000,-0.600000,0.600000,-0.000000,0.597599,0.600000,-0.600000,-0.600000,0.600000,-0.600000,0.600000,-0.600000,0.600000,0.600000,0.600000,-0.600000,-0.600000,-0.600000,0.600000,0.600000,-0.600000,0.600000,-0.600000,-0.600000,-0.600000,-0.600000,-0.600000,0.600000,-0.600000,-0.600000,-0.600000,-0.600000,0.600000,-0.600000,0.611950,0.600000,-0.600000,-0.600000,-0.600000
571,-0.600000,0.600000,-0.600000,1.000000,-0.600000,1.000000,-1.000000,-0.600000,0.600000,-0.600000,-0.600000,0.600000,-0.600000,0.600000,-0.600000,-0.600000,0.600000,-0.600000,-0.600000,-0.651523,-0.604795,0.600000,-0.600000,-0.600000,-0.611950,-0.600000,-0.600000,-0.600000,0.600000,-0.600000,-0.600000,-0.600000,-0.600000,-0.600000,0.600000,-0.000000,0.597599,0.600000,-0.600000,-0.600000,0.600000,-0.600000,0.600000,-0.600000,0.600000,0.600000,0.600000,-0.600000,-0.600000,-0.600000,0.600000,0.600000,-0.600000,0.600000,-0.600000,-0.600000,-0.600000,-0.600000,-0.600000,0.600000,-0.600000,-0.600000,-0.600000,-0.600000,0.600000,-0.600000,0.611950,0.600000,-0.600000,-0.600000,-0.600000
572,-0.600000,0.600000,-0.600000,1.000000,-0.600000,1.000000,-1.000000,-0.600000,0.600000,-0.600000,-0.600000,0.600000,-0.600000,0.600000,-0.600000,-0.600000,0.600000,-0.600000,-0.600000,-0.651523,-0.604795,0.600000,-0.600000,-0.600000,-0.611950,-0.600000,-0.600000,-0.600000,0.600000,-0.600000,-0.600000,-0.600000,-0.600000,-0.600000,0.600000,-0.000000,0.597599,0.600000,-0.600000,-0.600000,0.600000,-0.600000,0.600000,-0.600000,0.600000,0.600000,0.600000,-0.600000,-0.600000,-0.600000,0.600000,0.600000,-0.600000,0.600000,-0.600000,-0.600000,-0.600000,-0.600000,-0.600000,0.600000,-0.600000,-0.600000,-0.600000,-0.600000,0.600000,-0.600000,0.611950,0.600000,-0.600000,-0.600000,-0.600000
573,-0.600000,0.600000,-0.600000,1.000000,-0.600000,1.000000,-1.000000,-0.600000,0.600000,-0.600000,-0.600000,0.600000,-0.600000,0.600000,-0.600000,-0.600000,0.600000,-0.600000,-0.600000,-0.651523,-0.604795,0.600000,-0.600000,-0.600000,-0.611950,-0.600000,-0.600000,-0.600000,0.600000,-0.600000,-0.600000,-0.600000,-0.600000,-0.600000,0.600000,-0.000000,0.597599,0.600000,-0.600000,-0.600000,0.600000,-0.600000,0.600000,-0.600000,0.600000,0.600000,0.600000,-0.600000,-0.600000,-0.600000,0.600000,0.600000,-0.600000,0.600000,-0.600000,-0.600000,-0.600000,-0.600000,-0.600000,0.600000,-0.600000,-0.600000,-0.600000,-0.600000,0.600000,-0.600000,0.611950,0.600000,-0.600000,-0.600000,-0.600000
574,-0.600000,0.600000,-0.600000,1.000000,-0.600000,1.000000,-1.000000,-0.600000,0.600000,-0.600000,-0.600000,0.600000,-0.600000,0.600000,-0.600000,-0.600000,0.600000,-0.600000,-0.600000,-0.651523,-0.604795,0.600000,-0.600000,-0.600000,-0.611950,-0.600000,-0.600000,-0.600000,0.600000,-0.600000,-0.600000,-0.600000,-0.600000,-0.600000,0.600000,-0.000000,0.597599,0.600000,-0.600000,-0.600000,0.600000,-0.600000,0.600000,-0.600000,0.600000,0.600000,0.600000,-0.600000,-0.600000,-0.600000,0.600000,0.600000,-0.600000,0.600000,-0.600000,-0.600000,-0.600000,-0.600000,-0.600000,0.600000,-0.600000,-0.600000,-0.600000,-0.600000,0.600000,-0.600000,0.611950,0.600000,-0.600000,-0.600000,-0.600000
575,-0.600000,0.600000,-0.600000,1.000000,-0.600000,1.000000,-1.000000,-0.600000,0.600000,-0.600000,-0.600000,0.600000,-0.600000,0.600000,-0.600000,-0.600000,0.600000,-0.600000,-0.600000,-0.651523,-0.604795,0.600000,-0.600000,-0.600000,-0.611950,-0.600000,-0.600000,-0.600000,0.600000,-0.600000,-0.600000,-0.600000,-0.600000,-0.600000,0.600000,-0.000000,0.597599,0.600000,-0.600000,-0.600000,0.600000,-0.600000,0.600000,-0.600000,0.600000,0.600000,0.600000,-0.600000,-0.600000,-0.600000,0.600000,0.600000,-0.600000,0.600000,-0.600000,-0.600000,-0.600000,-0.600000,-0.600000,0.600000,-0.600000,-0.600000,-0.600000,-0.600000,0.600000,-0.600000,0.611950,0.600000,-0.600000,-0.600000,-0.600000
576,-0.600000,0.600000,-0.600000,1.000000,-0.600000,1.000000,-1.000000,-0.600000,0.600000,-0.600000,-0.600000,0.600000,-0.600000,0.600000,-0.600000,-0.600000,0.600000,-0.600000,-0.600000,-0.651523,-0.604795,0.600000,-0.600000,-0.600000,-0.611950,-0.600000,-0.600000,-0.600000,0.600000,-0.600000,-0.600000,-0.600000,-0.600000,-0.600000,0.600000,-0.000000,0.597599,0.600000,-0.600000,-0.600000,0.600000,-0.600000,0.600000,-0.600000,0.600000,0.600000,0.600000,-0.600000,-0.600000,-0.600000,0.600000,0.600000,-0.600000,0.600000,-0.600000,-0.600000,-0.600000,-0.600000,-0.600000,0.600000,-0.600000,-0.600000,-0.600000,-0.600000,0.600000,-0.600000,0.611950,0.600000,-0.600000,-0.600000,-0.600000
577,-0.600000,0.600000,-0.600000,1.000000,-0.600000,1.000000,-1.000000,-0.600000,0.600000,-0.600000,-0.600000,0.600000,-0.600000,0.600000,-0.600000,-0.600000,0.600000,-0.600000,-0.600000,-0.651523,-0.604795,0.600000,-0.600000,-0.600000,-0.611950,-0.600000,-0.600000,-0.600000,0.600000,-0.600000,-0.600000,-0.600000,-0.600000,-0.600000,0.600000,-0.000000,0.597599,0.600000,-0.600000,-0.600000,0.600000,-0.600000,0.600000,-0.600000,0.600000,0.600000,0.600000,-0.600000,-0.600000,-0.600000,0.600000,0.600000,-0.600000,0.600000,-0.600000,-0.600000,-0.600000,-0.600000,-0.600000,0.600000,-0.600000,-0.600000,-0.600000,-0.600000,0.600000,-0.600000,0.611950,0.600000,-0.600000,-0.600000,-0.600000
578,-0.600000,0.600000,-0.600000,1.000000,-0.600000,1.000000,-1.000000,-0.600000,0.600000,-0.600000,-0.600000,0.600000,-0.600000,0.600000,-0.600000,-0.600000,0.600000,-0.600000,-0.600000,-0.651523,-0.604795,0.600000,-0.600000,-0.600000,-0.611950,-0.600000,-0.600000,-0.600000,0.600000,-0.600000,-0.600000,-0.600000,-0.600000,-0.600000,0.600000,-0.000000,0.597599,0.600000,-0.600000,-0.600000,0.600000,-0.600000,0.600000,-0.600000,0.600000,0.600000,0.600000,-0.600000,-0.600000,-0.600000,0.600000,0.600000,-0.600000,0.600000,-0.600000,-0.600000,-0.600000,-0.600000,-0.600000,0.600000,-0.600000,-0.600000,-0.600000,-0.600000,0.600000,-0.600000,0.611950,0.600000,-0.600000,-0.600000,-0.600000
579,-0.600000,0.600000,-0.600000,1.000000,-0.600000,1.000000,-1.000000,-0.600000,0.600000,-0.600000,-0.600000,0.600000,-0.600000,0.600000,-0.600000,-0.600000,0.600000,-0.600000,-0.600000,-0.651523,-0.604795,0.600000,-0.600000,-0.600000,-0.611950,-0.600000,-0.600000,-0.600000,0.600000,-0.600000,-0.600000,-0.600000,-0.600000,-0.600000,0.600000,-0.000000,0.597599,0.600000,-0.600000,-0.600000,0.600000,-0.600000,0.600000,-0.600000,0.600000,0.600000,0.600000,-0.600000,-0.600000,-0.600000,0.600000,0.600000,-0.600000,0.600000,-0.600000,-0.600000,-0.600000,-0.600000,-0.600000,0.600000,-0.600000,-0.600000,-0.600000,-0.600000,0.600000,-0.600000,0.611950,0.600000,-0.600000,-0.600000,-0.600000
580,-0.600000,0.600000,-0.600000,1.000000,-0.600000,1.000000,-1.000000,-0.600000,0.600000,-0.600000,-0.600000,0.600000,-0.600000,0.600000,-0.600000,-0.600000,0.600000,-0.600000,-0.600000,-0.651523,-0.604795,0.600000,-0.600000,-0.600000,-0.611950,-0.600000,-0.600000,-0.600000,0.600000,-0.600000,-0.600000,-0.600000,-0.600000,-0.600000,0.600000,-0.000000,0.597599,0.600000,-0.600000,-0.600000,0.600000,-0.600000,0.600000,-0.600000,0.600000,0.600000,0.600000,-0.600000,-0.600000,-0.600000,0.600000,0.600000,-0.600000,0.600000,-0.600000,-0.600000,-0.600000,-0.600000,-0.600000,0.600000,-0.600000,-0.600000,-0.600000,-0.600000,0.600000,-0.600000,0.611950,0.600000,-0.600000,-0.600000,-0.600000
581,-0.600000,0.600000,-0.600000,1.000000,-0.600000,1.000000,-1.000000,-0.600000,0.600000,-0.600000,-0.600000,0.600000,-0.600000,0.600000,-0.600000,-0.600000,0.600000,-0.600000,-0.600000,-0.651523,-0.604795,0.600000,-0.600000,-0.600000,-0.611950,-0.600000,-0.600000,-0.600000,0.600000,-0.600000,-0.600000,-0.600000,-0.600000,-0.600000,0.600000,-0.000000,0.597599,0.600000,-0.600000,-0.600000,0.600000,-0.600000,0.600000,-0.600000,0.600000,0.600000,0.600000,-0.600000,-0.600000,-0.600000,0.600000,0.600000,-0.600000,0.600000,-0.600000,-0.600000,-0.600000,-0.600000,-0.600000,0.600000,-0.600000,-0.600000,-0.600000,-0.600000,0.600000,-0.600000,0.611950,0.600000,-0.600000,-0.600000,-0.600000
582,-0.600000,0.600000,-0.600000,1.000000,-0.600000,1.000000,-1.000000,-0.600000,0.600000,-0.600000,-0.600000,0.600000,-0.600000,0.600000,-0.600000,-0.600000,0.600000,-0.600000,-0.600000,-0.651523,-0.604795,0.600000,-0.600000,-0.600000,-0.611950,-0.600000,-0.600000,-0.600000,0.600000,-0.600000,-0.600000,-0.600000,-0.600000,-0.600000,0.600000,-0.000000,0.597599,0.600000,-0.600000,-0.600000,0.600000,-0.600000,0.600000,-0.600000,0.600000,0.600000,0.600000,-0.600000,-0.600000,-0.600000,0.600000,0.600000,-0.600000,0.600000,-0.600000,-0.600000,-0.600000,-0.600000,-0.600000,0.600000,-0.600000,-0.600000,-0.600000,-0.600000,0.600000,-0.600000,0.611950,0.600000,-0.600000,-0.600000,-0.600000
583,-0.600000,0.600000,-0.600000,1.000000,-0.600000,1.000000,-1.000000,-0.600000,0.600000,-0.600000,-0.600000,0.600000,-0.600000,0.600000,-0.600000,-0.600000,0.600000,-0.600000,-0.600000,-0.651523,-0.604795,0.600000,-0.600000,-0.600000,-0.611950,-0.600000,-0.600000,-0.600000,0.600000,-0.600000,-0.600000,-0.600000,-0.600000,-0.600000,0.600000,-0.000000,0.597599,0.600000,-0.600000,-0.600000,0.600000,-0.600000,0.600000,-0.600000,0.600000,0.600000,0.600000,-0.600000,-0.600000,-0.600000,0.600000,0.600000,-0.600000,0.600000,-0.600000,-0.600000,-0.600000,-0.600000,-0.600000,0.600000,-0.600000,-0.600000,-0.600000,-0.600000,0.600000,-0.600000,0.611950,0.600000,-0.600000,-0.600000,-0.600000
584,-0.600000,0.600000,-0.600000,1.000000,-0.600000,1.000000,-1.000000,-0.600000,0.600000,-0.600000,-0.600000,0.600000,-0.600000,0.600000,-0.600000,-0.600000,0.600000,-0.600000,-0.600000,-0.651523,-0.604795,0.600000,-0.600000,-0.600000,-0.611950,-0.600000,-0.600000,-0.600000,0.600000,-0.600000,-0.600000,-0.600000,-0.600000,-0.600000,0.600000,-0.000000,0.597599,0.600000,-0.600000,-0.600000,0.600000,-0.600000,0.600000,-0.600000,0.600000,0.600000,0.600000,-0.600000,-0.600000,-0.600000,0.600000,0.600000,-0.600000,0.600000,-0.600000,-0.600000,-0.600000,-0.600000,-0.600000,0.600000,-0.600000,-0.600000,-0.600000,-0.600000,0.600000,-0.600000,0.611950,0.600000,-0.600000,-0.600000,-0.600000
585,-0.600000,0.600000,-0.600000,1.000000,-0.600000,1.000000,-1.000000,-0.600000,0.600000,-0.600000,-0.600000,0.600000,-0.600000,0.600000,-0.600000,-0.600000,0.600000,-0.600000,-0.600000,-0.651523,-0.604795,0.600000,-0.600000,-0.600000,-0.611950,-0.600000,-0.600000,-0.600000,0.600000,-0.600000,-0.600000,-0.600000,-0.600000,-0.600000,0.600000,-0.000000,0.597599,0.600000,-0.600000,-0.600000,0.600000,-0.600000,0.600000,-0.600000,0.600000,0.600000,0.600000,-0.600000,-0.600000,-0.600000,0.600000,0.600000,-0.600000,0.600000,-0.600000,-0.600000,-0.600000,-0.600000,-0.600000,0.600000,-0.600000,-0.600000,-0.600000,-0.600000,0.600000,-0.600000,0.611950,0.600000,-0.600000,-0.600000,-0.600000
586,-0.600000,0.600000,-0.600000,1.000000,-0.600000,1.000000,-1.000000,-0.600000,0.600000,-0.600000,-0.600000,0.600000,-0.600000,0.600000,-0.600000,-0.600000,0.600000,-0.600000,-0.600000,-0.651523,-0.604795,0.600000,-0.600000,-0.600000,-0.611950,-0.600000,-0.600000,-0.600000,0.600000,-0.600000,-0.600000,-0.600000,-0.600000,-0.600000,0.600000,-0.000000,0.597599,0.600000,-0.600000,-0.600000,0.600000,-0.600000,0.600000,-0.600000,0.600000,0.600000,0.600000,-0.600000,-0.600000,-0.600000,0.600000,0.600000,-0.600000,0.600000,-0.600000,-0.600000,-0.600000,-0.600000,-0.600000,0.600000,-0.600000,-0.600000,-0.600000,-0.600000,0.600000,-0.600000,0.611950,0.600000,-0.600000,-0.600000,-0.600000
587,-0.600000,0.600000,-0.600000,1.000000,-0.600000,1.000000,-1.000000,-0.600000,0.600000,-0.600000,-0.600000,0.600000,-0.600000,0.600000,-0.600000,-0.600000,0.600000,-0.600000,-0.600000,-0.651523,-0.604795,0.600000,-0.600000,-0.600000,-0.611950,-0.600000,-0.600000,-0.600000,0.600000,-0.600000,-0.600000,-0.600000,-0.600000,-0.600000,0.600000,-0.000000,0.597599,0.600000,-0.600000,-0.600000,0.600000,-0.600000,0.600000,-0.600000,0.600000,0.600000,0.600000,-0.600000,-0.600000,-0.600000,0.600000,0.600000,-0.600000,0.600000,-0.600000,-0.600000,-0.600000,-0.600000,-0.600000,0.600000,-0.600000,-0.600000,-0.600000,-0.600000,0.600000,-0.600000,0.611950,0.600000,-0.600000,-0.600000,-0.600000
588,-0.600000,0.600000,-0.600000,1.000000,-0.600000,1.000000,-1.000000,-0.600000,0.600000,-0.600000,-0.600000,0.600000,-0.600000,0.600000,-0.600000,-0.600000,0.600000,-0.600000,-0.600000,-0.651523,-0.604795,0.600000,-0.600000,-0.600000,-0.611950,-0.600000,-0.600000,-0.600000,0.600000,-0.600000,-0.600000,-0.600000,-0.600000,-0.600000,0.600000,-0.000000,0.597599,0.600000,-0.600000,-0.600000,0.600000,-0.600000,0.600000,-0.600000,0.600000,0.600000,0.600000,-0.600000,-0.600000,-0.600000,0.600000,0.600000,-0.600000,0.600000,-0.600000,-0.600000,-0.600000,-0.600000,-0.600000,0.600000,-0.600000,-0.600000,-0.600000,-0.600000,0.600000,-0.600000,0.611950,0.600000,-0.600000,-0.600000,-0.600000
589,-0.600000,0.600000,-0.600000,1.000000,-0.600000,1.000000,-1.000000,-0.600000,0.600000,-0.600000,-0.600000,0.600000,-0.600000,0.600000,-0.600000,-0.600000,0.600000,-0.600000,-0.600000,-0.651523,-0.604795,0.600000,-0.600000,-0.600000,-0.611950,-0.600000,-0.600000,-0.600000,0.600000,-0.600000,-0.600000,-0.600000,-0.600000,-0.600000,0.600000,-0.000000,0.597599,0.600000,-0.600000,-0.600000,0.600000,-0.600000,0.600000,-0.600000,0.600000,0.600000,0.600000,-0.600000,-0.600000,-0.600000,0.600000,0.600000,-0.600000,0.600000,-0.600000,-0.600000,-0.600000,-0.600000,-0.600000,0.600000,-0.600000,-0.600000,-0.600000,-0.600000,0.600000,-0.600000,0.611950,0.600000,-0.600000,-0.600000,-0.600000
590,-0.600000,0.600000,-0.600000,1.000000,-0.600000,1.000000,-1.000000,-0.600000,0.600000,-0.600000,-0.600000,0.600000,-0.600000,0.600000,-0.600000,-0.600000,0.600000,-0.600000,-0.600000,-0.651523,-0.604795,0.600000,-0.600000,-0.600000,-0.611950,-0.600000,-0.600000,-0.600000,0.600000,-0.600000,-0.600000,-0.600000,-0.600000,-0.600000,0.600000,-0.000000,0.597599,0.600000,-0.600000,-0.600000,0.600000,-0.600000,0.600000,-0.600000,0.600000,0.600000,0.600000,-0.600000,-0.600000,-0.600000,0.600000,0.600000,-0.600000,0.600000,-0.600000,-0.600000,-0.600000,-0.600000,-0.600000,0.600000,-0.600000,-0.600000,-0.600000,-0.600000,0.600000,-0.600000,0.611950,0.600000,-0.600000,-0.600000,-0.600000
591,-0.600000,0.600000,-0.600000,1.000000,-0.600000,1.000000,-1.000000,-0.600000,0.600000,-0.600000,-0.600000,0.600000,-0.600000,0.600000,-0.600000,-0.600000,0.600000,-0.600000,-0.600000,-0.651523,-0.604795,0.600000,-0.600000,-0.600000,-0.611950,-0.600000,-0.600000,-0.600000,0.600000,-0.600000,-0.600000,-0.600000,-0.600000,-0.600000,0.600000,-0.000000,0.597599,0.600000,-0.600000,-0.600000,0.600000,-0.600000,0.600000,-0.600000,0.600000,0.600000,0.600000,-0.600000,-0.600000,-0.600000,0.600000,0.600000,-0.600000,0.600000,-0.600000,-0.600000,-0.600000,-0.600000,-0.600000,0.600000,-0.600000,-0.600000,-0.600000,-0.600000,0.600000,-0.600000,0.611950,0.600000,-0.600000,-0.600000,-0.600000
592,-0.600000,0.600000,-0.600000,1.000000,-0.600000,1.000000,-1.000000,-0.600000,0.600000,-0.600000,-0.600000,0.600000,-0.600000,0.600000,-0.600000,-0.600000,0.600000,-0.600000,-0.600000,-0.651523,-0.604795,0.600000,-0.600000,-0.600000,-0.611950,-0.600000,-0.600000,-0.600000,0.600000,-0.600000,-0.600000,-0.600000,-0.600000,-0.600000,0.600000,-0.000000,0.597599,0.600000,-0.600000,-0.600000,0.600000,-0.600000,0.600000,-0.600000,0.600000,0.600000,0.600000,-0.600000,-0.600000,-0.600000,0.600000,0.600000,-0.600000,0.600000,-0.600000,-0.600000,-0.600000,-0.600000,-0.600000,0.600000,-0.600000,-0.600000,-0.600000,-0.600000,0.600000,-0.600000,0.611950,0.600000,-0.600000,-0.600000,-0.600000
593,-0.600000,0.600000,-0.600000,1.000000,-0.600000,1.000000,-1.000000,-0.600000,0.600000,-0.600000,-0.600000,0.600000,-0.600000,0.600000,-0.600000,-0.600000,0.600000,-0.600000,-0.600000,-0.651523,-0.604795,0.600000,-0.600000,-0.600000,-0.611950,-0.600000,-0.600000,-0.600000,0.600000,-0.600000,-0.600000,-0.600000,-0.600000,-0.600000,0.600000,-0.000000,0.597599,0.600000,-0.600000,-0.600000,0.600000,-0.600000,0.600000,-0.600000,0.600000,0.600000,0.600000,-0.600000,-0.600000,-0.600000,0.600000,0.600000,-0.600000,0.600000,-0.600000,-0.600000,-0.600000,-0.600000,-0.600000,0.600000,-0.600000,-0.600000,-0.600000,-0.600000,0.600000,-0.600000,0.611950,0.600000,-0.600000,-0.600000,-0.600000
594,-0.600000,0.600000,-0.600000,1.000000,-0.600000,1.000000,-1.000000,-0.600000,0.600000,-0.600000,-0.600000,0.600000,-0.600000,0.600000,-0.600000,-0.600000,0.600000,-0.600000,-0.600000,-0.651523,-0.604795,0.600000,-0.600000,-0.600000,-0.611950,-0.600000,-0.600000,-0.600000,0.600000,-0.600000,-0.600000,-0.600000,-0.600000,-0.600000,0.600000,-0.000000,0.597599,0.600000,-0.600000,-0.600000,0.600000,-0.600000,0.600000,-0.600000,0.600000,0.600000,0.600000,-0.600000,-0.600000,-0.600000,0.600000,0.600000,-0.600000,0.600000,-0.600000,-0.600000,-0.600000,-0.600000,-0.600000,0.600000,-0.600000,-0.600000,-0.600000,-0.600000,0.600000,-0.600000,0.611950,0.600000,-0.600000,-0.600000,-0.600000
595,-0.600000,0.600000,-0.600000,1.000000,-0.600000,1.000000,-1.000000,-0.600000,0.600000,-0.600000,-0.600000,0.600000,-0.600000,0.600000,-0.600000,-0.600000,0.600000,-0.600000,-0.600000,-0.651523,-0.604795,0.600000,-0.600000,-0.600000,-0.611950,-0.600000,-0.600000,-0.600000,0.600000,-0.600000,-0.600000,-0.600000,-0.600000,-0.600000,0.600000,-0.000000,0.597599,0.600000,-0.600000,-0.600000,0.600000,-0.600000,0.600000,-0.600000,0.600000,0.600000,0.600000,-0.600000,-0.600000,-0.600000,0.600000,0.600000,-0.600000,0.600000,-0.600000,-0.600000,-0.600000,-0.600000,-0.600000,0.600000,-0.600000,-0.600000,-0.600000,-0.600000,0.600000,-0.600000,0.611950,0.600000,-0.600000,-0.600000,-0.600000
596,-0.600000,0.600000,-0.600000,1.000000,-0.600000,1.000000,-1.000000,-0.600000,0.600000,-0.600000,-0.600000,0.600000,-0.600000,0.600000,-0.600000,-0.600000,0.600000,-0.600000,-0.600000,-0.651523,-0.604795,0.600000,-0.600000,-0.600000,-0.611950,-0.600000,-0.600000,-0.600000,0.600000,-0.600000,-0.600000,-0.600000,-0.600000,-0.600000,0.600000,-0.000000,0.597599,0.600000,-0.600000,-0.600000,0.600000,-0.600000,0.600000,-0.600000,0.600000,0.600000,0.600000,-0.600000,-0.600000,-0.600000,0.600000,0.600000,-0.600000,0.600000,-0.600000,-0.600000,-0.600000,-0.600000,-0.600000,0.600000,-0.600000,-0.600000,-0.600000,-0.600000,0.600000,-0.600000,0.611950,0.600000,-0.600000,-0.600000,-0.600000
597,-0.600000,0.600000,-0.600000,1.000000,-0.600000,1.000000,-1.000000,-0.600000,0.600000,-0.600000,-0.600000,0.600000,-0.600000,0.600000,-0.600000,-0.600000,0.600000,-0.600000,-0.600000,-0.651523,-0.604795,0.600000,-0.600000,-0.600000,-0.611950,-0.600000,-0.600000,-0.600000,0.600000,-0.600000,-0.600000,-0.600000,-0.600000,-0.600000,0.600000,-0.000000,0.597599,0.600000,-0.600000,-0.600000,0.600000,-0.600000,0.600000,-0.600000,0.600000,0.600000,0.600000,-0.600000,-0.600000,-0.600000,0.600000,0.600000,-0.600000,0.600000,-0.600000,-0.600000,-0.600000,-0.600000,-0.600000,0.600000,-0.600000,-0.600000,-0.600000,-0.600000,0.600000,-0.600000,0.611950,0.600000,-0.600000,-0.600000,-0.600000
598,-0.600000,0.600000,-0.600000,1.000000,-0.600000,1.000000,-1.000000,-0.600000,0.600000,-0.600000,-0.600000,0.600000,-0.600000,0.600000,-0.600000,-0.600000,0.600000,-0.600000,-0.600000,-0.651523,-0.604795,0.600000,-0.600000,-0.600000,-0.611950,-0.600000,-0.600000,-0.600000,0.600000,-0.600000,-0.600000,-0.600000,-0.600000,-0.600000,0.600000,-0.000000,0.597599,0.600000,-0.600000,-0.600000,0.600000,-0.600000,0.600000,-0.600000,0.600000,0.600000,0.600000,-0.600000,-0.600000,-0.600000,0.600000,0.600000,-0.600000,0.600000,-0.600000,-0.600000,-0.600000,-0.600000,-0.600000,0.600000,-0.600000,-0.600000,-0.600000,-0.600000,0.600000,-0.600000,0.611950,0.600000,-0.600000,-0.600000,-0.600000
599,-0.600000,0.600000,-0.600000,1.000000,-0.600000,1.000000,-1.000000,-0.600000,0.600000,-0.600000,-0.600000,0.600000,-0.600000,0.600000,-0.600000,-0.600000,0.600000,-0.600000,-0.600000,-0.651523,-0.604795,0.600000,-0.600000,-0.600000,-0.611950,-0.600000,-0.600000,-0.600000,0.600000,-0.600000,-0.600000,-0.600000,-0.600000,-0.600000,0.600000,-0.000000,0.597599,0.600000,-0.600000,-0.600000,0.600000,-0.600000,0.600000,-0.600000,0.600000,0.600000,0.600000,-0.600000,-0.600000,-0.600000,0.600000,0.600000,-0.600000,0.600000,-0.600000,-0.600000,-0.600000,-0.600000,-0.600000,0.600000,-0.600000,-0.600000,-0.600000,-0.600000,0.600000,-0.600000,0.611950,0.600000,-0.600000,-0.600000,-0.600000
600,-0.600000,0.600000,-0.600000,1.000000,-0.600000,1.000000,-1.000000,-0.600000,0.600000,-0.600000,-0.600000,0.600000,-0.600000,0.600000,-0.600000,-0.600000,0.600000,-0.600000,-0.600000,-0.651523,-0.604795,0.600000,-0.600000,-0.600000,-0.611950,-0.600000,-0.600000,-0.600000,0.600000,-0.600000,-0.600000,-0.600000,-0.600000,-0.600000,0.600000,-0.000000,0.597599,0.600000,-0.600000,-0.600000,0.600000,-0.600000,0.600000,-0.600000,0.600000,0.600000,0.600000,-0.600000,-0.600000,-0.600000,0.600000,0.600000,-0.600000,0.600000,-0.600000,-0.600000,-0.600000,-0.600000,-0.600000,0.600000,-0.600000,-0.600000,-0.600000,-0.600000,0.600000,-0.600000,0.611950,0.600000,-0.600000,-0.600000,-0.600000
601,-0.600000,0.600000,-0.600000,1.000000,-0.600000,1.000000,-1.000000,-0.600000,0.600000,-0.600000,-0.600000,0.600000,-0.600000,0.600000,-0.600000,-0.600000,0.600000,-0.600000,-0.600000,-0.651523,-0.604795,0.600000,-0.600000,-0.600000,-0.611950,-0.600000,-0.600000,-0.600000,0.600000,-0.600000,-0.600000,-0.600000,-0.600000,-0.600000,0.600000,-0.000000,0.597599,0.600000,-0.600000,-0.600000,0.600000,-0.600000,0.600000,-0.600000,0.600000,0.600000,0.600000,-0.600000,-0.600000,-0.600000,0.600000,0.600000,-0.600000,0.600000,-0.600000,-0.600000,-0.600000,-0.600000,-0.600000,0.600000,-0.600000,-0.600000,-0.600000,-0.600000,0.600000,-0.600000,0.611950,0.600000,-0.600000,-0.600000,-0.600000
602,-0.600000,0.600000,-0.600000,1.000000,-0.600000,1.000000,-1.000000,-0.600000,0.600000,-0.600000,-0.600000,0.600000,-0.600000,0.600000,-0.600000,-0.600000,0.600000,-0.600000,-0.600000,-0.651523,-0.604795,0.600000,-0.600000,-0.600000,-0.611950,-0.600000,-0.600000,-0.600000,0.600000,-0.600000,-0.600000,-0.600000,-0.600000,-0.600000,0.600000,-0.000000,0.597599,0.600000,-0.600000,-0.600000,0.600000,-0.600000,0.600000,-0.600000,0.600000,0.600000,0.600000,-0.600000,-0.600000,-0.600000,0.600000,0.600000,-0.600000,0.600000,-0.600000,-0.600000,-0.600000,-0.600000,-0.600000,0.600000,-0.600000,-0.600000,-0.600000,-0.600000,0.600000,-0.600000,0.611950,0.600000,-0.600000,-0.600000,-0.600000
603,-0.600000,0.600000,-0.600000,1.000000,-0.600000,1.000000,-1.000000,-0.600000,0.600000,-0.600000,-0.600000,0.600000,-0.600000,0.600000,-0.600000,-0.600000,0.600000,-0.600000,-0.600000,-0.651523,-0.604795,0.600000,-0.600000,-0.600000,-0.611950,-0.600000,-0.600000,-0.600000,0.600000,-0.600000,-0.600000,-0.600000,-0.600000,-0.600000,0.600000,-0.000000,0.597599,0.600000,-0.600000,-0.600000,0.600000,-0.600000,0.600000,-0.600000,0.600000,0.600000,0.600000,-0.600000,-0.600000,-0.600000,0.600000,0.600000,-0.600000,0.600000,-0.600000,-0.600000,-0.600000,-0.600000,-0.600000,0.600000,-0.600000,-0.600000,-0.600000,-0.600000,0.600000,-0.600000,0.611950,0.600000,-0.600000,-0.600000,-0.600000
604,-0.600000,0.600000,-0.600000,1.000000,-0.600000,1.000000,-1.000000,-0.600000,0.600000,-0.600000,-0.600000,0.600000,-0.600000,0.600000,-0.600000,-0.600000,0.600000,-0.600000,-0.600000,-0.651523,-0.604795,0.600000,-0.600000,-0.600000,-0.611950,-0.600000,-0.600000,-0.600000,0.600000,-0.600000,-0.600000,-0.600000,-0.600000,-0.600000,0.600000,-0.000000,0.597599,0.600000,-0.600000,-0.600000,0.600000,-0.600000,0.600000,-0.600000,0.600000,0.600000,0.600000,-0.600000,-0.600000,-0.600000,0.600000,0.600000,-0.600000,0.600000,-0.600000,-0.600000,-0.600000,-0.600000,-0.600000,0.600000,-0.600000,-0.600000,-0.600000,-0.600000,0.600000,-0.600000,0.611950,0.600000,-0.600000,-0.600000,-0.600000
605,-0.600000,0.600000,-0.600000,1.000000,-0.600000,1.000000,-1.000000,-0.600000,0.600000,-0.600000,-0.600000,0.600000,-0.600000,0.600000,-0.600000,-0.600000,0.600000,-0.600000,-0.600000,-0.651523,-0.604795,0.600000,-0.600000,-0.600000,-0.611950,-0.600000,-0.600000,-0.600000,0.600000,-0.600000,-0.600000,-0.600000,-0.600000,-0.600000,0.600000,-0.000000,0.597599,0.600000,-0.600000,-0.600000,0.600000,-0.600000,0.600000,-0.600000,0.600000,0.600000,0.600000,-0.600000,-0.600000,-0.600000,0.600000,0.600000,-0.600000,0.600000,-0.600000,-0.600000,-0.600000,-0.600000,-0.600000,0.600000,-0.600000,-0.600000,-0.600000,-0.600000,0.600000,-0.600000,0.611950,0.600000,-0.600000,-0.600000,-0.600000
606,-0.600000,0.600000,-0.600000,1.000000,-0.600000,1.000000,-1.000000,-0.600000,0.600000,-0.600000,-0.600000,0.600000,-0.600000,0.600000,-0.600000,-0.600000,0.600000,-0.600000,-0.600000,-0.651523,-0.604795,0.600000,-0.600000,-0.600000,-0.611950,-0.600000,-0.600000,-0.600000,0.600000,-0.600000,-0.600000,-0.600000,-0.600000,-0.600000,0.600000,-0.000000,0.597599,0.600000,-0.600000,-0.600000,0.600000,-0.600000,0.600000,-0.600000,0.600000,0.600000,0.600000,-0.600000,-0.600000,-0.600000,0.600000,0.600000,-0.600000,0.600000,-0.600000,-0.600000,-0.600000,-0.600000,-0.600000,0.600000,-0.600000,-0.600000,-0.600000,-0.600000,0.600000,-0.600000,0.611950,0.600000,-0.600000,-0.600000,-0.600000
607,-0.600000,0.600000,-0.600000,1.000000,-0.600000,1.000000,-1.000000,-0.600000,0.600000,-0.600000,-0.600000,0.600000,-0.600000,0.600000,-0.600000,-0.600000,0.600000,-0.600000,-0.600000,-0.651523,-0.604795,0.600000,-0.600000,-0.600000,-0.611950,-0.600000,-0.600000,-0.600000,0.600000,-0.600000,-0.600000,-0.600000,-0.600000,-0.600000,0.600000,-0.000000,0.597599,0.600000,-0.600000,-0.600000,0.600000,-0.600000,0.600000,-0.600000,0.600000,0.600000,0.600000,-0.600000,-0.600000,-0.600000,0.600000,0.600000,-0.600000,0.600000,-0.600000,-0.600000,-0.600000,-0.600000,-0.600000,0.600000,-0.600000,-0.600000,-0.600000,-0.600000,0.600000,-0.600000,0.611950,0.600000,-0.600000,-0.600000,-0.600000
608,-0.600000,0.600000,-0.600000,1.000000,-0.600000,1.000000,-1.000000,-0.600000,0.600000,-0.600000,-0.600000,0.600000,-0.600000,0.600000,-0.600000,-0.600000,0.600000,-0.600000,-0.600000,-0.651523,-0.604795,0.600000,-0.600000,-0.600000,-0.611950,-0.600000,-0.600000,-0.600000,0.600000,-0.600000,-0.600000,-0.600000,-0.600000,-0.600000,0.600000,-0.000000,0.597599,0.600000,-0.600000,-0.600000,0.600000,-0.600000,0.600000,-0.600000,0.600000,0.600000,0.600000,-0.600000,-0.600000,-0.600000,0.600000,0.600000,-0.600000,0.600000,-0.600000,-0.600000,-0.600000,-0.600000,-0.600000,0.600000,-0.600000,-0.600000,-0.600000,-0.600000,0.600000,-0.600000,0.611950,0.600000,-0.600000,-0.600000,-0.600000
609,-0.600000,0.600000,-0.600000,1.000000,-0.600000,1.000000,-1.000000,-0.600000,0.600000,-0.600000,-0.600000,0.600000,-0.600000,0.600000,-0.600000,-0.600000,0.600000,-0.600000,-0.600000,-0.651523,-0.604795,0.600000,-0.600000,-0.600000,-0.611950,-0.600000,-0.600000,-0.600000,0.600000,-0.600000,-0.600000,-0.600000,-0.600000,-0.600000,0.600000,-0.000000,0.597599,0.600000,-0.600000,-0.600000,0.600000,-0.600000,0.600000,-0.600000,0.600000,0.600000,0.600000,-0.600000,-0.600000,-0.600000,0.600000,0.600000,-0.600000,0.600000,-0.600000,-0.600000,-0.600000,-0.600000,-0.600000,0.600000,-0.600000,-0.600000,-0.600000,-0.600000,0.600000,-0.600000,0.611950,0.600000,-0.600000,-0.600000,-0.600000
610,-0.600000,0.600000,-0.600000,1.000000,-0.600000,1.000000,-1.000000,-0.600000,0.600000,-0.600000,-0.600000,0.600000,-0.600000,0.600000,-0.600000,-0.600000,0.600000,-0.600000,-0.600000,-0.651523,-0.604795,0.600000,-0.600000,-0.600000,-0.611950,-0.600000,-0.600000,-0.600000,0.600000,-0.600000,-0.600000,-0.600000,-0.600000,-0.600000,0.600000,-0.000000,0.597599,0.600000,-0.600000,-0.600000,0.600000,-0.600000,0.600000,-0.600000,0.600000,0.600000,0.600000,-0.600000,-0.600000,-0.600000,0.600000,0.600000,-0.600000,0.600000,-0.600000,-0.600000,-0.600000,-0.600000,-0.600000,0.600000,-0.600000,-0.600000,-0.600000,-0.600000,0.600000,-0.600000,0.611950,0.600000,-0.600000,-0.600000,-0.600000
611,-0.600000,0.600000,-0.600000,1.000000,-0.600000,1.000000,-1.000000,-0.600000,0.600000,-0.600000,-0.600000,0.600000,-0.600000,0.600000,-0.600000,-0.600000,0.600000,-0.600000,-0.600000,-0.651523,-0.604795,0.600000,-0.600000,-0.600000,-0.611950,-0.600000,-0.600000,-0.600000,0.600000,-0.600000,-0.600000,-0.600000,-0.600000,-0.600000,0.600000,-0.000000,0.597599,0.600000,-0.600000,-0.600000,0.600000,-0.600000,0.600000,-0.600000,0.600000,0.600000,0.600000,-0.600000,-0.600000,-0.600000,0.600000,0.600000,-0.600000,0.600000,-0.600000,-0.600000,-0.600000,-0.600000,-0.600000,0.600000,-0.600000,-0.600000,-0.600000,-0.600000,0.600000,-0.600000,0.611950,0.600000,-0.600000,-0.600000,-0.600000
612,-0.600000,0.600000,-0.600000,1.000000,-0.600000,1.000000,-1.000000,-0.600000,0.600000,-0.600000,-0.600000,0.600000,-0.600000,0.600000,-0.600000,-0.600000,0.600000,-0.600000,-0.600000,-0.651523,-0.604795,0.600000,-0.600000,-0.600000,-0.611950,-0.600000,-0.600000,-0.600000,0.600000,-0.600000,-0.600000,-0.600000,-0.600000,-0.600000,0.600000,-0.000000,0.597599,0.600000,-0.600000,-0.600000,0.600000,-0.600000,0.600000,-0.600000,0.600000,0.600000,0.600000,-0.600000,-0.600000,-0.600000,0.600000,0.600000,-0.600000,0.600000,-0.600000,-0.600000,-0.600000,-0.600000,-0.600000,0.600000,-0.600000,-0.600000,-0.600000,-0.600000,0.600000,-0.600000,0.611950,0.600000,-0.600000,-0.600000,-0.600000
613,-0.600000,0.600000,-0.600000,1.000000,-0.600000,1.000000,-1.000000,-0.600000,0.600000,-0.600000,-0.600000,0.600000,-0.600000,0.600000,-0.600000,-0.600000,0.600000,-0.600000,-0.600000,-0.651523,-0.604795,0.600000,-0.600000,-0.600000,-0.611950,-0.600000,-0.600000,-0.600000,0.600000,-0.600000,-0.600000,-0.600000,-0.600000,-0.600000,0.600000,-0.000000,0.597599,0.600000,-0.600000,-0.600000,0.600000,-0.600000,0.600000,-0.600000,0.600000,0.600000,0.600000,-0.600000,-0.600000,-0.600000,0.600000,0.600000,-0.600000,0.600000,-0.600000,-0.600000,-0.600000,-0.600000,-0.600000,0.600000,-0.600000,-0.600000,-0.600000,-0.600000,0.600000,-0.600000,0.611950,0.600000,-0.600000,-0.600000,-0.600000
614,-0.600000,0.600000,-0.600000,1.000000,-0.600000,1.000000,-1.000000,-0.600000,0.600000,-0.600000,-0.600000,0.600000,-0.600000,0.600000,-0.600000,-0.600000,0.600000,-0.600000,-0.600000,-0.651523,-0.604795,0.600000,-0.600000,-0.600000,-0.611950,-0.600000,-0.600000,-0.600000,0.600000,-0.600000,-0.600000,-0.600000,-0.600000,-0.600000,0.600000,-0.000000,0.597599,0.600000,-0.600000,-0.600000,0.600000,-0.600000,0.600000,-0.600000,0.600000,0.600000,0.600000,-0.600000,-0.600000,-0.600000,0.600000,0.600000,-0.600000,0.600000,-0.600000,-0.600000,-0.600000,-0.600000,-0.600000,0.600000,-0.600000,-0.600000,-0.600000,-0.600000,0.600000,-0.600000,0.611950,0.600000,-0.600000,-0.600000,-0.600000
615,-0.600000,0.600000,-0.600000,1.000000,-0.600000,1.000000,-1.000000,-0.600000,0.600000,-0.600000,-0.600000,0.600000,-0.600000,0.600000,-0.600000,-0.600000,0.600000,-0.600000,-0.600000,-0.651523,-0.604795,0.600000,-0.600000,-0.600000,-0.611950,-0.600000,-0.600000,-0.600000,0.600000,-0.600000,-0.600000,-0.600000,-0.600000,-0.600000,0.600000,-0.000000,0.597599,0.600000,-0.600000,-0.600000,0.600000,-0.600000,0.600000,-0.600000,0.600000,0.600000,0.600000,-0.600000,-0.600000,-0.600000,0.600000,0.600000,-0.600000,0.600000,-0.600000,-0.600000,-0.600000,-0.600000,-0.600000,0.600000,-0.600000,-0.600000,-0.600000,-0.600000,0.600000,-0.600000,0.611950,0.600000,-0.600000,-0.600000,-0.600000
616,-0.600000,0.600000,-0.600000,1.000000,-0.600000,1.000000,-1.000000,-0.600000,0.600000,-0.600000,-0.600000,0.600000,-0.600000,0.600000,-0.600000,-0.600000,0.600000,-0.600000,-0.600000,-0.651523,-0.604795,0.600000,-0.600000,-0.600000,-0.611950,-0.600000,-0.600000,-0.600000,0.600000,-0.600000,-0.600000,-0.600000,-0.600000,-0.600000,0.600000,-0.000000,0.597599,0.600000,-0.600000,-0.600000,0.600000,-0.600000,0.600000,-0.600000,0.600000,0.600000,0.600000,-0.600000,-0.600000,-0.600000,0.600000,0.600000,-0.600000,0.600000,-0.600000,-0.600000,-0.600000,-0.600000,-0.600000,0.600000,-0.600000,-0.600000,-0.600000,-0.600000,0.600000,-0.600000,0.611950,0.600000,-0.600000,-0.600000,-0.600000
617,-0.600000,0.600000,-0.600000,1.000000,-0.600000,1.000000,-1.000000,-0.600000,0.600000,-0.600000,-0.600000,0.600000,-0.600000,0.600000,-0.600000,-0.600000,0.600000,-0.600000,-0.600000,-0.651523,-0.604795,0.600000,-0.600000,-0.600000,-0.611950,-0.600000,-0.600000,-0.600000,0.600000,-0.600000,-0.600000,-0.600000,-0.600000,-0.600000,0.600000,-0.000000,0.597599,0.600000,-0.600000,-0.600000,0.600000,-0.600000,0.600000,-0.600000,0.600000,0.600000,0.600000,-0.600000,-0.600000,-0.600000,0.600000,0.600000,-0.600000,0.600000,-0.600000,-0.600000,-0.600000,-0.600000,-0.600000,0.600000,-0.600000,-0.600000,-0.600000,-0.600000,0.600000,-0.600000,0.611950,0.600000,-0.600000,-0.600000,-0.600000
618,-0.600000,0.600000,-0.600000,1.000000,-0.600000,1.000000,-1.000000,-0.600000,0.600000,-0.600000,-0.600000,0.600000,-0.600000,0.600000,-0.600000,-0.600000,0.600000,-0.600000,-0.600000,-0.651523,-0.604795,0.600000,-0.600000,-0.600000,-0.611950,-0.600000,-0.600000,-0.600000,0.600000,-0.600000,-0.600000,-0.600000,-0.600000,-0.600000,0.600000,-0.000000,0.597599,0.600000,-0.600000,-0.600000,0.600000,-0.600000,0.600000,-0.600000,0.600000,0.600000,0.600000,-0.600000,-0.600000,-0.600000,0.600000,0.600000,-0.600000,0.600000,-0.600000,-0.600000,-0.600000,-0.600000,-0.600000,0.600000,-0.600000,-0.600000,-0.600000,-0.600000,0.600000,-0.600000,0.611950,0.600000,-0.600000,-0.600000,-0.600000
619,-0.600000,0.600000,-0.600000,1.000000,-0.600000,1.000000,-1.000000,-0.600000,0.600000,-0.600000,-0.600000,0.600000,-0.600000,0.600000,-0.600000,-0.600000,0.600000,-0.600000,-0.600000,-0.651523,-0.604795,0.600000,-0.600000,-0.600000,-0.611950,-0.600000,-0.600000,-0.600000,0.600000,-0.600000,-0.600000,-0.600000,-0.600000,-0.600000,0.600000,-0.000000,0.597599,0.600000,-0.600000,-0.600000,0.600000,-0.600000,0.600000,-0.600000,0.600000,0.600000,0.600000,-0.600000,-0.600000,-0.600000,0.600000,0.600000,-0.600000,0.600000,-0.600000,-0.600000,-0.600000,-0.600000,-0.600000,0.600000,-0.600000,-0.600000,-0.600000,-0.600000,0.600000,-0.600000,0.611950,0.600000,-0.600000,-0.600000,-0.600000
620,-0.600000,0.600000,-0.600000,1.000000,-0.600000,1.000000,-1.000000,-0.600000,0.600000,-0.600000,-0.600000,0.600000,-0.600000,0.600000,-0.600000,-0.600000,0.600000,-0.600000,-0.600000,-0.651523,-0.604795,0.600000,-0.600000,-0.600000,-0.611950,-0.600000,-0.600000,-0.600000,0.600000,-0.600000,-0.600000,-0.600000,-0.600000,-0.600000,0.600000,-0.000000,0.597599,0.600000,-0.600000,-0.600000,0.600000,-0.600000,0.600000,-0.600000,0.600000,0.600000,0.600000,-0.600000,-0.600000,-0.600000,0.600000,0.600000,-0.600000,0.600000,-0.600000,-0.600000,-0.600000,-0.600000,-0.600000,0.600000,-0.600000,-0.600000,-0.600000,-0.600000,0.600000,-0.600000,0.611950,0.600000,-0.600000,-0.600000,-0.600000
621,-0.600000,0.600000,-0.600000,1.000000,-0.600000,1.000000,-1.000000,-0.600000,0.600000,-0.600000,-0.600000,0.600000,-0.600000,0.600000,-0.600000,-0.600000,0.600000,-0.600000,-0.600000,-0.651523,-0.604795,0.600000,-0.600000,-0.600000,-0.611950,-0.600000,-0.600000,-0.600000,0.600000,-0.600000,-0.600000,-0.600000,-0.600000,-0.600000,0.600000,-0.000000,0.597599,0.600000,-0.600000,-0.600000,0.600000,-0.600000,0.600000,-0.600000,0.600000,0.600000,0.600000,-0.600000,-0.600000,-0.600000,0.600000,0.600000,-0.600000,0.600000,-0.600000,-0.600000,-0.600000,-0.600000,-0.600000,0.600000,-0.600000,-0.600000,-0.600000,-0.600000,0.600000,-0.600000,0.611950,0.600000,-0.600000,-0.600000,-0.600000
622,-0.600000,0.600000,-0.600000,1.000000,-0.600000,1.000000,-1.000000,-0.600000,0.600000,-0.600000,-0.600000,0.600000,-0.600000,0.600000,-0.600000,-0.600000,0.600000,-0.600000,-0.600000,-0.651523,-0.604795,0.600000,-0.600000,-0.600000,-0.611950,-0.600000,-0.600000,-0.600000,0.600000,-0.600000,-0.600000,-0.600000,-0.600000,-0.600000,0.600000,-0.000000,0.597599,0.600000,-0.600000,-0.600000,0.600000,-0.600000,0.600000,-0.600000,0.600000,0.600000,0.600000,-0.600000,-0.600000,-0.600000,0.600000,0.600000,-0.600000,0.600000,-0.600000,-0.600000,-0.600000,-0.600000,-0.600000,0.600000,-0.600000,-0.600000,-0.600000,-0.600000,0.600000,-0.600000,0.611950,0.600000,-0.600000,-0.600000,-0.600000
623,-0.600000,0.600000,-0.600000,1.000000,-0.600000,1.000000,-1.000000,-0.600000,0.600000,-0.600000,-0.600000,0.600000,-0.600000,0.600000,-0.600000,-0.600000,0.600000,-0.600000,-0.600000,-0.651523,-0.604795,0.600000,-0.600000,-0.600000,-0.611950,-0.600000,-0.600000,-0.600000,0.600000,-0.600000,-0.600000,-0.600000,-0.600000,-0.600000,0.600000,-0.000000,0.597599,0.600000,-0.600000,-0.600000,0.600000,-0.600000,0.600000,-0.600000,0.600000,0.600000,0.600000,-0.600000,-0.600000,-0.600000,0.600000,0.600000,-0.600000,0.600000,-0.600000,-0.600000,-0.600000,-0.600000,-0.600000,0.600000,-0.600000,-0.600000,-0.600000,-0.600000,0.600000,-0.600000,0.611950,0.600000,-0.600000,-0.600000,-0.600000
624,-0.600000,0.600000,-0.600000,1.000000,-0.600000,1.000000,-1.000000,-0.600000,0.600000,-0.600000,-0.600000,0.600000,-0.600000,0.600000,-0.600000,-0.600000,0.600000,-0.600000,-0.600000,-0.651523,-0.604795,0.600000,-0.600000,-0.600000,-0.611950,-0.600000,-0.600000,-0.600000,0.600000,-0.600000,-0.600000,-0.600000,-0.600000,-0.600000,0.600000,-0.000000,0.597599,0.600000,-0.600000,-0.600000,0.600000,-0.600000,0.600000,-0.600000,0.600000,0.600000,0.600000,-0.600000,-0.600000,-0.600000,0.600000,0.600000,-0.600000,0.600000,-0.600000,-0.600000,-0.600000,-0.600000,-0.600000,0.600000,-0.600000,-0.600000,-0.600000,-0.600000,0.600000,-0.600000,0.611950,0.600000,-0.600000,-0.600000,-0.600000
625,-0.600000,0.600000,-0.600000,1.000000,-0.600000,1.000000,-1.000000,-0.600000,0.600000,-0.600000,-0.600000,0.600000,-0.600000,0.600000,-0.600000,-0.600000,0.600000,-0.600000,-0.600000,-0.651523,-0.604795,0.600000,-0.600000,-0.600000,-0.611950,-0.600000,-0.600000,-0.600000,0.600000,-0.600000,-0.600000,-0.600000,-0.600000,-0.600000,0.600000,-0.000000,0.597599,0.600000,-0.600000,-0.600000,0.600000,-0.600000,0.600000,-0.600000,0.600000,0.600000,0.600000,-0.600000,-0.600000,-0.600000,0.600000,0.600000,-0.600000,0.600000,-0.600000,-0.600000,-0.600000,-0.600000,-0.600000,0.600000,-0.600000,-0.600000,-0.600000,-0.600000,0.600000,-0.600000,0.611950,0.600000,-0.600000,-0.600000,-0.600000
626,-0.600000,0.600000,-0.600000,1.000000,-0.600000,1.000000,-1.000000,-0.600000,0.600000,-0.600000,-0.600000,0.600000,-0.600000,0.600000,-0.600000,-0.600000,0.600000,-0.600000,-0.600000,-0.651523,-0.604795,0.600000,-0.600000,-0.600000,-0.611950,-0.600000,-0.600000,-0.600000,0.600000,-0.600000,-0.600000,-0.600000,-0.600000,-0.600000,0.600000,-0.000000,0.597599,0.600000,-0.600000,-0.600000,0.600000,-0.600000,0.600000,-0.600000,0.600000,0.600000,0.600000,-0.600000,-0.600000,-0.600000,0.600000,0.600000,-0.600000,0.600000,-0.600000,-0.600000,-0.600000,-0.600000,-0.600000,0.600000,-0.600000,-0.600000,-0.600000,-0.600000,0.600000,-0.600000,0.611950,0.600000,-0.600000,-0.600000,-0.600000
627,-0.600000,0.600000,-0.600000,1.000000,-0.600000,1.000000,-1.000000,-0.600000,0.600000,-0.600000,-0.600000,0.600000,-0.600000,0.600000,-0.600000,-0.600000,0.600000,-0.600000,-0.600000,-0.651523,-0.604795,0.600000,-0.600000,-0.600000,-0.611950,-0.600000,-0.600000,-0.600000,0.600000,-0.600000,-0.600000,-0.600000,-0.600000,-0.600000,0.600000,-0.000000,0.597599,0.600000,-0.600000,-0.600000,0.600000,-0.600000,0.600000,-0.600000,0.600000,0.600000,0.600000,-0.600000,-0.600000,-0.600000,0.600000,0.600000,-0.600000,0.600000,-0.600000,-0.600000,-0.600000,-0.600000,-0.600000,0.600000,-0.600000,-0.600000,-0.600000,-0.600000,0.600000,-0.600000,0.611950,0.600000,-0.600000,-0.600000,-0.600000
628,-0.600000,0.600000,-0.600000,1.000000,-0.600000,1.000000,-1.000000,-0.600000,0.600000,-0.600000,-0.600000,0.600000,-0.600000,0.600000,-0.600000,-0.600000,0.600000,-0.600000,-0.600000,-0.651523,-0.604795,0.600000,-0.600000,-0.600000,-0.611950,-0.600000,-0.600000,-0.600000,0.600000,-0.600000,-0.600000,-0.600000,-0.600000,-0.600000,0.600000,-0.000000,0.597599,0.600000,-0.600000,-0.600000,0.600000,-0.600000,0.600000,-0.600000,0.600000,0.600000,0.600000,-0.600000,-0.600000,-0.600000,0.600000,0.600000,-0.600000,0.600000,-0.600000,-0.600000,-0.600000,-0.600000,-0.600000,0.600000,-0.600000,-0.600000,-0.600000,-0.600000,0.600000,-0.600000,0.611950,0.600000,-0.600000,-0.600000,-0.600000
629,-0.600000,0.600000,-0.600000,1.000000,-0.600000,1.000000,-1.000000,-0.600000,0.600000,-0.600000,-0.600000,0.600000,-0.600000,0.600000,-0.600000,-0.600000,0.600000,-0.600000,-0.600000,-0.651523,-0.604795,0.600000,-0.600000,-0.600000,-0.611950,-0.600000,-0.600000,-0.600000,0.600000,-0.600000,-0.600000,-0.600000,-0.600000,-0.600000,0.600000,-0.000000,0.597599,0.600000,-0.600000,-0.600000,0.600000,-0.600000,0.600000,-0.600000,0.600000,0.600000,0.600000,-0.600000,-0.600000,-0.600000,0.600000,0.600000,-0.600000,0.600000,-0.600000,-0.600000,-0.600000,-0.600000,-0.600000,0.600000,-0.600000,-0.600000,-0.600000,-0.600000,0.600000,-0.600000,0.611950,0.600000,-0.600000,-0.600000,-0.600000
630,-0.600000,0.600000,-0.600000,1.000000,-0.600000,1.000000,-1.000000,-0.600000,0.600000,-0.600000,-0.600000,0.600000,-0.600000,0.600000,-0.600000,-0.600000,0.600000,-0.600000,-0.600000,-0.651523,-0.604795,0.600000,-0.600000,-0.600000,-0.611950,-0.600000,-0.600000,-0.600000,0.600000,-0.600000,-0.600000,-0.600000,-0.600000,-0.600000,0.600000,-0.000000,0.597599,0.600000,-0.600000,-0.600000,0.600000,-0.600000,0.600000,-0.600000,0.600000,0.600000,0.600000,-0.600000,-0.600000,-0.600000,0.600000,0.600000,-0.600000,0.600000,-0.600000,-0.600000,-0.600000,-0.600000,-0.600000,0.600000,-0.600000,-0.600000,-0.600000,-0.600000,0.600000,-0.600000,0.611950,0.600000,-0.600000,-0.600000,-0.600000
631,-0.600000,0.600000,-0.600000,1.000000,-0.600000,1.000000,-1.000000,-0.600000,0.600000,-0.600000,-0.600000,0.600000,-0.600000,0.600000,-0.600000,-0.600000,0.600000,-0.600000,-0.600000,-0.651523,-0.604795,0.600000,-0.600000,-0.600000,-0.611950,-0.600000,-0.600000,-0.600000,0.600000,-0.600000,-0.600000,-0.600000,-0.600000,-0.600000,0.600000,-0.000000,0.597599,0.600000,-0.600000,-0.600000,0.600000,-0.600000,0.600000,-0.600000,0.600000,0.600000,0.600000,-0.600000,-0.600000,-0.600000,0.600000,0.600000,-0.600000,0.600000,-0.600000,-0.600000,-0.600000,-0.600000,-0.600000,0.600000,-0.600000,-0.600000,-0.600000,-0.600000,0.600000,-0.600000,0.611950,0.600000,-0.600000,-0.600000,-0.600000
632,-0.600000,0.600000,-0.600000,1.000000,-0.600000,1.000000,-1.000000,-0.600000,0.600000,-0.600000,-0.600000,0.600000,-0.600000,0.600000,-0.600000,-0.600000,0.600000,-0.600000,-0.600000,-0.651523,-0.604795,0.600000,-0.600000,-0.600000,-0.611950,-0.600000,-0.600000,-0.600000,0.600000,-0.600000,-0.600000,-0.600000,-0.600000,-0.600000,0.600000,-0.000000,0.597599,0.600000,-0.600000,-0.600000,0.600000,-0.600000,0.600000,-0.600000,0.600000,0.600000,0.600000,-0.600000,-0.600000,-0.600000,0.600000,0.600000,-0.600000,0.600000,-0.600000,-0.600000,-0.600000,-0.600000,-0.600000,0.600000,-0.600000,-0.600000,-0.600000,-0.600000,0.600000,-0.600000,0.611950,0.600000,-0.600000,-0.600000,-0.600000
633,-0.600000,0.600000,-0.600000,1.000000,-0.600000,1.000000,-1.000000,-0.600000,0.600000,-0.600000,-0.600000,0.600000,-0.600000,0.600000,-0.600000,-0.600000,0.600000,-0.600000,-0.600000,-0.651523,-0.604795,0.600000,-0.600000,-0.600000,-0.611950,-0.600000,-0.600000,-0.600000,0.600000,-0.600000,-0.600000,-0.600000,-0.600000,-0.600000,0.600000,-0.000000,0.597599,0.600000,-0.600000,-0.600000,0.600000,-0.600000,0.600000,-0.600000,0.600000,0.600000,0.600000,-0.600000,-0.600000,-0.600000,0.600000,0.600000,-0.600000,0.600000,-0.600000,-0.600000,-0.600000,-0.600000,-0.600000,0.600000,-0.600000,-0.600000,-0.600000,-0.600000,0.600000,-0.600000,0.611950,0.600000,-0.600000,-0.600000,-0.600000
634,-0.600000,0.600000,-0.600000,1.000000,-0.600000,1.000000,-1.000000,-0.600000,0.600000,-0.600000,-0.600000,0.600000,-0.600000,0.600000,-0.600000,-0.600000,0.600000,-0.600000,-0.600000,-0.651523,-0.604795,0.600000,-0.600000,-0.600000,-0.611950,-0.600000,-0.600000,-0.600000,0.600000,-0.600000,-0.600000,-0.600000,-0.600000,-0.600000,0.600000,-0.000000,0.597599,0.600000,-0.600000,-0.600000,0.600000,-0.600000,0.600000,-0.600000,0.600000,0.600000,0.600000,-0.600000,-0.600000,-0.600000,0.600000,0.600000,-0.600000,0.600000,-0.600000,-0.600000,-0.600000,-0.600000,-0.600000,0.600000,-0.600000,-0.600000,-0.600000,-0.600000,0.600000,-0.600000,0.611950,0.600000,-0.600000,-0.600000,-0.600000
635,-0.600000,0.600000,-0.600000,1.000000,-0.600000,1.000000,-1.000000,-0.600000,0.600000,-0.600000,-0.600000,0.600000,-0.600000,0.600000,-0.600000,-0.600000,0.600000,-0.600000,-0.600000,-0.651523,-0.604795,0.600000,-0.600000,-0.600000,-0.611950,-0.600000,-0.600000,-0.600000,0.600000,-0.600000,-0.600000,-0.600000,-0.600000,-0.600000,0.600000,-0.000000,0.597599,0.600000,-0.600000,-0.600000,0.600000,-0.600000,0.600000,-0.600000,0.600000,0.600000,0.600000,-0.600000,-0.600000,-0.600000,0.600000,0.600000,-0.600000,0.600000,-0.600000,-0.600000,-0.600000,-0.600000,-0.600000,0.600000,-0.600000,-0.600000,-0.600000,-0.600000,0.600000,-0.600000,0.611950,0.600000,-0.600000,-0.600000,-0.600000
636,-0.600000,0.600000,-0.600000,1.000000,-0.600000,1.000000,-1.000000,-0.600000,0.600000,-0.600000,-0.600000,0.600000,-0.600000,0.600000,-0.600000,-0.600000,0.600000,-0.600000,-0.600000,-0.651523,-0.604795,0.600000,-0.600000,-0.600000,-0.611950,-0.600000,-0.600000,-0.600000,0.600000,-0.600000,-0.600000,-0.600000,-0.600000,-0.600000,0.600000,-0.000000,0.597599,0.600000,-0.600000,-0.600000,0.600000,-0.600000,0.600000,-0.600000,0.600000,0.600000,0.600000,-0.600000,-0.600000,-0.600000,0.600000,0.600000,-0.600000,0.600000,-0.600000,-0.600000,-0.600000,-0.600000,-0.600000,0.600000,-0.600000,-0.600000,-0.600000,-0.600000,0.600000,-0.600000,0.611950,0.600000,-0.600000,-0.600000,-0.600000
637,-0.600000,0.600000,-0.600000,1.000000,-0.600000,1.000000,-1.000000,-0.600000,0.600000,-0.600000,-0.600000,0.600000,-0.600000,0.600000,-0.600000,-0.600000,0.600000,-0.600000,-0.600000,-0.651523,-0.604795,0.600000,-0.600000,-0.600000,-0.611950,-0.600000,-0.600000,-0.600000,0.600000,-0.600000,-0.600000,-0.600000,-0.600000,-0.600000,0.600000,-0.000000,0.597599,0.600000,-0.600000,-0.600000,0.600000,-0.600000,0.600000,-0.600000,0.600000,0.600000,0.600000,-0.600000,-0.600000,-0.600000,0.600000,0.600000,-0.600000,0.600000,-0.600000,-0.600000,-0.600000,-0.600000,-0.600000,0.600000,-0.600000,-0.600000,-0.600000,-0.600000,0.600000,-0.600000,0.611950,0.600000,-0.600000,-0.600000,-0.600000
638,-0.600000,0.600000,-0.600000,1.000000,-0.600000,1.000000,-1.000000,-0.600000,0.600000,-0.600000,-0.600000,0.600000,-0.600000,0.600000,-0.600000,-0.600000,0.600000,-0.600000,-0.600000,-0.651523,-0.604795,0.600000,-0.600000,-0.600000,-0.611950,-0.600000,-0.600000,-0.600000,0.600000,-0.600000,-0.600000,-0.600000,-0.600000,-0.600000,0.600000,-0.000000,0.597599,0.600000,-0.600000,-0.600000,0.600000,-0.600000,0.600000,-0.600000,0.600000,0.600000,0.600000,-0.600000,-0.600000,-0.600000,0.600000,0.600000,-0.600000,0.600000,-0.600000,-0.600000,-0.600000,-0.600000,-0.600000,0.600000,-0.600000,-0.600000,-0.600000,-0.600000,0.600000,-0.600000,0.611950,0.600000,-0.600000,-0.600000,-0.600000
639,-0.600000,0.600000,-0.600000,1.000000,-0.600000,1.000000,-1.000000,-0.600000,0.600000,-0.600000,-0.600000,0.600000,-0.600000,0.600000,-0.600000,-0.600000,0.600000,-0.600000,-0.600000,-0.651523,-0.604795,0.600000,-0.600000,-0.600000,-0.611950,-0.600000,-0.600000,-0.600000,0.600000,-0.600000,-0.600000,-0.600000,-0.600000,-0.600000,0.600000,-0.000000,0.597599,0.600000,-0.600000,-0.600000,0.600000,-0.600000,0.600000,-0.600000,0.600000,0.600000,0.600000,-0.600000,-0.600000,-0.600000,0.600000,0.600000,-0.600000,0.600000,-0.600000,-0.600000,-0.600000,-0.600000,-0.600000,0.600000,-0.600000,-0.600000,-0.600000,-0.600000,0.600000,-0.600000,0.611950,0.600000,-0.600000,-0.600000,-0.600000
640,-0.600000,0.600000,-0.600000,1.000000,-0.600000,1.000000,-1.000000,-0.600000,0.600000,-0.600000,-0.600000,0.600000,-0.600000,0.600000,-0.600000,-0.600000,0.600000,-0.600000,-0.600000,-0.651523,-0.604795,0.600000,-0.600000,-0.600000,-0.611950,-0.600000,-0.600000,-0.600000,0.600000,-0.600000,-0.600000,-0.600000,-0.600000,-0.600000,0.600000,-0.000000,0.597599,0.600000,-0.600000,-0.600000,0.600000,-0.600000,0.600000,-0.600000,0.600000,0.600000,0.600000,-0.600000,-0.600000,-0.600000,0.600000,0.600000,-0.600000,0.600000,-0.600000,-0.600000,-0.600000,-0.600000,-0.600000,0.600000,-0.600000,-0.600000,-0.600000,-0.600000,0.600000,-0.600000,0.611950,0.600000,-0.600000,-0.600000,-0.600000
641,-0.600000,0.600000,-0.600000,1.000000,-0.600000,1.000000,-1.000000,-0.600000,0.600000,-0.600000,-0.600000,0.600000,-0.600000,0.600000,-0.600000,-0.600000,0.600000,-0.600000,-0.600000,-0.651523,-0.604795,0.600000,-0.600000,-0.600000,-0.611950,-0.600000,-0.600000,-0.600000,0.600000,-0.600000,-0.600000,-0.600000,-0.600000,-0.600000,0.600000,-0.000000,0.597599,0.600000,-0.600000,-0.600000,0.600000,-0.600000,0.600000,-0.600000,0.600000,0.600000,0.600000,-0.600000,-0.600000,-0.600000,0.600000,0.600000,-0.600000,0.600000,-0.600000,-0.600000,-0.600000,-0.600000,-0.600000,0.600000,-0.600000,-0.600000,-0.600000,-0.600000,0.600000,-0.600000,0.611950,0.600000,-0.600000,-0.600000,-0.600000
642,-0.600000,0.600000,-0.600000,1.000000,-0.600000,1.000000,-1.000000,-0.600000,0.600000,-0.600000,-0.600000,0.600000,-0.600000,0.600000,-0.600000,-0.600000,0.600000,-0.600000,-0.600000,-0.651523,-0.604795,0.600000,-0.600000,-0.600000,-0.611950,-0.600000,-0.600000,-0.600000,0.600000,-0.600000,-0.600000,-0.600000,-0.600000,-0.600000,0.600000,-0.000000,0.597599,0.600000,-0.600000,-0.600000,0.600000,-0.600000,0.600000,-0.600000,0.600000,0.600000,0.600000,-0.600000,-0.600000,-0.600000,0.600000,0.600000,-0.600000,0.600000,-0.600000,-0.600000,-0.600000,-0.600000,-0.600000,0.600000,-0.600000,-0.600000,-0.600000,-0.600000,0.600000,-0.600000,0.611950,0.600000,-0.600000,-0.600000,-0.600000
643,-0.600000,0.600000,-0.600000,1.000000,-0.600000,1.000000,-1.000000,-0.600000,0.600000,-0.600000,-0.600000,0.600000,-0.600000,0.600000,-0.600000,-0.600000,0.600000,-0.600000,-0.600000,-0.651523,-0.604795,0.600000,-0.600000,-0.600000,-0.611950,-0.600000,-0.600000,-0.600000,0.600000,-0.600000,-0.600000,-0.600000,-0.600000,-0.600000,0.600000,-0.000000,0.597599,0.600000,-0.600000,-0.600000,0.600000,-0.600000,0.600000,-0.600000,0.600000,0.600000,0.600000,-0.600000,-0.600000,-0.600000,0.600000,0.600000,-0.600000,0.600000,-0.600000,-0.600000,-0.600000,-0.600000,-0.600000,0.600000,-0.600000,-0.600000,-0.600000,-0.600000,0.600000,-0.600000,0.611950,0.600000,-0.600000,-0.600000,-0.600000
644,-0.600000,0.600000,-0.600000,1.000000,-0.600000,1.000000,-1.000000,-0.600000,0.600000,-0.600000,-0.600000,0.600000,-0.600000,0.600000,-0.600000,-0.600000,0.600000,-0.600000,-0.600000,-0.651523,-0.604795,0.600000,-0.600000,-0.600000,-0.611950,-0.600000,-0.600000,-0.600000,0.600000,-0.600000,-0.600000,-0.600000,-0.600000,-0.600000,0.600000,-0.000000,0.597599,0.600000,-0.600000,-0.600000,0.600000,-0.600000,0.600000,-0.600000,0.600000,0.600000,0.600000,-0.600000,-0.600000,-0.600000,0.600000,0.600000,-0.600000,0.600000,-0.600000,-0.600000,-0.600000,-0.600000,-0.600000,0.600000,-0.600000,-0.600000,-0.600000,-0.600000,0.600000,-0.600000,0.611950,0.600000,-0.600000,-0.600000,-0.600000
645,-0.600000,0.600000,-0.600000,1.000000,-0.600000,1.000000,-1.000000,-0.600000,0.600000,-0.600000,-0.600000,0.600000,-0.600000,0.600000,-0.600000,-0.600000,0.600000,-0.600000,-0.600000,-0.651523,-0.604795,0.600000,-0.600000,-0.600000,-0.611950,-0.600000,-0.600000,-0.600000,0.600000,-0.600000,-0.600000,-0.600000,-0.600000,-0.600000,0.600000,-0.000000,0.597599,0.600000,-0.600000,-0.600000,0.600000,-0.600000,0.600000,-0.600000,0.600000,0.600000,0.600000,-0.600000,-0.600000,-0.600000,0.600000,0.600000,-0.600000,0.600000,-0.600000,-0.600000,-0.600000,-0.600000,-0.600000,0.600000,-0.600000,-0.600000,-0.600000,-0.600000,0.600000,-0.600000,0.611950,0.600000,-0.600000,-0.600000,-0.600000
646,-0.600000,0.600000,-0.600000,1.000000,-0.600000,1.000000,-1.000000,-0.600000,0.600000,-0.600000,-0.600000,0.600000,-0.600000,0.600000,-0.600000,-0.600000,0.600000,-0.600000,-0.600000,-0.651523,-0.604795,0.600000,-0.600000,-0.600000,-0.611950,-0.600000,-0.600000,-0.600000,0.600000,-0.600000,-0.600000,-0.600000,-0.600000,-0.600000,0.600000,-0.000000,0.597599,0.600000,-0.600000,-0.600000,0.600000,-0.600000,0.600000,-0.600000,0.600000,0.600000,0.600000,-0.600000,-0.600000,-0.600000,0.600000,0.600000,-0.600000,0.600000,-0.600000,-0.600000,-0.600000,-0.600000,-0.600000,0.600000,-0.600000,-0.600000,-0.600000,-0.600000,0.600000,-0.600000,0.611950,0.600000,-0.600000,-0.600000,-0.600000
647,-0.600000,0.600000,-0.600000,1.000000,-0.600000,1.000000,-1.000000,-0.600000,0.600000,-0.600000,-0.600000,0.600000,-0.600000,0.600000,-0.600000,-0.600000,0.600000,-0.600000,-0.600000,-0.651523,-0.604795,0.600000,-0.600000,-0.600000,-0.611950,-0.600000,-0.600000,-0.600000,0.600000,-0.600000,-0.600000,-0.600000,-0.600000,-0.600000,0.600000,-0.000000,0.597599,0.600000,-0.600000,-0.600000,0.600000,-0.600000,0.600000,-0.600000,0.600000,0.600000,0.600000,-0.600000,-0.600000,-0.600000,0.600000,0.600000,-0.600000,0.600000,-0.600000,-0.600000,-0.600000,-0.600000,-0.600000,0.600000,-0.600000,-0.600000,-0.600000,-0.600000,0.600000,-0.600000,0.611950,0.600000,-0.600000,-0.600000,-0.600000
648,-0.600000,0.600000,-0.600000,1.000000,-0.600000,1.000000,-1.000000,-0.600000,0.600000,-0.600000,-0.600000,0.600000,-0.600000,0.600000,-0.600000,-0.600000,0.600000,-0.600000,-0.600000,-0.651523,-0.604795,0.600000,-0.600000,-0.600000,-0.611950,-0.600000,-0.600000,-0.600000,0.600000,-0.600000,-0.600000,-0.600000,-0.600000,-0.600000,0.600000,-0.000000,0.597599,0.600000,-0.600000,-0.600000,0.600000,-0.600000,0.600000,-0.600000,0.600000,0.600000,0.600000,-0.600000,-0.600000,-0.600000,0.600000,0.600000,-0.600000,0.600000,-0.600000,-0.600000,-0.600000,-0.600000,-0.600000,0.600000,-0.600000,-0.600000,-0.600000,-0.600000,0.600000,-0.600000,0.611950,0.600000,-0.600000,-0.600000,-0.600000
649,-0.600000,0.600000,-0.600000,1.000000,-0.600000,1.000000,-1.000000,-0.600000,0.600000,-0.600000,-0.600000,0.600000,-0.600000,0.600000,-0.600000,-0.600000,0.600000,-0.600000,-0.600000,-0.651523,-0.604795,0.600000,-0.600000,-0.600000,-0.611950,-0.600000,-0.600000,-0.600000,0.600000,-0.600000,-0.600000,-0.600000,-0.600000,-0.600000,0.600000,-0.000000,0.597599,0.600000,-0.600000,-0.600000,0.600000,-0.600000,0.600000,-0.600000,0.600000,0.600000,0.600000,-0.600000,-0.600000,-0.600000,0.600000,0.600000,-0.600000,0.600000,-0.600000,-0.600000,-0.600000,-0.600000,-0.600000,0.600000,-0.600000,-0.600000,-0.600000,-0.600000,0.600000,-0.600000,0.611950,0.600000,-0.600000,-0.600000,-0.600000
650,-0.600000,0.600000,-0.600000,1.000000,-0.600000,1.000000,-1.000000,-0.600000,0.600000,-0.600000,-0.600000,0.600000,-0.600000,0.600000,-0.600000,-0.600000,0.600000,-0.600000,-0.600000,-0.651523,-0.604795,0.600000,-0.600000,-0.600000,-0.611950,-0.600000,-0.600000,-0.600000,0.600000,-0.600000,-0.600000,-0.600000,-0.600000,-0.600000,0.600000,-0.000000,0.597599,0.600000,-0.600000,-0.600000,0.600000,-0.600000,0.600000,-0.600000,0.600000,0.600000,0.600000,-0.600000,-0.600000,-0.600000,0.600000,0.600000,-0.600000,0.600000,-0.600000,-0.600000,-0.600000,-0.600000,-0.600000,0.600000,-0.600000,-0.600000,-0.600000,-0.600000,0.600000,-0.600000,0.611950,0.600000,-0.600000,-0.600000,-0.600000
651,-0.600000,0.600000,-0.600000,1.000000,-0.600000,1.000000,-1.000000,-0.600000,0.600000,-0.600000,-0.600000,0.600000,-0.600000,0.600000,-0.600000,-0.600000,0.600000,-0.600000,-0.600000,-0.651523,-0.604795,0.600000,-0.600000,-0.600000,-0.611950,-0.600000,-0.600000,-0.600000,0.600000,-0.600000,-0.600000,-0.600000,-0.600000,-0.600000,0.600000,-0.000000,0.597599,0.600000,-0.600000,-0.600000,0.600000,-0.600000,0.600000,-0.600000,0.600000,0.600000,0.600000,-0.600000,-0.600000,-0.600000,0.600000,0.600000,-0.600000,0.600000,-0.600000,-0.600000,-0.600000,-0.600000,-0.600000,0.600000,-0.600000,-0.600000,-0.600000,-0.600000,0.600000,-0.600000,0.611950,0.600000,-0.600000,-0.600000,-0.600000
652,-0.600000,0.600000,-0.600000,1.000000,-0.600000,1.000000,-1.000000,-0.600000,0.600000,-0.600000,-0.600000,0.600000,-0.600000,0.600000,-0.600000,-0.600000,0.600000,-0.600000,-0.600000,-0.651523,-0.604795,0.600000,-0.600000,-0.600000,-0.611950,-0.600000,-0.600000,-0.600000,0.600000,-0.600000,-0.600000,-0.600000,-0.600000,-0.600000,0.600000,-0.000000,0.597599,0.600000,-0.600000,-0.600000,0.600000,-0.600000,0.600000,-0.600000,0.600000,0.600000,0.600000,-0.600000,-0.600000,-0.600000,0.600000,0.600000,-0.600000,0.600000,-0.600000,-0.600000,-0.600000,-0.600000,-0.600000,0.600000,-0.600000,-0.600000,-0.600000,-0.600000,0.600000,-0.600000,0.611950,0.600000,-0.600000,-0.600000,-0.600000
653,-0.600000,0.600000,-0.600000,1.000000,-0.600000,1.000000,-1.000000,-0.600000,0.600000,-0.600000,-0.600000,0.600000,-0.600000,0.600000,-0.600000,-0.600000,0.600000,-0.600000,-0.600000,-0.651523,-0.604795,0.600000,-0.600000,-0.600000,-0.611950,-0.600000,-0.600000,-0.600000,0.600000,-0.600000,-0.600000,-0.600000,-0.600000,-0.600000,0.600000,-0.000000,0.597599,0.600000,-0.600000,-0.600000,0.600000,-0.600000,0.600000,-0.600000,0.600000,0.600000,0.600000,-0.600000,-0.600000,-0.600000,0.600000,0.600000,-0.600000,0.600000,-0.600000,-0.600000,-0.600000,-0.600000,-0.600000,0.600000,-0.600000,-0.600000,-0.600000,-0.600000,0.600000,-0.600000,0.611950,0.600000,-0.600000,-0.600000,-0.600000
654,-0.600000,0.600000,-0.600000,1.000000,-0.600000,1.000000,-1.000000,-0.600000,0.600000,-0.600000,-0.600000,0.600000,-0.600000,0.600000,-0.600000,-0.600000,0.600000,-0.600000,-0.600000,-0.651523,-0.604795,0.600000,-0.600000,-0.600000,-0.611950,-0.600000,-0.600000,-0.600000,0.600000,-0.600000,-0.600000,-0.600000,-0.600000,-0.600000,0.600000,-0.000000,0.597599,0.600000,-0.600000,-0.600000,0.600000,-0.600000,0.600000,-0.600000,0.600000,0.600000,0.600000,-0.600000,-0.600000,-0.600000,0.600000,0.600000,-0.600000,0.600000,-0.600000,-0.600000,-0.600000,-0.600000,-0.600000,0.600000,-0.600000,-0.600000,-0.600000,-0.600000,0.600000,-0.600000,0.611950,0.600000,-0.600000,-0.600000,-0.600000
655,-0.600000,0.600000,-0.600000,1.000000,-0.600000,1.000000,-1.000000,-0.600000,0.600000,-0.600000,-0.600000,0.600000,-0.600000,0.600000,-0.600000,-0.600000,0.600000,-0.600000,-0.600000,-0.651523,-0.604795,0.600000,-0.600000,-0.600000,-0.611950,-0.600000,-0.600000,-0.600000,0.600000,-0.600000,-0.600000,-0.600000,-0.600000,-0.600000,0.600000,-0.000000,0.597599,0.600000,-0.600000,-0.600000,0.600000,-0.600000,0.600000,-0.600000,0.600000,0.600000,0.600000,-0.600000,-0.600000,-0.600000,0.600000,0.600000,-0.600000,0.600000,-0.600000,-0.600000,-0.600000,-0.600000,-0.600000,0.600000,-0.600000,-0.600000,-0.600000,-0.600000,0.600000,-0.600000,0.611950,0.600000,-0.600000,-0.600000,-0.600000
656,-0.600000,0.600000,-0.600000,1.000000,-0.600000,1.000000,-1.000000,-0.600000,0.600000,-0.600000,-0.600000,0.600000,-0.600000,0.600000,-0.600000,-0.600000,0.600000,-0.600000,-0.600000,-0.651523,-0.604795,0.600000,-0.600000,-0.600000,-0.611950,-0.600000,-0.600000,-0.600000,0.600000,-0.600000,-0.600000,-0.600000,-0.600000,-0.600000,0.600000,-0.000000,0.597599,0.600000,-0.600000,-0.600000,0.600000,-0.600000,0.600000,-0.600000,0.600000,0.600000,0.600000,-0.600000,-0.600000,-0.600000,0.600000,0.600000,-0.600000,0.600000,-0.600000,-0.600000,-0.600000,-0.600000,-0.600000,0.600000,-0.600000,-0.600000,-0.600000,-0.600000,0.600000,-0.600000,0.611950,0.600000,-0.600000,-0.600000,-0.600000
657,-0.600000,0.600000,-0.600000,1.000000,-0.600000,1.000000,-1.000000,-0.600000,0.600000,-0.600000,-0.600000,0.600000,-0.600000,0.600000,-0.600000,-0.600000,0.600000,-0.600000,-0.600000,-0.651523,-0.604795,0.600000,-0.600000,-0.600000,-0.611950,-0.600000,-0.600000,-0.600000,0.600000,-0.600000,-0.600000,-0.600000,-0.600000,-0.600000,0.600000,-0.000000,0.597599,0.600000,-0.600000,-0.600000,0.600000,-0.600000,0.600000,-0.600000,0.600000,0.600000,0.600000,-0.600000,-0.600000,-0.600000,0.600000,0.600000,-0.600000,0.600000,-0.600000,-0.600000,-0.600000,-0.600000,-0.600000,0.600000,-0.600000,-0.600000,-0.600000,-0.600000,0.600000,-0.600000,0.611950,0.600000,-0.600000,-0.600000,-0.600000
658,-0.600000,0.600000,-0.600000,1.000000,-0.600000,1.000000,-1.000000,-0.600000,0.600000,-0.600000,-0.600000,0.600000,-0.600000,0.600000,-0.600000,-0.600000,0.600000,-0.600000,-0.600000,-0.651523,-0.604795,0.600000,-0.600000,-0.600000,-0.611950,-0.600000,-0.600000,-0.600000,0.600000,-0.600000,-0.600000,-0.600000,-0.600000,-0.600000,0.600000,-0.000000,0.597599,0.600000,-0.600000,-0.600000,0.600000,-0.600000,0.600000,-0.600000,0.600000,0.600000,0.600000,-0.600000,-0.600000,-0.600000,0.600000,0.600000,-0.600000,0.600000,-0.600000,-0.600000,-0.600000,-0.600000,-0.600000,0.600000,-0.600000,-0.600000,-0.600000,-0.600000,0.600000,-0.600000,0.611950,0.600000,-0.600000,-0.600000,-0.600000
659,-0.600000,0.600000,-0.600000,1.000000,-0.600000,1.000000,-1.000000,-0.600000,0.600000,-0.600000,-0.600000,0.600000,-0.600000,0.600000,-0.600000,-0.600000,0.600000,-0.600000,-0.600000,-0.651523,-0.604795,0.600000,-0.600000,-0.600000,-0.611950,-0.600000,-0.600000,-0.600000,0.600000,-0.600000,-0.600000,-0.600000,-0.600000,-0.600000,0.600000,-0.000000,0.597599,0.600000,-0.600000,-0.600000,0.600000,-0.600000,0.600000,-0.600000,0.600000,0.600000,0.600000,-0.600000,-0.600000,-0.600000,0.600000,0.600000,-0.600000,0.600000,-0.600000,-0.600000,-0.600000,-0.600000,-0.600000,0.600000,-0.600000,-0.600000,-0.600000,-0.600000,0.600000,-0.600000,0.611950,0.600000,-0.600000,-0.600000,-0.600000
660,-0.600000,0.600000,-0.600000,1.000000,-0.600000,1.000000,-1.000000,-0.600000,0.600000,-0.600000,-0.600000,0.600000,-0.600000,0.600000,-0.600000,-0.600000,0.600000,-0.600000,-0.600000,-0.651523,-0.604795,0.600000,-0.600000,-0.600000,-0.611950,-0.600000,-0.600000,-0.600000,0.600000,-0.600000,-0.600000,-0.600000,-0.600000,-0.600000,0.600000,-0.000000,0.597599,0.600000,-0.600000,-0.600000,0.600000,-0.600000,0.600000,-0.600000,0.600000,0.600000,0.600000,-0.600000,-0.600000,-0.600000,0.600000,0.600000,-0.600000,0.600000,-0.600000,-0.600000,-0.600000,-0.600000,-0.600000,0.600000,-0.600000,-0.600000,-0.600000,-0.600000,0.600000,-0.600000,0.611950,0.600000,-0.600000,-0.600000,-0.600000
661,-0.600000,0.600000,-0.600000,1.000000,-0.600000,1.000000,-1.000000,-0.600000,0.600000,-0.600000,-0.600000,0.600000,-0.600000,0.600000,-0.600000,-0.600000,0.600000,-0.600000,-0.600000,-0.651523,-0.604795,0.600000,-0.600000,-0.600000,-0.611950,-0.600000,-0.600000,-0.600000,0.600000,-0.600000,-0.600000,-0.600000,-0.600000,-0.600000,0.600000,-0.000000,0.597599,0.600000,-0.600000,-0.600000,0.600000,-0.600000,0.600000,-0.600000,0.600000,0.600000,0.600000,-0.600000,-0.600000,-0.600000,0.600000,0.600000,-0.600000,0.600000,-0.600000,-0.600000,-0.600000,-0.600000,-0.600000,0.600000,-0.600000,-0.600000,-0.600000,-0.600000,0.600000,-0.600000,0.611950,0.600000,-0.600000,-0.600000,-0.600000
662,-0.600000,0.600000,-0.600000,1.000000,-0.600000,1.000000,-1.000000,-0.600000,0.600000,-0.600000,-0.600000,0.600000,-0.600000,0.600000,-0.600000,-0.600000,0.600000,-0.600000,-0.600000,-0.651523,-0.604795,0.600000,-0.600000,-0.600000,-0.611950,-0.600000,-0.600000,-0.600000,0.600000,-0.600000,-0.600000,-0.600000,-0.600000,-0.600000,0.600000,-0.000000,0.597599,0.600000,-0.600000,-0.600000,0.600000,-0.600000,0.600000,-0.600000,0.600000,0.600000,0.600000,-0.600000,-0.600000,-0.600000,0.600000,0.600000,-0.600000,0.600000,-0.600000,-0.600000,-0.600000,-0.600000,-0.600000,0.600000,-0.600000,-0.600000,-0.600000,-0.600000,0.600000,-0.600000,0.611950,0.600000,-0.600000,-0.600000,-0.600000
663,-0.600000,0.600000,-0.600000,1.000000,-0.600000,1.000000,-1.000000,-0.600000,0.600000,-0.600000,-0.600000,0.600000,-0.600000,0.600000,-0.600000,-0.600000,0.600000,-0.600000,-0.600000,-0.651523,-0.604795,0.600000,-0.600000,-0.600000,-0.611950,-0.600000,-0.600000,-0.600000,0.600000,-0.600000,-0.600000,-0.600000,-0.600000,-0.600000,0.600000,-0.000000,0.597599,0.600000,-0.600000,-0.600000,0.600000,-0.600000,0.600000,-0.600000,0.600000,0.600000,0.600000,-0.600000,-0.600000,-0.600000,0.600000,0.600000,-0.600000,0.600000,-0.600000,-0.600000,-0.600000,-0.600000,-0.600000,0.600000,-0.600000,-0.600000,-0.600000,-0.600000,0.600000,-0.600000,0.611950,0.600000,-0.600000,-0.600000,-0.600000
664,-0.600000,0.600000,-0.600000,1.000000,-0.600000,1.000000,-1.000000,-0.600000,0.600000,-0.600000,-0.600000,0.600000,-0.600000,0.600000,-0.600000,-0.600000,0.600000,-0.600000,-0.600000,-0.651523,-0.604795,0.600000,-0.600000,-0.600000,-0.611950,-0.600000,-0.600000,-0.600000,0.600000,-0.600000,-0.600000,-0.600000,-0.600000,-0.600000,0.600000,-0.000000,0.597599,0.600000,-0.600000,-0.600000,0.600000,-0.600000,0.600000,-0.600000,0.600000,0.600000,0.600000,-0.600000,-0.600000,-0.600000,0.600000,0.600000,-0.600000,0.600000,-0.600000,-0.600000,-0.600000,-0.600000,-0.600000,0.600000,-0.600000,-0.600000,-0.600000,-0.600000,0.600000,-0.600000,0.611950,0.600000,-0.600000,-0.600000,-0.600000
665,-0.600000,0.600000,-0.600000,1.000000,-0.600000,1.000000,-1.000000,-0.600000,0.600000,-0.600000,-0.600000,0.600000,-0.600000,0.600000,-0.600000,-0.600000,0.600000,-0.600000,-0.600000,-0.651523,-0.604795,0.600000,-0.600000,-0.600000,-0.611950,-0.600000,-0.600000,-0.600000,0.600000,-0.600000,-0.600000,-0.600000,-0.600000,-0.600000,0.600000,-0.000000,0.597599,0.600000,-0.600000,-0.600000,0.600000,-0.600000,0.600000,-0.600000,0.600000,0.600000,0.600000,-0.600000,-0.600000,-0.600000,0.600000,0.600000,-0.600000,0.600000,-0.600000,-0.600000,-0.600000,-0.600000,-0.600000,0.600000,-0.600000,-0.600000,-0.600000,-0.600000,0.600000,-0.600000,0.611950,0.600000,-0.600000,-0.600000,-0.600000
666,-0.600000,0.600000,-0.600000,1.000000,-0.600000,1.000000,-1.000000,-0.600000,0.600000,-0.600000,-0.600000,0.600000,-0.600000,0.600000,-0.600000,-0.600000,0.600000,-0.600000,-0.600000,-0.651523,-0.604795,0.600000,-0.600000,-0.600000,-0.611950,-0.600000,-0.600000,-0.600000,0.600000,-0.600000,-0.600000,-0.600000,-0.600000,-0.600000,0.600000,-0.000000,0.597599,0.600000,-0.600000,-0.600000,0.600000,-0.600000,0.600000,-0.600000,0.600000,0.600000,0.600000,-0.600000,-0.600000,-0.600000,0.600000,0.600000,-0.600000,0.600000,-0.600000,-0.600000,-0.600000,-0.600000,-0.600000,0.600000,-0.600000,-0.600000,-0.600000,-0.600000,0.600000,-0.600000,0.611950,0.600000,-0.600000,-0.600000,-0.600000
667,-0.600000,0.600000,-0.600000,1.000000,-0.600000,1.000000,-1.000000,-0.600000,0.600000,-0.600000,-0.600000,0.600000,-0.600000,0.600000,-0.600000,-0.600000,0.600000,-0.600000,-0.600000,-0.651523,-0.604795,0.600000,-0.600000,-0.600000,-0.611950,-0.600000,-0.600000,-0.600000,0.600000,-0.600000,-0.600000,-0.600000,-0.600000,-0.600000,0.600000,-0.000000,0.597599,0.600000,-0.600000,-0.600000,0.600000,-0.600000,0.600000,-0.600000,0.600000,0.600000,0.600000,-0.600000,-0.600000,-0.600000,0.600000,0.600000,-0.600000,0.600000,-0.600000,-0.600000,-0.600000,-0.600000,-0.600000,0.600000,-0.600000,-0.600000,-0.600000,-0.600000,0.600000,-0.600000,0.611950,0.600000,-0.600000,-0.600000,-0.600000
668,-0.600000,0.600000,-0.600000,1.000000,-0.600000,1.000000,-1.000000,-0.600000,0.600000,-0.600000,-0.600000,0.600000,-0.600000,0.600000,-0.600000,-0.600000,0.600000,-0.600000,-0.600000,-0.651523,-0.604795,0.600000,-0.600000,-0.600000,-0.611950,-0.600000,-0.600000,-0.600000,0.600000,-0.600000,-0.600000,-0.600000,-0.600000,-0.600000,0.600000,-0.000000,0.597599,0.600000,-0.600000,-0.600000,0.600000,-0.600000,0.600000,-0.600000,0.600000,0.600000,0.600000,-0.600000,-0.600000,-0.600000,0.600000,0.600000,-0.600000,0.600000,-0.600000,-0.600000,-0.600000,-0.600000,-0.600000,0.600000,-0.600000,-0.600000,-0.600000,-0.600000,0.600000,-0.600000,0.611950,0.600000,-0.600000,-0.600000,-0.600000
669,-0.600000,0.600000,-0.600000,1.000000,-0.600000,1.000000,-1.000000,-0.600000,0.600000,-0.600000,-0.600000,0.600000,-0.600000,0.600000,-0.600000,-0.600000,0.600000,-0.600000,-0.600000,-0.651523,-0.604795,0.600000,-0.600000,-0.600000,-0.611950,-0.600000,-0.600000,-0.600000,0.600000,-0.600000,-0.600000,-0.600000,-0.600000,-0.600000,0.600000,-0.000000,0.597599,0.600000,-0.600000,-0.600000,0.600000,-0.600000,0.600000,-0.600000,0.600000,0.600000,0.600000,-0.600000,-0.600000,-0.600000,0.600000,0.600000,-0.600000,0.600000,-0.600000,-0.600000,-0.600000,-0.600000,-0.600000,0.600000,-0.600000,-0.600000,-0.600000,-0.600000,0.600000,-0.600000,0.611950,0.600000,-0.600000,-0.600000,-0.600000
670,-0.600000,0.600000,-0.600000,1.000000,-0.600000,1.000000,-1.000000,-0.600000,0.600000,-0.600000,-0.600000,0.600000,-0.600000,0.600000,-0.600000,-0.600000,0.600000,-0.600000,-0.600000,-0.651523,-0.604795,0.600000,-0.600000,-0.600000,-0.611950,-0.600000,-0.600000,-0.600000,0.600000,-0.600000,-0.600000,-0.600000,-0.600000,-0.600000,0.600000,-0.000000,0.597599,0.600000,-0.600000,-0.600000,0.600000,-0.600000,0.600000,-0.600000,0.600000,0.600000,0.600000,-0.600000,-0.600000,-0.600000,0.600000,0.600000,-0.600000,0.600000,-0.600000,-0.600000,-0.600000,-0.600000,-0.600000,0.600000,-0.600000,-0.600000,-0.600000,-0.600000,0.600000,-0.600000,0.611950,0.600000,-0.600000,-0.600000,-0.600000
671,-0.600000,0.600000,-0.600000,1.000000,-0.600000,1.000000,-1.000000,-0.600000,0.600000,-0.600000,-0.600000,0.600000,-0.600000,0.600000,-0.600000,-0.600000,0.600000,-0.600000,-0.600000,-0.651523,-0.604795,0.600000,-0.600000,-0.600000,-0.611950,-0.600000,-0.600000,-0.600000,0.600000,-0.600000,-0.600000,-0.600000,-0.600000,-0.600000,0.600000,-0.000000,0.597599,0.600000,-0.600000,-0.600000,0.600000,-0.600000,0.600000,-0.600000,0.600000,0.600000,0.600000,-0.600000,-0.600000,-0.600000,0.600000,0.600000,-0.600000,0.600000,-0.600000,-0.600000,-0.600000,-0.600000,-0.600000,0.600000,-0.600000,-0.600000,-0.600000,-0.600000,0.600000,-0.600000,0.611950,0.600000,-0.600000,-0.600000,-0.600000
672,-0.600000,0.600000,-0.600000,1.000000,-0.600000,1.000000,-1.000000,-0.600000,0.600000,-0.600000,-0.600000,0.600000,-0.600000,0.600000,-0.600000,-0.600000,0.600000,-0.600000,-0.600000,-0.651523,-0.604795,0.600000,-0.600000,-0.600000,-0.611950,-0.600000,-0.600000,-0.600000,0.600000,-0.600000,-0.600000,-0.600000,-0.600000,-0.600000,0.600000,-0.000000,0.597599,0.600000,-0.600000,-0.600000,0.600000,-0.600000,0.600000,-0.600000,0.600000,0.600000,0.600000,-0.600000,-0.600000,-0.600000,0.600000,0.600000,-0.600000,0.600000,-0.600000,-0.600000,-0.600000,-0.600000,-0.600000,0.600000,-0.600000,-0.600000,-0.600000,-0.600000,0.600000,-0.600000,0.611950,0.600000,-0.600000,-0.600000,-0.600000
673,-0.600000,0.600000,-0.600000,1.000000,-0.600000,1.000000,-1.000000,-0.600000,0.600000,-0.600000,-0.600000,0.600000,-0.600000,0.600000,-0.600000,-0.600000,0.600000,-0.600000,-0.600000,-0.651523,-0.604795,0.600000,-0.600000,-0.600000,-0.611950,-0.600000,-0.600000,-0.600000,0.600000,-0.600000,-0.600000,-0.600000,-0.600000,-0.600000,0.600000,-0.000000,0.597599,0.600000,-0.600000,-0.600000,0.600000,-0.600000,0.600000,-0.600000,0.600000,0.600000,0.600000,-0.600000,-0.600000,-0.600000,0.600000,0.600000,-0.600000,0.600000,-0.600000,-0.600000,-0.600000,-0.600000,-0.600000,0.600000,-0.600000,-0.600000,-0.600000,-0.600000,0.600000,-0.600000,0.611950,0.600000,-0.600000,-0.600000,-0.600000
674,-0.600000,0.600000,-0.600000,1.000000,-0.600000,1.000000,-1.000000,-0.600000,0.600000,-0.600000,-0.600000,0.600000,-0.600000,0.600000,-0.600000,-0.600000,0.600000,-0.600000,-0.600000,-0.651523,-0.604795,0.600000,-0.600000,-0.600000,-0.611950,-0.600000,-0.600000,-0.600000,0.600000,-0.600000,-0.600000,-0.600000,-0.600000,-0.600000,0.600000,-0.000000,0.597599,0.600000,-0.600000,-0.600000,0.600000,-0.600000,0.600000,-0.600000,0.600000,0.600000,0.600000,-0.600000,-0.600000,-0.600000,0.600000,0.600000,-0.600000,0.600000,-0.600000,-0.600000,-0.600000,-0.600000,-0.600000,0.600000,-0.600000,-0.600000,-0.600000,-0.600000,0.600000,-0.600000,0.611950,0.600000,-0.600000,-0.600000,-0.600000
675,-0.600000,0.600000,-0.600000,1.000000,-0.600000,1.000000,-1.000000,-0.600000,0.600000,-0.600000,-0.600000,0.600000,-0.600000,0.600000,-0.600000,-0.600000,0.600000,-0.600000,-0.600000,-0.651523,-0.604795,0.600000,-0.600000,-0.600000,-0.611950,-0.600000,-0.600000,-0.600000,0.600000,-0.600000,-0.600000,-0.600000,-0.600000,-0.600000,0.600000,-0.000000,0.597599,0.600000,-0.600000,-0.600000,0.600000,-0.600000,0.600000,-0.600000,0.600000,0.600000,0.600000,-0.600000,-0.600000,-0.600000,0.600000,0.600000,-0.600000,0.600000,-0.600000,-0.600000,-0.600000,-0.600000,-0.600000,0.600000,-0.600000,-0.600000,-0.600000,-0.600000,0.600000,-0.600000,0.611950,0.600000,-0.600000,-0.600000,-0.600000
676,-0.600000,0.600000,-0.600000,1.000000,-0.600000,1.000000,-1.000000,-0.600000,0.600000,-0.600000,-0.600000,0.600000,-0.600000,0.600000,-0.600000,-0.600000,0.600000,-0.600000,-0.600000,-0.651523,-0.604795,0.600000,-0.600000,-0.600000,-0.611950,-0.600000,-0.600000,-0.600000,0.600000,-0.600000,-0.600000,-0.600000,-0.600000,-0.600000,0.600000,-0.000000,0.597599,0.600000,-0.600000,-0.600000,0.600000,-0.600000,0.600000,-0.600000,0.600000,0.600000,0.600000,-0.600000,-0.600000,-0.600000,0.600000,0.600000,-0.600000,0.600000,-0.600000,-0.600000,-0.600000,-0.600000,-0.600000,0.600000,-0.600000,-0.600000,-0.600000,-0.600000,0.600000,-0.600000,0.611950,0.600000,-0.600000,-0.600000,-0.600000
677,-0.600000,0.600000,-0.600000,1.000000,-0.600000,1.000000,-1.000000,-0.600000,0.600000,-0.600000,-0.600000,0.600000,-0.600000,0.600000,-0.600000,-0.600000,0.600000,-0.600000,-0.600000,-0.651523,-0.604795,0.600000,-0.600000,-0.600000,-0.611950,-0.600000,-0.600000,-0.600000,0.600000,-0.600000,-0.600000,-0.600000,-0.600000,-0.600000,0.600000,-0.000000,0.597599,0.600000,-0.600000,-0.600000,0.600000,-0.600000,0.600000,-0.600000,0.600000,0.600000,0.600000,-0.600000,-0.600000,-0.600000,0.600000,0.600000,-0.600000,0.600000,-0.600000,-0.600000,-0.600000,-0.600000,-0.600000,0.600000,-0.600000,-0.600000,-0.600000,-0.600000,0.600000,-0.600000,0.611950,0.600000,-0.600000,-0.600000,-0.600000
678,-0.600000,0.600000,-0.600000,1.000000,-0.600000,1.000000,-1.000000,-0.600000,0.600000,-0.600000,-0.600000,0.600000,-0.600000,0.600000,-0.600000,-0.600000,0.600000,-0.600000,-0.600000,-0.651523,-0.604795,0.600000,-0.600000,-0.600000,-0.611950,-0.600000,-0.600000,-0.600000,0.600000,-0.600000,-0.600000,-0.600000,-0.600000,-0.600000,0.600000,-0.000000,0.597599,0.600000,-0.600000,-0.600000,0.600000,-0.600000,0.600000,-0.600000,0.600000,0.600000,0.600000,-0.600000,-0.600000,-0.600000,0.600000,0.600000,-0.600000,0.600000,-0.600000,-0.600000,-0.600000,-0.600000,-0.600000,0.600000,-0.600000,-0.600000,-0.600000,-0.600000,0.600000,-0.600000,0.611950,0.600000,-0.600000,-0.600000,-0.600000
679,-0.600000,0.600000,-0.600000,1.000000,-0.600000,1.000000,-1.000000,-0.600000,0.600000,-0.600000,-0.600000,0.600000,-0.600000,0.600000,-0.600000,-0.600000,0.600000,-0.600000,-0.600000,-0.651523,-0.604795,0.600000,-0.600000,-0.600000,-0.611950,-0.600000,-0.600000,-0.600000,0.600000,-0.600000,-0.600000,-0.600000,-0.600000,-0.600000,0.600000,-0.000000,0.597599,0.600000,-0.600000,-0.600000,0.600000,-0.600000,0.600000,-0.600000,0.600000,0.600000,0.600000,-0.600000,-0.600000,-0.600000,0.600000,0.600000,-0.600000,0.600000,-0.600000,-0.600000,-0.600000,-0.600000,-0.600000,0.600000,-0.600000,-0.600000,-0.600000,-0.600000,0.600000,-0.600000,0.611950,0.600000,-0.600000,-0.600000,-0.600000
680,-0.600000,0.600000,-0.600000,1.000000,-0.600000,1.000000,-1.000000,-0.600000,0.600000,-0.600000,-0.600000,0.600000,-0.600000,0.600000,-0.600000,-0.600000,0.600000,-0.600000,-0.600000,-0.651523,-0.604795,0.600000,-0.600000,-0.600000,-0.611950,-0.600000,-0.600000,-0.600000,0.600000,-0.600000,-0.600000,-0.600000,-0.600000,-0.600000,0.600000,-0.000000,0.597599,0.600000,-0.600000,-0.600000,0.600000,-0.600000,0.600000,-0.600000,0.600000,0.600000,0.600000,-0.600000,-0.600000,-0.600000,0.600000,0.600000,-0.600000,0.600000,-0.600000,-0.600000,-0.600000,-0.600000,-0.600000,0.600000,-0.600000,-0.600000,-0.600000,-0.600000,0.600000,-0.600000,0.611950,0.600000,-0.600000,-0.600000,-0.600000
681,-0.600000,0.600000,-0.600000,1.000000,-0.600000,1.000000,-1.000000,-0.600000,0.600000,-0.600000,-0.600000,0.600000,-0.600000,0.600000,-0.600000,-0.600000,0.600000,-0.600000,-0.600000,-0.651523,-0.604795,0.600000,-0.600000,-0.600000,-0.611950,-0.600000,-0.600000,-0.600000,0.600000,-0.600000,-0.600000,-0.600000,-0.600000,-0.600000,0.600000,-0.000000,0.597599,0.600000,-0.600000,-0.600000,0.600000,-0.600000,0.600000,-0.600000,0.600000,0.600000,0.600000,-0.600000,-0.600000,-0.600000,0.600000,0.600000,-0.600000,0.600000,-0.600000,-0.600000,-0.600000,-0.600000,-0.600000,0.600000,-0.600000,-0.600000,-0.600000,-0.600000,0.600000,-0.600000,0.611950,0.600000,-0.600000,-0.600000,-0.600000
682,-0.600000,0.600000,-0.600000,1.000000,-0.600000,1.000000,-1.000000,-0.600000,0.600000,-0.600000,-0.600000,0.600000,-0.600000,0.600000,-0.600000,-0.600000,0.600000,-0.600000,-0.600000,-0.651523,-0.604795,0.600000,-0.600000,-0.600000,-0.611950,-0.600000,-0.600000,-0.600000,0.600000,-0.600000,-0.600000,-0.600000,-0.600000,-0.600000,0.600000,-0.000000,0.597599,0.600000,-0.600000,-0.600000,0.600000,-0.600000,0.600000,-0.600000,0.600000,0.600000,0.600000,-0.600000,-0.600000,-0.600000,0.600000,0.600000,-0.600000,0.600000,-0.600000,-0.600000,-0.600000,-0.600000,-0.600000,0.600000,-0.600000,-0.600000,-0.600000,-0.600000,0.600000,-0.600000,0.611950,0.600000,-0.600000,-0.600000,-0.600000
683,-0.600000,0.600000,-0.600000,1.000000,-0.600000,1.000000,-1.000000,-0.600000,0.600000,-0.600000,-0.600000,0.600000,-0.600000,0.600000,-0.600000,-0.600000,0.600000,-0.600000,-0.600000,-0.651523,-0.604795,0.600000,-0.600000,-0.600000,-0.611950,-0.600000,-0.600000,-0.600000,0.600000,-0.600000,-0.600000,-0.600000,-0.600000,-0.600000,0.600000,-0.000000,0.597599,0.600000,-0.600000,-0.600000,0.600000,-0.600000,0.600000,-0.600000,0.600000,0.600000,0.600000,-0.600000,-0.600000,-0.600000,0.600000,0.600000,-0.600000,0.600000,-0.600000,-0.600000,-0.600000,-0.600000,-0.600000,0.600000,-0.600000,-0.600000,-0.600000,-0.600000,0.600000,-0.600000,0.611950,0.600000,-0.600000,-0.600000,-0.600000
684,-0.600000,0.600000,-0.600000,1.000000,-0.600000,1.000000,-1.000000,-0.600000,0.600000,-0.600000,-0.600000,0.600000,-0.600000,0.600000,-0.600000,-0.600000,0.600000,-0.600000,-0.600000,-0.651523,-0.604795,0.600000,-0.600000,-0.600000,-0.611950,-0.600000,-0.600000,-0.600000,0.600000,-0.600000,-0.600000,-0.600000,-0.600000,-0.600000,0.600000,-0.000000,0.597599,0.600000,-0.600000,-0.600000,0.600000,-0.600000,0.600000,-0.600000,0.600000,0.600000,0.600000,-0.600000,-0.600000,-0.600000,0.600000,0.600000,-0.600000,0.600000,-0.600000,-0.600000,-0.600000,-0.600000,-0.600000,0.600000,-0.600000,-0.600000,-0.600000,-0.600000,0.600000,-0.600000,0.611950,0.600000,-0.600000,-0.600000,-0.600000
685,-0.600000,0.600000,-0.600000,1.000000,-0.600000,1.000000,-1.000000,-0.600000,0.600000,-0.600000,-0.600000,0.600000,-0.600000,0.600000,-0.600000,-0.600000,0.600000,-0.600000,-0.600000,-0.651523,-0.604795,0.600000,-0.600000,-0.600000,-0.611950,-0.600000,-0.600000,-0.600000,0.600000,-0.600000,-0.600000,-0.600000,-0.600000,-0.600000,0.600000,-0.000000,0.597599,0.600000,-0.600000,-0.600000,0.600000,-0.600000,0.600000,-0.600000,0.600000,0.600000,0.600000,-0.600000,-0.600000,-0.600000,0.600000,0.600000,-0.600000,0.600000,-0.600000,-0.600000,-0.600000,-0.600000,-0.600000,0.600000,-0.600000,-0.600000,-0.600000,-0.600000,0.600000,-0.600000,0.611950,0.600000,-0.600000,-0.600000,-0.600000
686,-0.600000,0.600000,-0.600000,1.000000,-0.600000,1.000000,-1.000000,-0.600000,0.600000,-0.600000,-0.600000,0.600000,-0.600000,0.600000,-0.600000,-0.600000,0.600000,-0.600000,-0.600000,-0.651523,-0.604795,0.600000,-0.600000,-0.600000,-0.611950,-0.600000,-0.600000,-0.600000,0.600000,-0.600000,-0.600000,-0.600000,-0.600000,-0.600000,0.600000,-0.000000,0.597599,0.600000,-0.600000,-0.600000,0.600000,-0.600000,0.600000,-0.600000,0.600000,0.600000,0.600000,-0.600000,-0.600000,-0.600000,0.600000,0.600000,-0.600000,0.600000,-0.600000,-0.600000,-0.600000,-0.600000,-0.600000,0.600000,-0.600000,-0.600000,-0.600000,-0.600000,0.600000,-0.600000,0.611950,0.600000,-0.600000,-0.600000,-0.600000
687,-0.600000,0.600000,-0.600000,1.000000,-0.600000,1.000000,-1.000000,-0.600000,0.600000,-0.600000,-0.600000,0.600000,-0.600000,0.600000,-0.600000,-0.600000,0.600000,-0.600000,-0.600000,-0.651523,-0.604795,0.600000,-0.600000,-0.600000,-0.611950,-0.600000,-0.600000,-0.600000,0.600000,-0.600000,-0.600000,-0.600000,-0.600000,-0.600000,0.600000,-0.000000,0.597599,0.600000,-0.600000,-0.600000,0.600000,-0.600000,0.600000,-0.600000,0.600000,0.600000,0.600000,-0.600000,-0.600000,-0.600000,0.600000,0.600000,-0.600000,0.600000,-0.600000,-0.600000,-0.600000,-0.600000,-0.600000,0.600000,-0.600000,-0.600000,-0.600000,-0.600000,0.600000,-0.600000,0.611950,0.600000,-0.600000,-0.600000,-0.600000
688,-0.600000,0.600000,-0.600000,1.000000,-0.600000,1.000000,-1.000000,-0.600000,0.600000,-0.600000,-0.600000,0.600000,-0.600000,0.600000,-0.600000,-0.600000,0.600000,-0.600000,-0.600000,-0.651523,-0.604795,0.600000,-0.600000,-0.600000,-0.611950,-0.600000,-0.600000,-0.600000,0.600000,-0.600000,-0.600000,-0.600000,-0.600000,-0.600000,0.600000,-0.000000,0.597599,0.600000,-0.600000,-0.600000,0.600000,-0.600000,0.600000,-0.600000,0.600000,0.600000,0.600000,-0.600000,-0.600000,-0.600000,0.600000,0.600000,-0.600000,0.600000,-0.600000,-0.600000,-0.600000,-0.600000,-0.600000,0.600000,-0.600000,-0.600000,-0.600000,-0.600000,0.600000,-0.600000,0.611950,0.600000,-0.600000,-0.600000,-0.600000
689,-0.600000,0.600000,-0.600000,1.000000,-0.600000,1.000000,-1.000000,-0.600000,0.600000,-0.600000,-0.600000,0.600000,-0.600000,0.600000,-0.600000,-0.600000,0.600000,-0.600000,-0.600000,-0.651523,-0.604795,0.600000,-0.600000,-0.600000,-0.611950,-0.600000,-0.600000,-0.600000,0.600000,-0.600000,-0.600000,-0.600000,-0.600000,-0.600000,0.600000,-0.000000,0.597599,0.600000,-0.600000,-0.600000,0.600000,-0.600000,0.600000,-0.600000,0.600000,0.600000,0.600000,-0.600000,-0.600000,-0.600000,0.600000,0.600000,-0.600000,0.600000,-0.600000,-0.600000,-0.600000,-0.600000,-0.600000,0.600000,-0.600000,-0.600000,-0.600000,-0.600000,0.600000,-0.600000,0.611950,0.600000,-0.600000,-0.600000,-0.600000
690,-0.600000,0.600000,-0.600000,1.000000,-0.600000,1.000000,-1.000000,-0.600000,0.600000,-0.600000,-0.600000,0.600000,-0.600000,0.600000,-0.600000,-0.600000,0.600000,-0.600000,-0.600000,-0.651523,-0.604795,0.600000,-0.600000,-0.600000,-0.611950,-0.600000,-0.600000,-0.600000,0.600000,-0.600000,-0.600000,-0.600000,-0.600000,-0.600000,0.600000,-0.000000,0.597599,0.600000,-0.600000,-0.600000,0.600000,-0.600000,0.600000,-0.600000,0.600000,0.600000,0.600000,-0.600000,-0.600000,-0.600000,0.600000,0.600000,-0.600000,0.600000,-0.600000,-0.600000,-0.600000,-0.600000,-0.600000,0.600000,-0.600000,-0.600000,-0.600000,-0.600000,0.600000,-0.600000,0.611950,0.600000,-0.600000,-0.600000,-0.600000
691,-0.600000,0.600000,-0.600000,1.000000,-0.600000,1.000000,-1.000000,-0.600000,0.600000,-0.600000,-0.600000,0.600000,-0.600000,0.600000,-0.600000,-0.600000,0.600000,-0.600000,-0.600000,-0.651523,-0.604795,0.600000,-0.600000,-0.600000,-0.611950,-0.600000,-0.600000,-0.600000,0.600000,-0.600000,-0.600000,-0.600000,-0.600000,-0.600000,0.600000,-0.000000,0.597599,0.600000,-0.600000,-0.600000,0.600000,-0.600000,0.600000,-0.600000,0.600000,0.600000,0.600000,-0.600000,-0.600000,-0.600000,0.600000,0.600000,-0.600000,0.600000,-0.600000,-0.600000,-0.600000,-0.600000,-0.600000,0.600000,-0.600000,-0.600000,-0.600000,-0.600000,0.600000,-0.600000,0.611950,0.600000,-0.600000,-0.600000,-0.600000
692,-0.600000,0.600000,-0.600000,1.000000,-0.600000,1.000000,-1.000000,-0.600000,0.600000,-0.600000,-0.600000,0.600000,-0.600000,0.600000,-0.600000,-0.600000,0.600000,-0.600000,-0.600000,-0.651523,-0.604795,0.600000,-0.600000,-0.600000,-0.611950,-0.600000,-0.600000,-0.600000,0.600000,-0.600000,-0.600000,-0.600000,-0.600000,-0.600000,0.600000,-0.000000,0.597599,0.600000,-0.600000,-0.600000,0.600000,-0.600000,0.600000,-0.600000,0.600000,0.600000,0.600000,-0.600000,-0.600000,-0.600000,0.600000,0.600000,-0.600000,0.600000,-0.600000,-0.600000,-0.600000,-0.600000,-0.600000,0.600000,-0.600000,-0.600000,-0.600000,-0.600000,0.600000,-0.600000,0.611950,0.600000,-0.600000,-0.600000,-0.600000
693,-0.600000,0.600000,-0.600000,1.000000,-0.600000,1.000000,-1.000000,-0.600000,0.600000,-0.600000,-0.600000,0.600000,-0.600000,0.600000,-0.600000,-0.600000,0.600000,-0.600000,-0.600000,-0.651523,-0.604795,0.600000,-0.600000,-0.600000,-0.611950,-0.600000,-0.600000,-0.600000,0.600000,-0.600000,-0.600000,-0.600000,-0.600000,-0.600000,0.600000,-0.000000,0.597599,0.600000,-0.600000,-0.600000,0.600000,-0.600000,0.600000,-0.600000,0.600000,0.600000,0.600000,-0.600000,-0.600000,-0.600000,0.600000,0.600000,-0.600000,0.600000,-0.600000,-0.600000,-0.600000,-0.600000,-0.600000,0.600000,-0.600000,-0.600000,-0.600000,-0.600000,0.600000,-0.600000,0.611950,0.600000,-0.600000,-0.600000,-0.600000
694,-0.600000,0.600000,-0.600000,1.000000,-0.600000,1.000000,-1.000000,-0.600000,0.600000,-0.600000,-0.600000,0.600000,-0.600000,0.600000,-0.600000,-0.600000,0.600000,-0.600000,-0.600000,-0.651523,-0.604795,0.600000,-0.600000,-0.600000,-0.611950,-0.600000,-0.600000,-0.600000,0.600000,-0.600000,-0.600000,-0.600000,-0.600000,-0.600000,0.600000,-0.000000,0.597599,0.600000,-0.600000,-0.600000,0.600000,-0.600000,0.600000,-0.600000,0.600000,0.600000,0.600000,-0.600000,-0.600000,-0.600000,0.600000,0.600000,-0.600000,0.600000,-0.600000,-0.600000,-0.600000,-0.600000,-0.600000,0.600000,-0.600000,-0.600000,-0.600000,-0.600000,0.600000,-0.600000,0.611950,0.600000,-0.600000,-0.600000,-0.600000
695,-0.600000,0.600000,-0.600000,1.000000,-0.600000,1.000000,-1.000000,-0.600000,0.600000,-0.600000,-0.600000,0.600000,-0.600000,0.600000,-0.600000,-0.600000,0.600000,-0.600000,-0.600000,-0.651523,-0.604795,0.600000,-0.600000,-0.600000,-0.611950,-0.600000,-0.600000,-0.600000,0.600000,-0.600000,-0.600000,-0.600000,-0.600000,-0.600000,0.600000,-0.000000,0.597599,0.600000,-0.600000,-0.600000,0.600000,-0.600000,0.600000,-0.600000,0.600000,0.600000,0.600000,-0.600000,-0.600000,-0.600000,0.600000,0.600000,-0.600000,0.600000,-0.600000,-0.600000,-0.600000,-0.600000,-0.600000,0.600000,-0.600000,-0.600000,-0.600000,-0.600000,0.600000,-0.600000,0.611950,0.600000,-0.600000,-0.600000,-0.600000
696,-0.600000,0.600000,-0.600000,1.000000,-0.600000,1.000000,-1.000000,-0.600000,0.600000,-0.600000,-0.600000,0.600000,-0.600000,0.600000,-0.600000,-0.600000,0.600000,-0.600000,-0.600000,-0.651523,-0.604795,0.600000,-0.600000,-0.600000,-0.611950,-0.600000,-0.600000,-0.600000,0.600000,-0.600000,-0.600000,-0.600000,-0.600000,-0.600000,0.600000,-0.000000,0.597599,0.600000,-0.600000,-0.600000,0.600000,-0.600000,0.600000,-0.600000,0.600000,0.600000,0.600000,-0.600000,-0.600000,-0.600000,0.600000,0.600000,-0.600000,0.600000,-0.600000,-0.600000,-0.600000,-0.600000,-0.600000,0.600000,-0.600000,-0.600000,-0.600000,-0.600000,0.600000,-0.600000,0.611950,0.600000,-0.600000,-0.600000,-0.600000
697,-0.600000,0.600000,-0.600000,1.000000,-0.600000,1.000000,-1.000000,-0.600000,0.600000,-0.600000,-0.600000,0.600000,-0.600000,0.600000,-0.600000,-0.600000,0.600000,-0.600000,-0.600000,-0.651523,-0.604795,0.600000,-0.600000,-0.600000,-0.611950,-0.600000,-0.600000,-0.600000,0.600000,-0.600000,-0.600000,-0.600000,-0.600000,-0.600000,0.600000,-0.000000,0.597599,0.600000,-0.600000,-0.600000,0.600000,-0.600000,0.600000,-0.600000,0.600000,0.600000,0.600000,-0.600000,-0.600000,-0.600000,0.600000,0.600000,-0.600000,0.600000,-0.600000,-0.600000,-0.600000,-0.600000,-0.600000,0.600000,-0.600000,-0.600000,-0.600000,-0.600000,0.600000,-0.600000,0.611950,0.600000,-0.600000,-0.600000,-0.600000
698,-0.600000,0.600000,-0.600000,1.000000,-0.600000,1.000000,-1.000000,-0.600000,0.600000,-0.600000,-0.600000,0.600000,-0.600000,0.600000,-0.600000,-0.600000,0.600000,-0.600000,-0.600000,-0.651523,-0.604795,0.600000,-0.600000,-0.600000,-0.611950,-0.600000,-0.600000,-0.600000,0.600000,-0.600000,-0.600000,-0.600000,-0.600000,-0.600000,0.600000,-0.000000,0.597599,0.600000,-0.600000,-0.600000,0.600000,-0.600000,0.600000,-0.600000,0.600000,0.600000,0.600000,-0.600000,-0.600000,-0.600000,0.600000,0.600000,-0.600000,0.600000,-0.600000,-0.600000,-0.600000,-0.600000,-0.600000,0.600000,-0.600000,-0.600000,-0.600000,-0.600000,0.600000,-0.600000,0.611950,0.600000,-0.600000,-0.600000,-0.600000
699,-0.600000,0.600000,-0.600000,1.000000,-0.600000,1.000000,-1.000000,-0.600000,0.600000,-0.600000,-0.600000,0.600000,-0.600000,0.600000,-0.600000,-0.600000,0.600000,-0.600000,-0.600000,-0.651523,-0.604795,0.600000,-0.600000,-0.600000,-0.611950,-0.600000,-0.600000,-0.600000,0.600000,-0.600000,-0.600000,-0.600000,-0.600000,-0.600000,0.600000,-0.000000,0.597599,0.600000,-0.600000,-0.600000,0.600000,-0.600000,0.600000,-0.600000,0.600000,0.600000,0.600000,-0.600000,-0.600000,-0.600000,0.600000,0.600000,-0.600000,0.600000,-0.600000,-0.600000,-0.600000,-0.600000,-0.600000,0.600000,-0.600000,-0.600000,-0.600000,-0.600000,0.600000,-0.600000,0.611950,0.600000,-0.600000,-0.600000,-0.600000
700,-0.600000,0.600000,-0.600000,1.000000,-0.600000,1.000000,-1.000000,-0.600000,0.600000,-0.600000,-0.600000,0.600000,-0.600000,0.600000,-0.600000,-0.600000,0.600000,-0.600000,-0.600000,-0.651523,-0.604795,0.600000,-0.600000,-0.600000,-0.611950,-0.600000,-0.600000,-0.600000,0.600000,-0.600000,-0.600000,-0.600000,-0.600000,-0.600000,0.600000,-0.000000,0.597599,0.600000,-0.600000,-0.600000,0.600000,-0.600000,0.600000,-0.600000,0.600000,0.600000,0.600000,-0.600000,-0.600000,-0.600000,0.600000,0.600000,-0.600000,0.600000,-0.600000,-0.600000,-0.600000,-0.600000,-0.600000,0.600000,-0.600000,-0.600000,-0.600000,-0.600000,0.600000,-0.600000,0.611950,0.600000,-0.600000,-0.600000,-0.600000
701,-0.600000,0.600000,-0.600000,1.000000,-0.600000,1.000000,-1.000000,-0.600000,0.600000,-0.600000,-0.600000,0.600000,-0.600000,0.600000,-0.600000,-0.600000,0.600000,-0.600000,-0.600000,-0.651523,-0.604795,0.600000,-0.600000,-0.600000,-0.611950,-0.600000,-0.600000,-0.600000,0.600000,-0.600000,-0.600000,-0.600000,-0.600000,-0.600000,0.600000,-0.000000,0.597599,0.600000,-0.600000,-0.600000,0.600000,-0.600000,0.600000,-0.600000,0.600000,0.600000,0.600000,-0.600000,-0.600000,-0.600000,0.600000,0.600000,-0.600000,0.600000,-0.600000,-0.600000,-0.600000,-0.600000,-0.600000,0.600000,-0.600000,-0.600000,-0.600000,-0.600000,0.600000,-0.600000,0.611950,0.600000,-0.600000,-0.600000,-0.600000
702,-0.600000,0.600000,-0.600000,1.000000,-0.600000,1.000000,-1.000000,-0.600000,0.600000,-0.600000,-0.600000,0.600000,-0.600000,0.600000,-0.600000,-0.600000,0.600000,-0.600000,-0.600000,-0.651523,-0.604795,0.600000,-0.600000,-0.600000,-0.611950,-0.600000,-0.600000,-0.600000,0.600000,-0.600000,-0.600000,-0.600000,-0.600000,-0.600000,0.600000,-0.000000,0.597599,0.600000,-0.600000,-0.600000,0.600000,-0.600000,0.600000,-0.600000,0.600000,0.600000,0.600000,-0.600000,-0.600000,-0.600000,0.600000,0.600000,-0.600000,0.600000,-0.600000,-0.600000,-0.600000,-0.600000,-0.600000,0.600000,-0.600000,-0.600000,-0.600000,-0.600000,0.600000,-0.600000,0.611950,0.600000,-0.600000,-0.600000,-0.600000
703,-0.600000,0.600000,-0.600000,1.000000,-0.600000,1.000000,-1.000000,-0.600000,0.600000,-0.600000,-0.600000,0.600000,-0.600000,0.600000,-0.600000,-0.600000,0.600000,-0.600000,-0.600000,-0.651523,-0.604795,0.600000,-0.600000,-0.600000,-0.611950,-0.600000,-0.600000,-0.600000,0.600000,-0.600000,-0.600000,-0.600000,-0.600000,-0.600000,0.600000,-0.000000,0.597599,0.600000,-0.600000,-0.600000,0.600000,-0.600000,0.600000,-0.600000,0.600000,0.600000,0.600000,-0.600000,-0.600000,-0.600000,0.600000,0.600000,-0.600000,0.600000,-0.600000,-0.600000,-0.600000,-0.600000,-0.600000,0.600000,-0.600000,-0.600000,-0.600000,-0.600000,0.600000,-0.600000,0.611950,0.600000,-0.600000,-0.600000,-0.600000
704,-0.600000,0.600000,-0.600000,1.000000,-0.600000,1.000000,-1.000000,-0.600000,0.600000,-0.600000,-0.600000,0.600000,-0.600000,0.600000,-0.600000,-0.600000,0.600000,-0.600000,-0.600000,-0.651523,-0.604795,0.600000,-0.600000,-0.600000,-0.611950,-0.600000,-0.600000,-0.600000,0.600000,-0.600000,-0.600000,-0.600000,-0.600000,-0.600000,0.600000,-0.000000,0.597599,0.600000,-0.600000,-0.600000,0.600000,-0.600000,0.600000,-0.600000,0.600000,0.600000,0.600000,-0.600000,-0.600000,-0.600000,0.600000,0.600000,-0.600000,0.600000,-0.600000,-0.600000,-0.600000,-0.600000,-0.600000,0.600000,-0.600000,-0.600000,-0.600000,-0.600000,0.600000,-0.600000,0.611950,0.600000,-0.600000,-0.600000,-0.600000
705,-0.600000,0.600000,-0.600000,1.000000,-0.600000,1.000000,-1.000000,-0.600000,0.600000,-0.600000,-0.600000,0.600000,-0.600000,0.600000,-0.600000,-0.600000,0.600000,-0.600000,-0.600000,-0.651523,-0.604795,0.600000,-0.600000,-0.600000,-0.611950,-0.600000,-0.600000,-0.600000,0.600000,-0.600000,-0.600000,-0.600000,-0.600000,-0.600000,0.600000,-0.000000,0.597599,0.600000,-0.600000,-0.600000,0.600000,-0.600000,0.600000,-0.600000,0.600000,0.600000,0.600000,-0.600000,-0.600000,-0.600000,0.600000,0.600000,-0.600000,0.600000,-0.600000,-0.600000,-0.600000,-0.600000,-0.600000,0.600000,-0.600000,-0.600000,-0.600000,-0.600000,0.600000,-0.600000,0.611950,0.600000,-0.600000,-0.600000,-0.600000
706,-0.600000,0.600000,-0.600000,1.000000,-0.600000,1.000000,-1.000000,-0.600000,0.600000,-0.600000,-0.600000,0.600000,-0.600000,0.600000,-0.600000,-0.600000,0.600000,-0.600000,-0.600000,-0.651523,-0.604795,0.600000,-0.600000,-0.600000,-0.611950,-0.600000,-0.600000,-0.600000,0.600000,-0.600000,-0.600000,-0.600000,-0.600000,-0.600000,0.600000,-0.000000,0.597599,0.600000,-0.600000,-0.600000,0.600000,-0.600000,0.600000,-0.600000,0.600000,0.600000,0.600000,-0.600000,-0.600000,-0.600000,0.600000,0.600000,-0.600000,0.600000,-0.600000,-0.600000,-0.600000,-0.600000,-0.600000,0.600000,-0.600000,-0.600000,-0.600000,-0.600000,0.600000,-0.600000,0.611950,0.600000,-0.600000,-0.600000,-0.600000
707,-0.600000,0.600000,-0.600000,1.000000,-0.600000,1.000000,-1.000000,-0.600000,0.600000,-0.600000,-0.600000,0.600000,-0.600000,0.600000,-0.600000,-0.600000,0.600000,-0.600000,-0.600000,-0.651523,-0.604795,0.600000,-0.600000,-0.600000,-0.611950,-0.600000,-0.600000,-0.600000,0.600000,-0.600000,-0.600000,-0.600000,-0.600000,-0.600000,0.600000,-0.000000,0.597599,0.600000,-0.600000,-0.600000,0.600000,-0.600000,0.600000,-0.600000,0.600000,0.600000,0.600000,-0.600000,-0.600000,-0.600000,0.600000,0.600000,-0.600000,0.600000,-0.600000,-0.600000,-0.600000,-0.600000,-0.600000,0.600000,-0.600000,-0.600000,-0.600000,-0.600000,0.600000,-0.600000,0.611950,0.600000,-0.600000,-0.600000,-0.600000
708,-0.600000,0.600000,-0.600000,1.000000,-0.600000,1.000000,-1.000000,-0.600000,0.600000,-0.600000,-0.600000,0.600000,-0.600000,0.600000,-0.600000,-0.600000,0.600000,-0.600000,-0.600000,-0.651523,-0.604795,0.600000,-0.600000,-0.600000,-0.611950,-0.600000,-0.600000,-0.600000,0.600000,-0.600000,-0.600000,-0.600000,-0.600000,-0.600000,0.600000,-0.000000,0.597599,0.600000,-0.600000,-0.600000,0.600000,-0.600000,0.600000,-0.600000,0.600000,0.600000,0.600000,-0.600000,-0.600000,-0.600000,0.600000,0.600000,-0.600000,0.600000,-0.600000,-0.600000,-0.600000,-0.600000,-0.600000,0.600000,-0.600000,-0.600000,-0.600000,-0.600000,0.600000,-0.600000,0.611950,0.600000,-0.600000,-0.600000,-0.600000
709,-0.600000,0.600000,-0.600000,1.000000,-0.600000,1.000000,-1.000000,-0.600000,0.600000,-0.600000,-0.600000,0.600000,-0.600000,0.600000,-0.600000,-0.600000,0.600000,-0.600000,-0.600000,-0.651523,-0.604795,0.600000,-0.600000,-0.600000,-0.611950,-0.600000,-0.600000,-0.600000,0.600000,-0.600000,-0.600000,-0.600000,-0.600000,-0.600000,0.600000,-0.000000,0.597599,0.600000,-0.600000,-0.600000,0.600000,-0.600000,0.600000,-0.600000,0.600000,0.600000,0.600000,-0.600000,-0.600000,-0.600000,0.600000,0.600000,-0.600000,0.600000,-0.600000,-0.600000,-0.600000,-0.600000,-0.600000,0.600000,-0.600000,-0.600000,-0.600000,-0.600000,0.600000,-0.600000,0.611950,0.600000,-0.600000,-0.600000,-0.600000
710,-0.600000,0.600000,-0.600000,1.000000,-0.600000,1.000000,-1.000000,-0.600000,0.600000,-0.600000,-0.600000,0.600000,-0.600000,0.600000,-0.600000,-0.600000,0.600000,-0.600000,-0.600000,-0.651523,-0.604795,0.600000,-0.600000,-0.600000,-0.611950,-0.600000,-0.600000,-0.600000,0.600000,-0.600000,-0.600000,-0.600000,-0.600000,-0.600000,0.600000,-0.000000,0.597599,0.600000,-0.600000,-0.600000,0.600000,-0.600000,0.600000,-0.600000,0.600000,0.600000,0.600000,-0.600000,-0.600000,-0.600000,0.600000,0.600000,-0.600000,0.600000,-0.600000,-0.600000,-0.600000,-0.600000,-0.600000,0.600000,-0.600000,-0.600000,-0.600000,-0.600000,0.600000,-0.600000,0.611950,0.600000,-0.600000,-0.600000,-0.600000
711,-0.600000,0.600000,-0.600000,1.000000,-0.600000,1.000000,-1.000000,-0.600000,0.600000,-0.600000,-0.600000,0.600000,-0.600000,0.600000,-0.600000,-0.600000,0.600000,-0.600000,-0.600000,-0.651523,-0.604795,0.600000,-0.600000,-0.600000,-0.611950,-0.600000,-0.600000,-0.600000,0.600000,-0.600000,-0.600000,-0.600000,-0.600000,-0.600000,0.600000,-0.000000,0.597599,0.600000,-0.600000,-0.600000,0.600000,-0.600000,0.600000,-0.600000,0.600000,0.600000,0.600000,-0.600000,-0.600000,-0.600000,0.600000,0.600000,-0.600000,0.600000,-0.600000,-0.600000,-0.600000,-0.600000,-0.600000,0.600000,-0.600000,-0.600000,-0.600000,-0.600000,0.600000,-0.600000,0.611950,0.600000,-0.600000,-0.600000,-0.600000
712,-0.600000,0.600000,-0.600000,1.000000,-0.600000,1.000000,-1.000000,-0.600000,0.600000,-0.600000,-0.600000,0.600000,-0.600000,0.600000,-0.600000,-0.600000,0.600000,-0.600000,-0.600000,-0.651523,-0.604795,0.600000,-0.600000,-0.600000,-0.611950,-0.600000,-0.600000,-0.600000,0.600000,-0.600000,-0.600000,-0.600000,-0.600000,-0.600000,0.600000,-0.000000,0.597599,0.600000,-0.600000,-0.600000,0.600000,-0.600000,0.600000,-0.600000,0.600000,0.600000,0.600000,-0.600000,-0.600000,-0.600000,0.600000,0.600000,-0.600000,0.600000,-0.600000,-0.600000,-0.600000,-0.600000,-0.600000,0.600000,-0.600000,-0.600000,-0.600000,-0.600000,0.600000,-0.600000,0.611950,0.600000,-0.600000,-0.600000,-0.600000
713,-0.600000,0.600000,-0.600000,1.000000,-0.600000,1.000000,-1.000000,-0.600000,0.600000,-0.600000,-0.600000,0.600000,-0.600000,0.600000,-0.600000,-0.600000,0.600000,-0.600000,-0.600000,-0.651523,-0.604795,0.600000,-0.600000,-0.600000,-0.611950,-0.600000,-0.600000,-0.600000,0.600000,-0.600000,-0.600000,-0.600000,-0.600000,-0.600000,0.600000,-0.000000,0.597599,0.600000,-0.600000,-0.600000,0.600000,-0.600000,0.600000,-0.600000,0.600000,0.600000,0.600000,-0.600000,-0.600000,-0.600000,0.600000,0.600000,-0.600000,0.600000,-0.600000,-0.600000,-0.600000,-0.600000,-0.600000,0.600000,-0.600000,-0.600000,-0.600000,-0.600000,0.600000,-0.600000,0.611950,0.600000,-0.600000,-0.600000,-0.600000
714,-0.600000,0.600000,-0.600000,1.000000,-0.600000,1.000000,-1.000000,-0.600000,0.600000,-0.600000,-0.600000,0.600000,-0.600000,0.600000,-0.600000,-0.600000,0.600000,-0.600000,-0.600000,-0.651523,-0.604795,0.600000,-0.600000,-0.600000,-0.611950,-0.600000,-0.600000,-0.600000,0.600000,-0.600000,-0.600000,-0.600000,-0.600000,-0.600000,0.600000,-0.000000,0.597599,0.600000,-0.600000,-0.600000,0.600000,-0.600000,0.600000,-0.600000,0.600000,0.600000,0.600000,-0.600000,-0.600000,-0.600000,0.600000,0.600000,-0.600000,0.600000,-0.600000,-0.600000,-0.600000,-0.600000,-0.600000,0.600000,-0.600000,-0.600000,-0.600000,-0.600000,0.600000,-0.600000,0.611950,0.600000,-0.600000,-0.600000,-0.600000
715,-0.600000,0.600000,-0.600000,1.000000,-0.600000,1.000000,-1.000000,-0.600000,0.600000,-0.600000,-0.600000,0.600000,-0.600000,0.600000,-0.600000,-0.600000,0.600000,-0.600000,-0.600000,-0.651523,-0.604795,0.600000,-0.600000,-0.600000,-0.611950,-0.600000,-0.600000,-0.600000,0.600000,-0.600000,-0.600000,-0.600000,-0.600000,-0.600000,0.600000,-0.000000,0.597599,0.600000,-0.600000,-0.600000,0.600000,-0.600000,0.600000,-0.600000,0.600000,0.600000,0.600000,-0.600000,-0.600000,-0.600000,0.600000,0.600000,-0.600000,0.600000,-0.600000,-0.600000,-0.600000,-0.600000,-0.600000,0.600000,-0.600000,-0.600000,-0.600000,-0.600000,0.600000,-0.600000,0.611950,0.600000,-0.600000,-0.600000,-0.600000
716,-0.600000,0.600000,-0.600000,1.000000,-0.600000,1.000000,-1.000000,-0.600000,0.600000,-0.600000,-0.600000,0.600000,-0.600000,0.600000,-0.600000,-0.600000,0.600000,-0.600000,-0.600000,-0.651523,-0.604795,0.600000,-0.600000,-0.600000,-0.611950,-0.600000,-0.600000,-0.600000,0.600000,-0.600000,-0.600000,-0.600000,-0.600000,-0.600000,0.600000,-0.000000,0.597599,0.600000,-0.600000,-0.600000,0.600000,-0.600000,0.600000,-0.600000,0.600000,0.600000,0.600000,-0.600000,-0.600000,-0.600000,0.600000,0.600000,-0.600000,0.600000,-0.600000,-0.600000,-0.600000,-0.600000,-0.600000,0.600000,-0.600000,-0.600000,-0.600000,-0.600000,0.600000,-0.600000,0.611950,0.600000,-0.600000,-0.600000,-0.600000
717,-0.600000,0.600000,-0.600000,1.000000,-0.600000,1.000000,-1.000000,-0.600000,0.600000,-0.600000,-0.600000,0.600000,-0.600000,0.600000,-0.600000,-0.600000,0.600000,-0.600000,-0.600000,-0.651523,-0.604795,0.600000,-0.600000,-0.600000,-0.611950,-0.600000,-0.600000,-0.600000,0.600000,-0.600000,-0.600000,-0.600000,-0.600000,-0.600000,0.600000,-0.000000,0.597599,0.600000,-0.600000,-0.600000,0.600000,-0.600000,0.600000,-0.600000,0.600000,0.600000,0.600000,-0.600000,-0.600000,-0.600000,0.600000,0.600000,-0.600000,0.600000,-0.600000,-0.600000,-0.600000,-0.600000,-0.600000,0.600000,-0.600000,-0.600000,-0.600000,-0.600000,0.600000,-0.600000,0.611950,0.600000,-0.600000,-0.600000,-0.600000
718,-0.600000,0.600000,-0.600000,1.000000,-0.600000,1.000000,-1.000000,-0.600000,0.600000,-0.600000,-0.600000,0.600000,-0.600000,0.600000,-0.600000,-0.600000,0.600000,-0.600000,-0.600000,-0.651523,-0.604795,0.600000,-0.600000,-0.600000,-0.611950,-0.600000,-0.600000,-0.600000,0.600000,-0.600000,-0.600000,-0.600000,-0.600000,-0.600000,0.600000,-0.000000,0.597599,0.600000,-0.600000,-0.600000,0.600000,-0.600000,0.600000,-0.600000,0.600000,0.600000,0.600000,-0.600000,-0.600000,-0.600000,0.600000,0.600000,-0.600000,0.600000,-0.600000,-0.600000,-0.600000,-0.600000,-0.600000,0.600000,-0.600000,-0.600000,-0.600000,-0.600000,0.600000,-0.600000,0.611950,0.600000,-0.600000,-0.600000,-0.600000
719,-0.600000,0.600000,-0.600000,1.000000,-0.600000,1.000000,-1.000000,-0.600000,0.600000,-0.600000,-0.600000,0.600000,-0.600000,0.600000,-0.600000,-0.600000,0.600000,-0.600000,-0.600000,-0.651523,-0.604795,0.600000,-0.600000,-0.600000,-0.611950,-0.600000,-0.600000,-0.600000,0.600000,-0.600000,-0.600000,-0.600000,-0.600000,-0.600000,0.600000,-0.000000,0.597599,0.600000,-0.600000,-0.600000,0.600000,-0.600000,0.600000,-0.600000,0.600000,0.600000,0.600000,-0.600000,-0.600000,-0.600000,0.600000,0.600000,-0.600000,0.600000,-0.600000,-0.600000,-0.600000,-0.600000,-0.600000,0.600000,-0.600000,-0.600000,-0.600000,-0.600000,0.600000,-0.600000,0.611950,0.600000,-0.600000,-0.600000,-0.600000
720,-0.600000,0.600000,-0.600000,1.000000,-0.600000,1.000000,-1.000000,-0.600000,0.600000,-0.600000,-0.600000,0.600000,-0.600000,0.600000,-0.600000,-0.600000,0.600000,-0.600000,-0.600000,-0.651523,-0.604795,0.600000,-0.600000,-0.600000,-0.611950,-0.600000,-0.600000,-0.600000,0.600000,-0.600000,-0.600000,-0.600000,-0.600000,-0.600000,0.600000,-0.000000,0.597599,0.600000,-0.600000,-0.600000,0.600000,-0.600000,0.600000,-0.600000,0.600000,0.600000,0.600000,-0.600000,-0.600000,-0.600000,0.600000,0.600000,-0.600000,0.600000,-0.600000,-0.600000,-0.600000,-0.600000,-0.600000,0.600000,-0.600000,-0.600000,-0.600000,-0.600000,0.600000,-0.600000,0.611950,0.600000,-0.600000,-0.600000,-0.600000
721,-0.600000,0.600000,-0.600000,1.000000,-0.600000,1.000000,-1.000000,-0.600000,0.600000,-0.600000,-0.600000,0.600000,-0.600000,0.600000,-0.600000,-0.600000,0.600000,-0.600000,-0.600000,-0.651523,-0.604795,0.600000,-0.600000,-0.600000,-0.611950,-0.600000,-0.600000,-0.600000,0.600000,-0.600000,-0.600000,-0.600000,-0.600000,-0.600000,0.600000,-0.000000,0.597599,0.600000,-0.600000,-0.600000,0.600000,-0.600000,0.600000,-0.600000,0.600000,0.600000,0.600000,-0.600000,-0.600000,-0.600000,0.600000,0.600000,-0.600000,0.600000,-0.600000,-0.600000,-0.600000,-0.600000,-0.600000,0.600000,-0.600000,-0.600000,-0.600000,-0.600000,0.600000,-0.600000,0.611950,0.600000,-0.600000,-0.600000,-0.600000
722,-0.600000,0.600000,-0.600000,1.000000,-0.600000,1.000000,-1.000000,-0.600000,0.600000,-0.600000,-0.600000,0.600000,-0.600000,0.600000,-0.600000,-0.600000,0.600000,-0.600000,-0.600000,-0.651523,-0.604795,0.600000,-0.600000,-0.600000,-0.611950,-0.600000,-0.600000,-0.600000,0.600000,-0.600000,-0.600000,-0.600000,-0.600000,-0.600000,0.600000,-0.000000,0.597599,0.600000,-0.600000,-0.600000,0.600000,-0.600000,0.600000,-0.600000,0.600000,0.600000,0.600000,-0.600000,-0.600000,-0.600000,0.600000,0.600000,-0.600000,0.600000,-0.600000,-0.600000,-0.600000,-0.600000,-0.600000,0.600000,-0.600000,-0.600000,-0.600000,-0.600000,0.600000,-0.600000,0.611950,0.600000,-0.600000,-0.600000,-0.600000
723,-0.600000,0.600000,-0.600000,1.000000,-0.600000,1.000000,-1.000000,-0.600000,0.600000,-0.600000,-0.600000,0.600000,-0.600000,0.600000,-0.600000,-0.600000,0.600000,-0.600000,-0.600000,-0.651523,-0.604795,0.600000,-0.600000,-0.600000,-0.611950,-0.600000,-0.600000,-0.600000,0.600000,-0.600000,-0.600000,-0.600000,-0.600000,-0.600000,0.600000,-0.000000,0.597599,0.600000,-0.600000,-0.600000,0.600000,-0.600000,0.600000,-0.600000,0.600000,0.600000,0.600000,-0.600000,-0.600000,-0.600000,0.600000,0.600000,-0.600000,0.600000,-0.600000,-0.600000,-0.600000,-0.600000,-0.600000,0.600000,-0.600000,-0.600000,-0.600000,-0.600000,0.600000,-0.600000,0.611950,0.600000,-0.600000,-0.600000,-0.600000
724,-0.600000,0.600000,-0.600000,1.000000,-0.600000,1.000000,-1.000000,-0.600000,0.600000,-0.600000,-0.600000,0.600000,-0.600000,0.600000,-0.600000,-0.600000,0.600000,-0.600000,-0.600000,-0.651523,-0.604795,0.600000,-0.600000,-0.600000,-0.611950,-0.600000,-0.600000,-0.600000,0.600000,-0.600000,-0.600000,-0.600000,-0.600000,-0.600000,0.600000,-0.000000,0.597599,0.600000,-0.600000,-0.600000,0.600000,-0.600000,0.600000,-0.600000,0.600000,0.600000,0.600000,-0.600000,-0.600000,-0.600000,0.600000,0.600000,-0.600000,0.600000,-0.600000,-0.600000,-0.600000,-0.600000,-0.600000,0.600000,-0.600000,-0.600000,-0.600000,-0.600000,0.600000,-0.600000,0.611950,0.600000,-0.600000,-0.600000,-0.600000
725,-0.600000,0.600000,-0.600000,1.000000,-0.600000,1.000000,-1.000000,-0.600000,0.600000,-0.600000,-0.600000,0.600000,-0.600000,0.600000,-0.600000,-0.600000,0.600000,-0.600000,-0.600000,-0.651523,-0.604795,0.600000,-0.600000,-0.600000,-0.611950,-0.600000,-0.600000,-0.600000,0.600000,-0.600000,-0.600000,-0.600000,-0.600000,-0.600000,0.600000,-0.000000,0.597599,0.600000,-0.600000,-0.600000,0.600000,-0.600000,0.600000,-0.600000,0.600000,0.600000,0.600000,-0.600000,-0.600000,-0.600000,0.600000,0.600000,-0.600000,0.600000,-0.600000,-0.600000,-0.600000,-0.600000,-0.600000,0.600000,-0.600000,-0.600000,-0.600000,-0.600000,0.600000,-0.600000,0.611950,0.600000,-0.600000,-0.600000,-0.600000
726,-0.600000,0.600000,-0.600000,1.000000,-0.600000,1.000000,-1.000000,-0.600000,0.600000,-0.600000,-0.600000,0.600000,-0.600000,0.600000,-0.600000,-0.600000,0.600000,-0.600000,-0.600000,-0.651523,-0.604795,0.600000,-0.600000,-0.600000,-0.611950,-0.600000,-0.600000,-0.600000,0.600000,-0.600000,-0.600000,-0.600000,-0.600000,-0.600000,0.600000,-0.000000,0.597599,0.600000,-0.600000,-0.600000,0.600000,-0.600000,0.600000,-0.600000,0.600000,0.600000,0.600000,-0.600000,-0.600000,-0.600000,0.600000,0.600000,-0.600000,0.600000,-0.600000,-0.600000,-0.600000,-0.600000,-0.600000,0.600000,-0.600000,-0.600000,-0.600000,-0.600000,0.600000,-0.600000,0.611950,0.600000,-0.600000,-0.600000,-0.600000
727,-0.600000,0.600000,-0.600000,1.000000,-0.600000,1.000000,-1.000000,-0.600000,0.600000,-0.600000,-0.600000,0.600000,-0.600000,0.600000,-0.600000,-0.600000,0.600000,-0.600000,-0.600000,-0.651523,-0.604795,0.600000,-0.600000,-0.600000,-0.611950,-0.600000,-0.600000,-0.600000,0.600000,-0.600000,-0.600000,-0.600000,-0.600000,-0.600000,0.600000,-0.000000,0.597599,0.600000,-0.600000,-0.600000,0.600000,-0.600000,0.600000,-0.600000,0.600000,0.600000,0.600000,-0.600000,-0.600000,-0.600000,0.600000,0.600000,-0.600000,0.600000,-0.600000,-0.600000,-0.600000,-0.600000,-0.600000,0.600000,-0.600000,-0.600000,-0.600000,-0.600000,0.600000,-0.600000,0.611950,0.600000,-0.600000,-0.600000,-0.600000
728,-0.600000,0.600000,-0.600000,1.000000,-0.600000,1.000000,-1.000000,-0.600000,0.600000,-0.600000,-0.600000,0.600000,-0.600000,0.600000,-0.600000,-0.600000,0.600000,-0.600000,-0.600000,-0.651523,-0.604795,0.600000,-0.600000,-0.600000,-0.611950,-0.600000,-0.600000,-0.600000,0.600000,-0.600000,-0.600000,-0.600000,-0.600000,-0.600000,0.600000,-0.000000,0.597599,0.600000,-0.600000,-0.600000,0.600000,-0.600000,0.600000,-0.600000,0.600000,0.600000,0.600000,-0.600000,-0.600000,-0.600000,0.600000,0.600000,-0.600000,0.600000,-0.600000,-0.600000,-0.600000,-0.600000,-0.600000,0.600000,-0.600000,-0.600000,-0.600000,-0.600000,0.600000,-0.600000,0.611950,0.600000,-0.600000,-0.600000,-0.600000
729,-0.600000,0.600000,-0.600000,1.000000,-0.600000,1.000000,-1.000000,-0.600000,0.600000,-0.600000,-0.600000,0.600000,-0.600000,0.600000,-0.600000,-0.600000,0.600000,-0.600000,-0.600000,-0.651523,-0.604795,0.600000,-0.600000,-0.600000,-0.611950,-0.600000,-0.600000,-0.600000,0.600000,-0.600000,-0.600000,-0.600000,-0.600000,-0.600000,0.600000,-0.000000,0.597599,0.600000,-0.600000,-0.600000,0.600000,-0.600000,0.600000,-0.600000,0.600000,0.600000,0.600000,-0.600000,-0.600000,-0.600000,0.600000,0.600000,-0.600000,0.600000,-0.600000,-0.600000,-0.600000,-0.600000,-0.600000,0.600000,-0.600000,-0.600000,-0.600000,-0.600000,0.600000,-0.600000,0.611950,0.600000,-0.600000,-0.600000,-0.600000
730,-0.600000,0.600000,-0.600000,1.000000,-0.600000,1.000000,-1.000000,-0.600000,0.600000,-0.600000,-0.600000,0.600000,-0.600000,0.600000,-0.600000,-0.600000,0.600000,-0.600000,-0.600000,-0.651523,-0.604795,0.600000,-0.600000,-0.600000,-0.611950,-0.600000,-0.600000,-0.600000,0.600000,-0.600000,-0.600000,-0.600000,-0.600000,-0.600000,0.600000,-0.000000,0.597599,0.600000,-0.600000,-0.600000,0.600000,-0.600000,0.600000,-0.600000,0.600000,0.600000,0.600000,-0.600000,-0.600000,-0.600000,0.600000,0.600000,-0.600000,0.600000,-0.600000,-0.600000,-0.600000,-0.600000,-0.600000,0.600000,-0.600000,-0.600000,-0.600000,-0.600000,0.600000,-0.600000,0.611950,0.600000,-0.600000,-0.600000,-0.600000
731,-0.600000,0.600000,-0.600000,1.000000,-0.600000,1.000000,-1.000000,-0.600000,0.600000,-0.600000,-0.600000,0.600000,-0.600000,0.600000,-0.600000,-0.600000,0.600000,-0.600000,-0.600000,-0.651523,-0.604795,0.600000,-0.600000,-0.600000,-0.611950,-0.600000,-0.600000,-0.600000,0.600000,-0.600000,-0.600000,-0.600000,-0.600000,-0.600000,0.600000,-0.000000,0.597599,0.600000,-0.600000,-0.600000,0.600000,-0.600000,0.600000,-0.600000,0.600000,0.600000,0.600000,-0.600000,-0.600000,-0.600000,0.600000,0.600000,-0.600000,0.600000,-0.600000,-0.600000,-0.600000,-0.600000,-0.600000,0.600000,-0.600000,-0.600000,-0.600000,-0.600000,0.600000,-0.600000,0.611950,0.600000,-0.600000,-0.600000,-0.600000
732,-0.600000,0.600000,-0.600000,1.000000,-0.600000,1.000000,-1.000000,-0.600000,0.600000,-0.600000,-0.600000,0.600000,-0.600000,0.600000,-0.600000,-0.600000,0.600000,-0.600000,-0.600000,-0.651523,-0.604795,0.600000,-0.600000,-0.600000,-0.611950,-0.600000,-0.600000,-0.600000,0.600000,-0.600000,-0.600000,-0.600000,-0.600000,-0.600000,0.600000,-0.000000,0.597599,0.600000,-0.600000,-0.600000,0.600000,-0.600000,0.600000,-0.600000,0.600000,0.600000,0.600000,-0.600000,-0.600000,-0.600000,0.600000,0.600000,-0.600000,0.600000,-0.600000,-0.600000,-0.600000,-0.600000,-0.600000,0.600000,-0.600000,-0.600000,-0.600000,-0.600000,0.600000,-0.600000,0.611950,0.600000,-0.600000,-0.600000,-0.600000
733,-0.600000,0.600000,-0.600000,1.000000,-0.600000,1.000000,-1.000000,-0.600000,0.600000,-0.600000,-0.600000,0.600000,-0.600000,0.600000,-0.600000,-0.600000,0.600000,-0.600000,-0.600000,-0.651523,-0.604795,0.600000,-0.600000,-0.600000,-0.611950,-0.600000,-0.600000,-0.600000,0.600000,-0.600000,-0.600000,-0.600000,-0.600000,-0.600000,0.600000,-0.000000,0.597599,0.600000,-0.600000,-0.600000,0.600000,-0.600000,0.600000,-0.600000,0.600000,0.600000,0.600000,-0.600000,-0.600000,-0.600000,0.600000,0.600000,-0.600000,0.600000,-0.600000,-0.600000,-0.600000,-0.600000,-0.600000,0.600000,-0.600000,-0.600000,-0.600000,-0.600000,0.600000,-0.600000,0.611950,0.600000,-0.600000,-0.600000,-0.600000
734,-0.600000,0.600000,-0.600000,1.000000,-0.600000,1.000000,-1.000000,-0.600000,0.600000,-0.600000,-0.600000,0.600000,-0.600000,0.600000,-0.600000,-0.600000,0.600000,-0.600000,-0.600000,-0.651523,-0.604795,0.600000,-0.600000,-0.600000,-0.611950,-0.600000,-0.600000,-0.600000,0.600000,-0.600000,-0.600000,-0.600000,-0.600000,-0.600000,0.600000,-0.000000,0.597599,0.600000,-0.600000,-0.600000,0.600000,-0.600000,0.600000,-0.600000,0.600000,0.600000,0.600000,-0.600000,-0.600000,-0.600000,0.600000,0.600000,-0.600000,0.600000,-0.600000,-0.600000,-0.600000,-0.600000,-0.600000,0.600000,-0.600000,-0.600000,-0.600000,-0.600000,0.600000,-0.600000,0.611950,0.600000,-0.600000,-0.600000,-0.600000
735,-0.600000,0.600000,-0.600000,1.000000,-0.600000,1.000000,-1.000000,-0.600000,0.600000,-0.600000,-0.600000,0.600000,-0.600000,0.600000,-0.600000,-0.600000,0.600000,-0.600000,-0.600000,-0.651523,-0.604795,0.600000,-0.600000,-0.600000,-0.611950,-0.600000,-0.600000,-0.600000,0.600000,-0.600000,-0.600000,-0.600000,-0.600000,-0.600000,0.600000,-0.000000,0.597599,0.600000,-0.600000,-0.600000,0.600000,-0.600000,0.600000,-0.600000,0.600000,0.600000,0.600000,-0.600000,-0.600000,-0.600000,0.600000,0.600000,-0.600000,0.600000,-0.600000,-0.600000,-0.600000,-0.600000,-0.600000,0.600000,-0.600000,-0.600000,-0.600000,-0.600000,0.600000,-0.600000,0.611950,0.600000,-0.600000,-0.600000,-0.600000
736,-0.600000,0.600000,-0.600000,1.000000,-0.600000,1.000000,-1.000000,-0.600000,0.600000,-0.600000,-0.600000,0.600000,-0.600000,0.600000,-0.600000,-0.600000,0.600000,-0.600000,-0.600000,-0.651523,-0.604795,0.600000,-0.600000,-0.600000,-0.611950,-0.600000,-0.600000,-0.600000,0.600000,-0.600000,-0.600000,-0.600000,-0.600000,-0.600000,0.600000,-0.000000,0.597599,0.600000,-0.600000,-0.600000,0.600000,-0.600000,0.600000,-0.600000,0.600000,0.600000,0.600000,-0.600000,-0.600000,-0.600000,0.600000,0.600000,-0.600000,0.600000,-0.600000,-0.600000,-0.600000,-0.600000,-0.600000,0.600000,-0.600000,-0.600000,-0.600000,-0.600000,0.600000,-0.600000,0.611950,0.600000,-0.600000,-0.600000,-0.600000
737,-0.600000,0.600000,-0.600000,1.000000,-0.600000,1.000000,-1.000000,-0.600000,0.600000,-0.600000,-0.600000,0.600000,-0.600000,0.600000,-0.600000,-0.600000,0.600000,-0.600000,-0.600000,-0.651523,-0.604795,0.600000,-0.600000,-0.600000,-0.611950,-0.600000,-0.600000,-0.600000,0.600000,-0.600000,-0.600000,-0.600000,-0.600000,-0.600000,0.600000,-0.000000,0.597599,0.600000,-0.600000,-0.600000,0.600000,-0.600000,0.600000,-0.600000,0.600000,0.600000,0.600000,-0.600000,-0.600000,-0.600000,0.600000,0.600000,-0.600000,0.600000,-0.600000,-0.600000,-0.600000,-0.600000,-0.600000,0.600000,-0.600000,-0.600000,-0.600000,-0.600000,0.600000,-0.600000,0.611950,0.600000,-0.600000,-0.600000,-0.600000
738,-0.600000,0.600000,-0.600000,1.000000,-0.600000,1.000000,-1.000000,-0.600000,0.600000,-0.600000,-0.600000,0.600000,-0.600000,0.600000,-0.600000,-0.600000,0.600000,-0.600000,-0.600000,-0.651523,-0.604795,0.600000,-0.600000,-0.600000,-0.611950,-0.600000,-0.600000,-0.600000,0.600000,-0.600000,-0.600000,-0.600000,-0.600000,-0.600000,0.600000,-0.000000,0.597599,0.600000,-0.600000,-0.600000,0.600000,-0.600000,0.600000,-0.600000,0.600000,0.600000,0.600000,-0.600000,-0.600000,-0.600000,0.600000,0.600000,-0.600000,0.600000,-0.600000,-0.600000,-0.600000,-0.600000,-0.600000,0.600000,-0.600000,-0.600000,-0.600000,-0.600000,0.600000,-0.600000,0.611950,0.600000,-0.600000,-0.600000,-0.600000
739,-0.600000,0.600000,-0.600000,1.000000,-0.600000,1.000000,-1.000000,-0.600000,0.600000,-0.600000,-0.600000,0.600000,-0.600000,0.600000,-0.600000,-0.600000,0.600000,-0.600000,-0.600000,-0.651523,-0.604795,0.600000,-0.600000,-0.600000,-0.611950,-0.600000,-0.600000,-0.600000,0.600000,-0.600000,-0.600000,-0.600000,-0.600000,-0.600000,0.600000,-0.000000,0.597599,0.600000,-0.600000,-0.600000,0.600000,-0.600000,0.600000,-0.600000,0.600000,0.600000,0.600000,-0.600000,-0.600000,-0.600000,0.600000,0.600000,-0.600000,0.600000,-0.600000,-0.600000,-0.600000,-0.600000,-0.600000,0.600000,-0.600000,-0.600000,-0.600000,-0.600000,0.600000,-0.600000,0.611950,0.600000,-0.600000,-0.600000,-0.600000
740,-0.600000,0.600000,-0.600000,1.000000,-0.600000,1.000000,-1.000000,-0.600000,0.600000,-0.600000,-0.600000,0.600000,-0.600000,0.600000,-0.600000,-0.600000,0.600000,-0.600000,-0.600000,-0.651523,-0.604795,0.600000,-0.600000,-0.600000,-0.611950,-0.600000,-0.600000,-0.600000,0.600000,-0.600000,-0.600000,-0.600000,-0.600000,-0.600000,0.600000,-0.000000,0.597599,0.600000,-0.600000,-0.600000,0.600000,-0.600000,0.600000,-0.600000,0.600000,0.600000,0.600000,-0.600000,-0.600000,-0.600000,0.600000,0.600000,-0.600000,0.600000,-0.600000,-0.600000,-0.600000,-0.600000,-0.600000,0.600000,-0.600000,-0.600000,-0.600000,-0.600000,0.600000,-0.600000,0.611950,0.600000,-0.600000,-0.600000,-0.600000
741,-0.600000,0.600000,-0.600000,1.000000,-0.600000,1.000000,-1.000000,-0.600000,0.600000,-0.600000,-0.600000,0.600000,-0.600000,0.600000,-0.600000,-0.600000,0.600000,-0.600000,-0.600000,-0.651523,-0.604795,0.600000,-0.600000,-0.600000,-0.611950,-0.600000,-0.600000,-0.600000,0.600000,-0.600000,-0.600000,-0.600000,-0.600000,-0.600000,0.600000,-0.000000,0.597599,0.600000,-0.600000,-0.600000,0.600000,-0.600000,0.600000,-0.600000,0.600000,0.600000,0.600000,-0.600000,-0.600000,-0.600000,0.600000,0.600000,-0.600000,0.600000,-0.600000,-0.600000,-0.600000,-0.600000,-0.600000,0.600000,-0.600000,-0.600000,-0.600000,-0.600000,0.600000,-0.600000,0.611950,0.600000,-0.600000,-0.600000,-0.600000
742,-0.600000,0.600000,-0.600000,1.000000,-0.600000,1.000000,-1.000000,-0.600000,0.600000,-0.600000,-0.600000,0.600000,-0.600000,0.600000,-0.600000,-0.600000,0.600000,-0.600000,-0.600000,-0.651523,-0.604795,0.600000,-0.600000,-0.600000,-0.611950,-0.600000,-0.600000,-0.600000,0.600000,-0.600000,-0.600000,-0.600000,-0.600000,-0.600000,0.600000,-0.000000,0.597599,0.600000,-0.600000,-0.600000,0.600000,-0.600000,0.600000,-0.600000,0.600000,0.600000,0.600000,-0.600000,-0.600000,-0.600000,0.600000,0.600000,-0.600000,0.600000,-0.600000,-0.600000,-0.600000,-0.600000,-0.600000,0.600000,-0.600000,-0.600000,-0.600000,-0.600000,0.600000,-0.600000,0.611950,0.600000,-0.600000,-0.600000,-0.600000
743,-0.600000,0.600000,-0.600000,1.000000,-0.600000,1.000000,-1.000000,-0.600000,0.600000,-0.600000,-0.600000,0.600000,-0.600000,0.600000,-0.600000,-0.600000,0.600000,-0.600000,-0.600000,-0.651523,-0.604795,0.600000,-0.600000,-0.600000,-0.611950,-0.600000,-0.600000,-0.600000,0.600000,-0.600000,-0.600000,-0.600000,-0.600000,-0.600000,0.600000,-0.000000,0.597599,0.600000,-0.600000,-0.600000,0.600000,-0.600000,0.600000,-0.600000,0.600000,0.600000,0.600000,-0.600000,-0.600000,-0.600000,0.600000,0.600000,-0.600000,0.600000,-0.600000,-0.600000,-0.600000,-0.600000,-0.600000,0.600000,-0.600000,-0.600000,-0.600000,-0.600000,0.600000,-0.600000,0.611950,0.600000,-0.600000,-0.600000,-0.600000
744,-0.600000,0.600000,-0.600000,1.000000,-0.600000,1.000000,-1.000000,-0.600000,0.600000,-0.600000,-0.600000,0.600000,-0.600000,0.600000,-0.600000,-0.600000,0.600000,-0.600000,-0.600000,-0.651523,-0.604795,0.600000,-0.600000,-0.600000,-0.611950,-0.600000,-0.600000,-0.600000,0.600000,-0.600000,-0.600000,-0.600000,-0.600000,-0.600000,0.600000,-0.000000,0.597599,0.600000,-0.600000,-0.600000,0.600000,-0.600000,0.600000,-0.600000,0.600000,0.600000,0.600000,-0.600000,-0.600000,-0.600000,0.600000,0.600000,-0.600000,0.600000,-0.600000,-0.600000,-0.600000,-0.600000,-0.600000,0.600000,-0.600000,-0.600000,-0.600000,-0.600000,0.600000,-0.600000,0.611950,0.600000,-0.600000,-0.600000,-0.600000
745,-0.600000,0.600000,-0.600000,1.000000,-0.600000,1.000000,-1.000000,-0.600000,0.600000,-0.600000,-0.600000,0.600000,-0.600000,0.600000,-0.600000,-0.600000,0.600000,-0.600000,-0.600000,-0.651523,-0.604795,0.600000,-0.600000,-0.600000,-0.611950,-0.600000,-0.600000,-0.600000,0.600000,-0.600000,-0.600000,-0.600000,-0.600000,-0.600000,0.600000,-0.000000,0.597599,0.600000,-0.600000,-0.600000,0.600000,-0.600000,0.600000,-0.600000,0.600000,0.600000,0.600000,-0.600000,-0.600000,-0.600000,0.600000,0.600000,-0.600000,0.600000,-0.600000,-0.600000,-0.600000,-0.600000,-0.600000,0.600000,-0.600000,-0.600000,-0.600000,-0.600000,0.600000,-0.600000,0.611950,0.600000,-0.600000,-0.600000,-0.600000
746,-0.600000,0.600000,-0.600000,1.000000,-0.600000,1.000000,-1.000000,-0.600000,0.600000,-0.600000,-0.600000,0.600000,-0.600000,0.600000,-0.600000,-0.600000,0.600000,-0.600000,-0.600000,-0.651523,-0.604795,0.600000,-0.600000,-0.600000,-0.611950,-0.600000,-0.600000,-0.600000,0.600000,-0.600000,-0.600000,-0.600000,-0.600000,-0.600000,0.600000,-0.000000,0.597599,0.600000,-0.600000,-0.600000,0.600000,-0.600000,0.600000,-0.600000,0.600000,0.600000,0.600000,-0.600000,-0.600000,-0.600000,0.600000,0.600000,-0.600000,0.600000,-0.600000,-0.600000,-0.600000,-0.600000,-0.600000,0.600000,-0.600000,-0.600000,-0.600000,-0.600000,0.600000,-0.600000,0.611950,0.600000,-0.600000,-0.600000,-0.600000
747,-0.600000,0.600000,-0.600000,1.000000,-0.600000,1.000000,-1.000000,-0.600000,0.600000,-0.600000,-0.600000,0.600000,-0.600000,0.600000,-0.600000,-0.600000,0.600000,-0.600000,-0.600000,-0.651523,-0.604795,0.600000,-0.600000,-0.600000,-0.611950,-0.600000,-0.600000,-0.600000,0.600000,-0.600000,-0.600000,-0.600000,-0.600000,-0.600000,0.600000,-0.000000,0.597599,0.600000,-0.600000,-0.600000,0.600000,-0.600000,0.600000,-0.600000,0.600000,0.600000,0.600000,-0.600000,-0.600000,-0.600000,0.600000,0.600000,-0.600000,0.600000,-0.600000,-0.600000,-0.600000,-0.600000,-0.600000,0.600000,-0.600000,-0.600000,-0.600000,-0.600000,0.600000,-0.600000,0.611950,0.600000,-0.600000,-0.600000,-0.600000
748,-0.600000,0.600000,-0.600000,1.000000,-0.600000,1.000000,-1.000000,-0.600000,0.600000,-0.600000,-0.600000,0.600000,-0.600000,0.600000,-0.600000,-0.600000,0.600000,-0.600000,-0.600000,-0.651523,-0.604795,0.600000,-0.600000,-0.600000,-0.611950,-0.600000,-0.600000,-0.600000,0.600000,-0.600000,-0.600000,-0.600000,-0.600000,-0.600000,0.600000,-0.000000,0.597599,0.600000,-0.600000,-0.600000,0.600000,-0.600000,0.600000,-0.600000,0.600000,0.600000,0.600000,-0.600000,-0.600000,-0.600000,0.600000,0.600000,-0.600000,0.600000,-0.600000,-0.600000,-0.600000,-0.600000,-0.600000,0.600000,-0.600000,-0.600000,-0.600000,-0.600000,0.600000,-0.600000,0.611950,0.600000,-0.600000,-0.600000,-0.600000
749,-0.600000,0.600000,-0.600000,1.000000,-0.600000,1.000000,-1.000000,-0.600000,0.600000,-0.600000,-0.600000,0.600000,-0.600000,0.600000,-0.600000,-0.600000,0.600000,-0.600000,-0.600000,-0.651523,-0.604795,0.600000,-0.600000,-0.600000,-0.611950,-0.600000,-0.600000,-0.600000,0.600000,-0.600000,-0.600000,-0.600000,-0.600000,-0.600000,0.600000,-0.000000,0.597599,0.600000,-0.600000,-0.600000,0.600000,-0.600000,0.600000,-0.600000,0.600000,0.600000,0.600000,-0.600000,-0.600000,-0.600000,0.600000,0.600000,-0.600000,0.600000,-0.600000,-0.600000,-0.600000,-0.600000,-0.600000,0.600000,-0.600000,-0.600000,-0.600000,-0.600000,0.600000,-0.600000,0.611950,0.600000,-0.600000,-0.600000,-0.600000
750,-0.600000,0.600000,-0.600000,1.000000,-0.600000,1.000000,-1.000000,-0.600000,0.600000,-0.600000,-0.600000,0.600000,-0.600000,0.600000,-0.600000,-0.600000,0.600000,-0.600000,-0.600000,-0.651523,-0.604795,0.600000,-0.600000,-0.600000,-0.611950,-0.600000,-0.600000,-0.600000,0.600000,-0.600000,-0.600000,-0.600000,-0.600000,-0.600000,0.600000,-0.000000,0.597599,0.600000,-0.600000,-0.600000,0.600000,-0.600000,0.600000,-0.600000,0.600000,0.600000,0.600000,-0.600000,-0.600000,-0.600000,0.600000,0.600000,-0.600000,0.600000,-0.600000,-0.600000,-0.600000,-0.600000,-0.600000,0.600000,-0.600000,-0.600000,-0.600000,-0.600000,0.600000,-0.600000,0.611950,0.600000,-0.600000,-0.600000,-0.600000
751,-0.600000,0.600000,-0.600000,1.000000,-0.600000,1.000000,-1.000000,-0.600000,0.600000,-0.600000,-0.600000,0.600000,-0.600000,0.600000,-0.600000,-0.600000,0.600000,-0.600000,-0.600000,-0.651523,-0.604795,0.600000,-0.600000,-0.600000,-0.611950,-0.600000,-0.600000,-0.600000,0.600000,-0.600000,-0.600000,-0.600000,-0.600000,-0.600000,0.600000,-0.000000,0.597599,0.600000,-0.600000,-0.600000,0.600000,-0.600000,0.600000,-0.600000,0.600000,0.600000,0.600000,-0.600000,-0.600000,-0.600000,0.600000,0.600000,-0.600000,0.600000,-0.600000,-0.600000,-0.600000,-0.600000,-0.600000,0.600000,-0.600000,-0.600000,-0.600000,-0.600000,0.600000,-0.600000,0.611950,0.600000,-0.600000,-0.600000,-0.600000
752,-0.600000,0.600000,-0.600000,1.000000,-0.600000,1.000000,-1.000000,-0.600000,0.600000,-0.600000,-0.600000,0.600000,-0.600000,0.600000,-0.600000,-0.600000,0.600000,-0.600000,-0.600000,-0.651523,-0.604795,0.600000,-0.600000,-0.600000,-0.611950,-0.600000,-0.600000,-0.600000,0.600000,-0.600000,-0.600000,-0.600000,-0.600000,-0.600000,0.600000,-0.000000,0.597599,0.600000,-0.600000,-0.600000,0.600000,-0.600000,0.600000,-0.600000,0.600000,0.600000,0.600000,-0.600000,-0.600000,-0.600000,0.600000,0.600000,-0.600000,0.600000,-0.600000,-0.600000,-0.600000,-0.600000,-0.600000,0.600000,-0.600000,-0.600000,-0.600000,-0.600000,0.600000,-0.600000,0.611950,0.600000,-0.600000,-0.600000,-0.600000
753,-0.600000,0.600000,-0.600000,1.000000,-0.600000,1.000000,-1.000000,-0.600000,0.600000,-0.600000,-0.600000,0.600000,-0.600000,0.600000,-0.600000,-0.600000,0.600000,-0.600000,-0.600000,-0.651523,-0.604795,0.600000,-0.600000,-0.600000,-0.611950,-0.600000,-0.600000,-0.600000,0.600000,-0.600000,-0.600000,-0.600000,-0.600000,-0.600000,0.600000,-0.000000,0.597599,0.600000,-0.600000,-0.600000,0.600000,-0.600000,0.600000,-0.600000,0.600000,0.600000,0.600000,-0.600000,-0.600000,-0.600000,0.600000,0.600000,-0.600000,0.600000,-0.600000,-0.600000,-0.600000,-0.600000,-0.600000,0.600000,-0.600000,-0.600000,-0.600000,-0.600000,0.600000,-0.600000,0.611950,0.600000,-0.600000,-0.600000,-0.600000
754,-0.600000,0.600000,-0.600000,1.000000,-0.600000,1.000000,-1.000000,-0.600000,0.600000,-0.600000,-0.600000,0.600000,-0.600000,0.600000,-0.600000,-0.600000,0.600000,-0.600000,-0.600000,-0.651523,-0.604795,0.600000,-0.600000,-0.600000,-0.611950,-0.600000,-0.600000,-0.600000,0.600000,-0.600000,-0.600000,-0.600000,-0.600000,-0.600000,0.600000,-0.000000,0.597599,0.600000,-0.600000,-0.600000,0.600000,-0.600000,0.600000,-0.600000,0.600000,0.600000,0.600000,-0.600000,-0.600000,-0.600000,0.600000,0.600000,-0.600000,0.600000,-0.600000,-0.600000,-0.600000,-0.600000,-0.600000,0.600000,-0.600000,-0.600000,-0.600000,-0.600000,0.600000,-0.600000,0.611950,0.600000,-0.600000,-0.600000,-0.600000
755,-0.600000,0.600000,-0.600000,1.000000,-0.600000,1.000000,-1.000000,-0.600000,0.600000,-0.600000,-0.600000,0.600000,-0.600000,0.600000,-0.600000,-0.600000,0.600000,-0.600000,-0.600000,-0.651523,-0.604795,0.600000,-0.600000,-0.600000,-0.611950,-0.600000,-0.600000,-0.600000,0.600000,-0.600000,-0.600000,-0.600000,-0.600000,-0.600000,0.600000,-0.000000,0.597599,0.600000,-0.600000,-0.600000,0.600000,-0.600000,0.600000,-0.600000,0.600000,0.600000,0.600000,-0.600000,-0.600000,-0.600000,0.600000,0.600000,-0.600000,0.600000,-0.600000,-0.600000,-0.600000,-0.600000,-0.600000,0.600000,-0.600000,-0.600000,-0.600000,-0.600000,0.600000,-0.600000,0.611950,0.600000,-0.600000,-0.600000,-0.600000
756,-0.600000,0.600000,-0.600000,1.000000,-0.600000,1.000000,-1.000000,-0.600000,0.600000,-0.600000,-0.600000,0.600000,-0.600000,0.600000,-0.600000,-0.600000,0.600000,-0.600000,-0.600000,-0.651523,-0.604795,0.600000,-0.600000,-0.600000,-0.611950,-0.600000,-0.600000,-0.600000,0.600000,-0.600000,-0.600000,-0.600000,-0.600000,-0.600000,0.600000,-0.000000,0.597599,0.600000,-0.600000,-0.600000,0.600000,-0.600000,0.600000,-0.600000,0.600000,0.600000,0.600000,-0.600000,-0.600000,-0.600000,0.600000,0.600000,-0.600000,0.600000,-0.600000,-0.600000,-0.600000,-0.600000,-0.600000,0.600000,-0.600000,-0.600000,-0.600000,-0.600000,0.600000,-0.600000,0.611950,0.600000,-0.600000,-0.600000,-0.600000
757,-0.600000,0.600000,-0.600000,1.000000,-0.600000,1.000000,-1.000000,-0.600000,0.600000,-0.600000,-0.600000,0.600000,-0.600000,0.600000,-0.600000,-0.600000,0.600000,-0.600000,-0.600000,-0.651523,-0.604795,0.600000,-0.600000,-0.600000,-0.611950,-0.600000,-0.600000,-0.600000,0.600000,-0.600000,-0.600000,-0.600000,-0.600000,-0.600000,0.600000,-0.000000,0.597599,0.600000,-0.600000,-0.600000,0.600000,-0.600000,0.600000,-0.600000,0.600000,0.600000,0.600000,-0.600000,-0.600000,-0.600000,0.600000,0.600000,-0.600000,0.600000,-0.600000,-0.600000,-0.600000,-0.600000,-0.600000,0.600000,-0.600000,-0.600000,-0.600000,-0.600000,0.600000,-0.600000,0.611950,0.600000,-0.600000,-0.600000,-0.600000
758,-0.600000,0.600000,-0.600000,1.000000,-0.600000,1.000000,-1.000000,-0.600000,0.600000,-0.600000,-0.600000,0.600000,-0.600000,0.600000,-0.600000,-0.600000,0.600000,-0.600000,-0.600000,-0.651523,-0.604795,0.600000,-0.600000,-0.600000,-0.611950,-0.600000,-0.600000,-0.600000,0.600000,-0.600000,-0.600000,-0.600000,-0.600000,-0.600000,0.600000,-0.000000,0.597599,0.600000,-0.600000,-0.600000,0.600000,-0.600000,0.600000,-0.600000,0.600000,0.600000,0.600000,-0.600000,-0.600000,-0.600000,0.600000,0.600000,-0.600000,0.600000,-0.600000,-0.600000,-0.600000,-0.600000,-0.600000,0.600000,-0.600000,-0.600000,-0.600000,-0.600000,0.600000,-0.600000,0.611950,0.600000,-0.600000,-0.600000,-0.600000
759,-0.600000,0.600000,-0.600000,1.000000,-0.600000,1.000000,-1.000000,-0.600000,0.600000,-0.600000,-0.600000,0.600000,-0.600000,0.600000,-0.600000,-0.600000,0.600000,-0.600000,-0.600000,-0.651523,-0.604795,0.600000,-0.600000,-0.600000,-0.611950,-0.600000,-0.600000,-0.600000,0.600000,-0.600000,-0.600000,-0.600000,-0.600000,-0.600000,0.600000,-0.000000,0.597599,0.600000,-0.600000,-0.600000,0.600000,-0.600000,0.600000,-0.600000,0.600000,0.600000,0.600000,-0.600000,-0.600000,-0.600000,0.600000,0.600000,-0.600000,0.600000,-0.600000,-0.600000,-0.600000,-0.600000,-0.600000,0.600000,-0.600000,-0.600000,-0.600000,-0.600000,0.600000,-0.600000,0.611950,0.600000,-0.600000,-0.600000,-0.600000
760,-0.600000,0.600000,-0.600000,1.000000,-0.600000,1.000000,-1.000000,-0.600000,0.600000,-0.600000,-0.600000,0.600000,-0.600000,0.600000,-0.600000,-0.600000,0.600000,-0.600000,-0.600000,-0.651523,-0.604795,0.600000,-0.600000,-0.600000,-0.611950,-0.600000,-0.600000,-0.600000,0.600000,-0.600000,-0.600000,-0.600000,-0.600000,-0.600000,0.600000,-0.000000,0.597599,0.600000,-0.600000,-0.600000,0.600000,-0.600000,0.600000,-0.600000,0.600000,0.600000,0.600000,-0.600000,-0.600000,-0.600000,0.600000,0.600000,-0.600000,0.600000,-0.600000,-0.600000,-0.600000,-0.600000,-0.600000,0.600000,-0.600000,-0.600000,-0.600000,-0.600000,0.600000,-0.600000,0.611950,0.600000,-0.600000,-0.600000,-0.600000
761,-0.600000,0.600000,-0.600000,1.000000,-0.600000,1.000000,-1.000000,-0.600000,0.600000,-0.600000,-0.600000,0.600000,-0.600000,0.600000,-0.600000,-0.600000,0.600000,-0.600000,-0.600000,-0.651523,-0.604795,0.600000,-0.600000,-0.600000,-0.611950,-0.600000,-0.600000,-0.600000,0.600000,-0.600000,-0.600000,-0.600000,-0.600000,-0.600000,0.600000,-0.000000,0.597599,0.600000,-0.600000,-0.600000,0.600000,-0.600000,0.600000,-0.600000,0.600000,0.600000,0.600000,-0.600000,-0.600000,-0.600000,0.600000,0.600000,-0.600000,0.600000,-0.600000,-0.600000,-0.600000,-0.600000,-0.600000,0.600000,-0.600000,-0.600000,-0.600000,-0.600000,0.600000,-0.600000,0.611950,0.600000,-0.600000,-0.600000,-0.600000
762,-0.600000,0.600000,-0.600000,1.000000,-0.600000,1.000000,-1.000000,-0.600000,0.600000,-0.600000,-0.600000,0.600000,-0.600000,0.600000,-0.600000,-0.600000,0.600000,-0.600000,-0.600000,-0.651523,-0.604795,0.600000,-0.600000,-0.600000,-0.611950,-0.600000,-0.600000,-0.600000,0.600000,-0.600000,-0.600000,-0.600000,-0.600000,-0.600000,0.600000,-0.000000,0.597599,0.600000,-0.600000,-0.600000,0.600000,-0.600000,0.600000,-0.600000,0.600000,0.600000,0.600000,-0.600000,-0.600000,-0.600000,0.600000,0.600000,-0.600000,0.600000,-0.600000,-0.600000,-0.600000,-0.600000,-0.600000,0.600000,-0.600000,-0.600000,-0.600000,-0.600000,0.600000,-0.600000,0.611950,0.600000,-0.600000,-0.600000,-0.600000
763,-0.600000,0.600000,-0.600000,1.000000,-0.600000,1.000000,-1.000000,-0.600000,0.600000,-0.600000,-0.600000,0.600000,-0.600000,0.600000,-0.600000,-0.600000,0.600000,-0.600000,-0.600000,-0.651523,-0.604795,0.600000,-0.600000,-0.600000,-0.611950,-0.600000,-0.600000,-0.600000,0.600000,-0.600000,-0.600000,-0.600000,-0.600000,-0.600000,0.600000,-0.000000,0.597599,0.600000,-0.600000,-0.600000,0.600000,-0.600000,0.600000,-0.600000,0.600000,0.600000,0.600000,-0.600000,-0.600000,-0.600000,0.600000,0.600000,-0.600000,0.600000,-0.600000,-0.600000,-0.600000,-0.600000,-0.600000,0.600000,-0.600000,-0.600000,-0.600000,-0.600000,0.600000,-0.600000,0.611950,0.600000,-0.600000,-0.600000,-0.600000
764,-0.600000,0.600000,-0.600000,1.000000,-0.600000,1.000000,-1.000000,-0.600000,0.600000,-0.600000,-0.600000,0.600000,-0.600000,0.600000,-0.600000,-0.600000,0.600000,-0.600000,-0.600000,-0.651523,-0.604795,0.600000,-0.600000,-0.600000,-0.611950,-0.600000,-0.600000,-0.600000,0.600000,-0.600000,-0.600000,-0.600000,-0.600000,-0.600000,0.600000,-0.000000,0.597599,0.600000,-0.600000,-0.600000,0.600000,-0.600000,0.600000,-0.600000,0.600000,0.600000,0.600000,-0.600000,-0.600000,-0.600000,0.600000,0.600000,-0.600000,0.600000,-0.600000,-0.600000,-0.600000,-0.600000,-0.600000,0.600000,-0.600000,-0.600000,-0.600000,-0.600000,0.600000,-0.600000,0.611950,0.600000,-0.600000,-0.600000,-0.600000
765,-0.600000,0.600000,-0.600000,1.000000,-0.600000,1.000000,-1.000000,-0.600000,0.600000,-0.600000,-0.600000,0.600000,-0.600000,0.600000,-0.600000,-0.600000,0.600000,-0.600000,-0.600000,-0.651523,-0.604795,0.600000,-0.600000,-0.600000,-0.611950,-0.600000,-0.600000,-0.600000,0.600000,-0.600000,-0.600000,-0.600000,-0.600000,-0.600000,0.600000,-0.000000,0.597599,0.600000,-0.600000,-0.600000,0.600000,-0.600000,0.600000,-0.600000,0.600000,0.600000,0.600000,-0.600000,-0.600000,-0.600000,0.600000,0.600000,-0.600000,0.600000,-0.600000,-0.600000,-0.600000,-0.600000,-0.600000,0.600000,-0.600000,-0.600000,-0.600000,-0.600000,0.600000,-0.600000,0.611950,0.600000,-0.600000,-0.600000,-0.600000
766,-0.600000,0.600000,-0.600000,1.000000,-0.600000,1.000000,-1.000000,-0.600000,0.600000,-0.600000,-0.600000,0.600000,-0.600000,0.600000,-0.600000,-0.600000,0.600000,-0.600000,-0.600000,-0.651523,-0.604795,0.600000,-0.600000,-0.600000,-0.611950,-0.600000,-0.600000,-0.600000,0.600000,-0.600000,-0.600000,-0.600000,-0.600000,-0.600000,0.600000,-0.000000,0.597599,0.600000,-0.600000,-0.600000,0.600000,-0.600000,0.600000,-0.600000,0.600000,0.600000,0.600000,-0.600000,-0.600000,-0.600000,0.600000,0.600000,-0.600000,0.600000,-0.600000,-0.600000,-0.600000,-0.600000,-0.600000,0.600000,-0.600000,-0.600000,-0.600000,-0.600000,0.600000,-0.600000,0.611950,0.600000,-0.600000,-0.600000,-0.600000
767,-0.600000,0.600000,-0.600000,1.000000,-0.600000,1.000000,-1.000000,-0.600000,0.600000,-0.600000,-0.600000,0.600000,-0.600000,0.600000,-0.600000,-0.600000,0.600000,-0.600000,-0.600000,-0.651523,-0.604795,0.600000,-0.600000,-0.600000,-0.611950,-0.600000,-0.600000,-0.600000,0.600000,-0.600000,-0.600000,-0.600000,-0.600000,-0.600000,0.600000,-0.000000,0.597599,0.600000,-0.600000,-0.600000,0.600000,-0.600000,0.600000,-0.600000,0.600000,0.600000,0.600000,-0.600000,-0.600000,-0.600000,0.600000,0.600000,-0.600000,0.600000,-0.600000,-0.600000,-0.600000,-0.600000,-0.600000,0.600000,-0.600000,-0.600000,-0.600000,-0.600000,0.600000,-0.600000,0.611950,0.600000,-0.600000,-0.600000,-0.600000
768,-0.600000,0.600000,-0.600000,1.000000,-0.600000,1.000000,-1.000000,-0.600000,0.600000,-0.600000,-0.600000,0.600000,-0.600000,0.600000,-0.600000,-0.600000,0.600000,-0.600000,-0.600000,-0.651523,-0.604795,0.600000,-0.600000,-0.600000,-0.611950,-0.600000,-0.600000,-0.600000,0.600000,-0.600000,-0.600000,-0.600000,-0.600000,-0.600000,0.600000,-0.000000,0.597599,0.600000,-0.600000,-0.600000,0.600000,-0.600000,0.600000,-0.600000,0.600000,0.600000,0.600000,-0.600000,-0.600000,-0.600000,0.600000,0.600000,-0.600000,0.600000,-0.600000,-0.600000,-0.600000,-0.600000,-0.600000,0.600000,-0.600000,-0.600000,-0.600000,-0.600000,0.600000,-0.600000,0.611950,0.600000,-0.600000,-0.600000,-0.600000
769,-0.600000,0.600000,-0.600000,1.000000,-0.600000,1.000000,-1.000000,-0.600000,0.600000,-0.600000,-0.600000,0.600000,-0.600000,0.600000,-0.600000,-0.600000,0.600000,-0.600000,-0.600000,-0.651523,-0.604795,0.600000,-0.600000,-0.600000,-0.611950,-0.600000,-0.600000,-0.600000,0.600000,-0.600000,-0.600000,-0.600000,-0.600000,-0.600000,0.600000,-0.000000,0.597599,0.600000,-0.600000,-0.600000,0.600000,-0.600000,0.600000,-0.600000,0.600000,0.600000,0.600000,-0.600000,-0.600000,-0.600000,0.600000,0.600000,-0.600000,0.600000,-0.600000,-0.600000,-0.600000,-0.600000,-0.600000,0.600000,-0.600000,-0.600000,-0.600000,-0.600000,0.600000,-0.600000,0.611950,0.600000,-0.600000,-0.600000,-0.600000
770,-0.600000,0.600000,-0.600000,1.000000,-0.600000,1.000000,-1.000000,-0.600000,0.600000,-0.600000,-0.600000,0.600000,-0.600000,0.600000,-0.600000,-0.600000,0.600000,-0.600000,-0.600000,-0.651523,-0.604795,0.600000,-0.600000,-0.600000,-0.611950,-0.600000,-0.600000,-0.600000,0.600000,-0.600000,-0.600000,-0.600000,-0.600000,-0.600000,0.600000,-0.000000,0.597599,0.600000,-0.600000,-0.600000,0.600000,-0.600000,0.600000,-0.600000,0.600000,0.600000,0.600000,-0.600000,-0.600000,-0.600000,0.600000,0.600000,-0.600000,0.600000,-0.600000,-0.600000,-0.600000,-0.600000,-0.600000,0.600000,-0.600000,-0.600000,-0.600000,-0.600000,0.600000,-0.600000,0.611950,0.600000,-0.600000,-0.600000,-0.600000
771,-0.600000,0.600000,-0.600000,1.000000,-0.600000,1.000000,-1.000000,-0.600000,0.600000,-0.600000,-0.600000,0.600000,-0.600000,0.600000,-0.600000,-0.600000,0.600000,-0.600000,-0.600000,-0.651523,-0.604795,0.600000,-0.600000,-0.600000,-0.611950,-0.600000,-0.600000,-0.600000,0.600000,-0.600000,-0.600000,-0.600000,-0.600000,-0.600000,0.600000,-0.000000,0.597599,0.600000,-0.600000,-0.600000,0.600000,-0.600000,0.600000,-0.600000,0.600000,0.600000,0.600000,-0.600000,-0.600000,-0.600000,0.600000,0.600000,-0.600000,0.600000,-0.600000,-0.600000,-0.600000,-0.600000,-0.600000,0.600000,-0.600000,-0.600000,-0.600000,-0.600000,0.600000,-0.600000,0.611950,0.600000,-0.600000,-0.600000,-0.600000
772,-0.600000,0.600000,-0.600000,1.000000,-0.600000,1.000000,-1.000000,-0.600000,0.600000,-0.600000,-0.600000,0.600000,-0.600000,0.600000,-0.600000,-0.600000,0.600000,-0.600000,-0.600000,-0.651523,-0.604795,0.600000,-0.600000,-0.600000,-0.611950,-0.600000,-0.600000,-0.600000,0.600000,-0.600000,-0.600000,-0.600000,-0.600000,-0.600000,0.600000,-0.000000,0.597599,0.600000,-0.600000,-0.600000,0.600000,-0.600000,0.600000,-0.600000,0.600000,0.600000,0.600000,-0.600000,-0.600000,-0.600000,0.600000,0.600000,-0.600000,0.600000,-0.600000,-0.600000,-0.600000,-0.600000,-0.600000,0.600000,-0.600000,-0.600000,-0.600000,-0.600000,0.600000,-0.600000,0.611950,0.600000,-0.600000,-0.600000,-0.600000
773,-0.600000,0.600000,-0.600000,1.000000,-0.600000,1.000000,-1.000000,-0.600000,0.600000,-0.600000,-0.600000,0.600000,-0.600000,0.600000,-0.600000,-0.600000,0.600000,-0.600000,-0.600000,-0.651523,-0.604795,0.600000,-0.600000,-0.600000,-0.611950,-0.600000,-0.600000,-0.600000,0.600000,-0.600000,-0.600000,-0.600000,-0.600000,-0.600000,0.600000,-0.000000,0.597599,0.600000,-0.600000,-0.600000,0.600000,-0.600000,0.600000,-0.600000,0.600000,0.600000,0.600000,-0.600000,-0.600000,-0.600000,0.600000,0.600000,-0.600000,0.600000,-0.600000,-0.600000,-0.600000,-0.600000,-0.600000,0.600000,-0.600000,-0.600000,-0.600000,-0.600000,0.600000,-0.600000,0.611950,0.600000,-0.600000,-0.600000,-0.600000
774,-0.600000,0.600000,-0.600000,1.000000,-0.600000,1.000000,-1.000000,-0.600000,0.600000,-0.600000,-0.600000,0.600000,-0.600000,0.600000,-0.600000,-0.600000,0.600000,-0.600000,-0.600000,-0.651523,-0.604795,0.600000,-0.600000,-0.600000,-0.611950,-0.600000,-0.600000,-0.600000,0.600000,-0.600000,-0.600000,-0.600000,-0.600000,-0.600000,0.600000,-0.000000,0.597599,0.600000,-0.600000,-0.600000,0.600000,-0.600000,0.600000,-0.600000,0.600000,0.600000,0.600000,-0.600000,-0.600000,-0.600000,0.600000,0.600000,-0.600000,0.600000,-0.600000,-0.600000,-0.600000,-0.600000,-0.600000,0.600000,-0.600000,-0.600000,-0.600000,-0.600000,0.600000,-0.600000,0.611950,0.600000,-0.600000,-0.600000,-0.600000
775,-0.600000,0.600000,-0.600000,1.000000,-0.600000,1.000000,-1.000000,-0.600000,0.600000,-0.600000,-0.600000,0.600000,-0.600000,0.600000,-0.600000,-0.600000,0.600000,-0.600000,-0.600000,-0.651523,-0.604795,0.600000,-0.600000,-0.600000,-0.611950,-0.600000,-0.600000,-0.600000,0.600000,-0.600000,-0.600000,-0.600000,-0.600000,-0.600000,0.600000,-0.000000,0.597599,0.600000,-0.600000,-0.600000,0.600000,-0.600000,0.600000,-0.600000,0.600000,0.600000,0.600000,-0.600000,-0.600000,-0.600000,0.600000,0.600000,-0.600000,0.600000,-0.600000,-0.600000,-0.600000,-0.600000,-0.600000,0.600000,-0.600000,-0.600000,-0.600000,-0.600000,0.600000,-0.600000,0.611950,0.600000,-0.600000,-0.600000,-0.600000
776,-0.600000,0.600000,-0.600000,1.000000,-0.600000,1.000000,-1.000000,-0.600000,0.600000,-0.600000,-0.600000,0.600000,-0.600000,0.600000,-0.600000,-0.600000,0.600000,-0.600000,-0.600000,-0.651523,-0.604795,0.600000,-0.600000,-0.600000,-0.611950,-0.600000,-0.600000,-0.600000,0.600000,-0.600000,-0.600000,-0.600000,-0.600000,-0.600000,0.600000,-0.000000,0.597599,0.600000,-0.600000,-0.600000,0.600000,-0.600000,0.600000,-0.600000,0.600000,0.600000,0.600000,-0.600000,-0.600000,-0.600000,0.600000,0.600000,-0.600000,0.600000,-0.600000,-0.600000,-0.600000,-0.600000,-0.600000,0.600000,-0.600000,-0.600000,-0.600000,-0.600000,0.600000,-0.600000,0.611950,0.600000,-0.600000,-0.600000,-0.600000
777,-0.600000,0.600000,-0.600000,1.000000,-0.600000,1.000000,-1.000000,-0.600000,0.600000,-0.600000,-0.600000,0.600000,-0.600000,0.600000,-0.600000,-0.600000,0.600000,-0.600000,-0.600000,-0.651523,-0.604795,0.600000,-0.600000,-0.600000,-0.611950,-0.600000,-0.600000,-0.600000,0.600000,-0.600000,-0.600000,-0.600000,-0.600000,-0.600000,0.600000,-0.000000,0.597599,0.600000,-0.600000,-0.600000,0.600000,-0.600000,0.600000,-0.600000,0.600000,0.600000,0.600000,-0.600000,-0.600000,-0.600000,0.600000,0.600000,-0.600000,0.600000,-0.600000,-0.600000,-0.600000,-0.600000,-0.600000,0.600000,-0.600000,-0.600000,-0.600000,-0.600000,0.600000,-0.600000,0.611950,0.600000,-0.600000,-0.600000,-0.600000
778,-0.600000,0.600000,-0.600000,1.000000,-0.600000,1.000000,-1.000000,-0.600000,0.600000,-0.600000,-0.600000,0.600000,-0.600000,0.600000,-0.600000,-0.600000,0.600000,-0.600000,-0.600000,-0.651523,-0.604795,0.600000,-0.600000,-0.600000,-0.611950,-0.600000,-0.600000,-0.600000,0.600000,-0.600000,-0.600000,-0.600000,-0.600000,-0.600000,0.600000,-0.000000,0.597599,0.600000,-0.600000,-0.600000,0.600000,-0.600000,0.600000,-0.600000,0.600000,0.600000,0.600000,-0.600000,-0.600000,-0.600000,0.600000,0.600000,-0.600000,0.600000,-0.600000,-0.600000,-0.600000,-0.600000,-0.600000,0.600000,-0.600000,-0.600000,-0.600000,-0.600000,0.600000,-0.600000,0.611950,0.600000,-0.600000,-0.600000,-0.600000
779,-0.600000,0.600000,-0.600000,1.000000,-0.600000,1.000000,-1.000000,-0.600000,0.600000,-0.600000,-0.600000,0.600000,-0.600000,0.600000,-0.600000,-0.600000,0.600000,-0.600000,-0.600000,-0.651523,-0.604795,0.600000,-0.600000,-0.600000,-0.611950,-0.600000,-0.600000,-0.600000,0.600000,-0.600000,-0.600000,-0.600000,-0.600000,-0.600000,0.600000,-0.000000,0.597599,0.600000,-0.600000,-0.600000,0.600000,-0.600000,0.600000,-0.600000,0.600000,0.600000,0.600000,-0.600000,-0.600000,-0.600000,0.600000,0.600000,-0.600000,0.600000,-0.600000,-0.600000,-0.600000,-0.600000,-0.600000,0.600000,-0.600000,-0.600000,-0.600000,-0.600000,0.600000,-0.600000,0.611950,0.600000,-0.600000,-0.600000,-0.600000
780,-0.600000,0.600000,-0.600000,1.000000,-0.600000,1.000000,-1.000000,-0.600000,0.600000,-0.600000,-0.600000,0.600000,-0.600000,0.600000,-0.600000,-0.600000,0.600000,-0.600000,-0.600000,-0.651523,-0.604795,0.600000,-0.600000,-0.600000,-0.611950,-0.600000,-0.600000,-0.600000,0.600000,-0.600000,-0.600000,-0.600000,-0.600000,-0.600000,0.600000,-0.000000,0.597599,0.600000,-0.600000,-0.600000,0.600000,-0.600000,0.600000,-0.600000,0.600000,0.600000,0.600000,-0.600000,-0.600000,-0.600000,0.600000,0.600000,-0.600000,0.600000,-0.600000,-0.600000,-0.600000,-0.600000,-0.600000,0.600000,-0.600000,-0.600000,-0.600000,-0.600000,0.600000,-0.600000,0.611950,0.600000,-0.600000,-0.600000,-0.600000
781,-0.600000,0.600000,-0.600000,1.000000,-0.600000,1.000000,-1.000000,-0.600000,0.600000,-0.600000,-0.600000,0.600000,-0.600000,0.600000,-0.600000,-0.600000,0.600000,-0.600000,-0.600000,-0.651523,-0.604795,0.600000,-0.600000,-0.600000,-0.611950,-0.600000,-0.600000,-0.600000,0.600000,-0.600000,-0.600000,-0.600000,-0.600000,-0.600000,0.600000,-0.000000,0.597599,0.600000,-0.600000,-0.600000,0.600000,-0.600000,0.600000,-0.600000,0.600000,0.600000,0.600000,-0.600000,-0.600000,-0.600000,0.600000,0.600000,-0.600000,0.600000,-0.600000,-0.600000,-0.600000,-0.600000,-0.600000,0.600000,-0.600000,-0.600000,-0.600000,-0.600000,0.600000,-0.600000,0.611950,0.600000,-0.600000,-0.600000,-0.600000
782,-0.600000,0.600000,-0.600000,1.000000,-0.600000,1.000000,-1.000000,-0.600000,0.600000,-0.600000,-0.600000,0.600000,-0.600000,0.600000,-0.600000,-0.600000,0.600000,-0.600000,-0.600000,-0.651523,-0.604795,0.600000,-0.600000,-0.600000,-0.611950,-0.600000,-0.600000,-0.600000,0.600000,-0.600000,-0.600000,-0.600000,-0.600000,-0.600000,0.600000,-0.000000,0.597599,0.600000,-0.600000,-0.600000,0.600000,-0.600000,0.600000,-0.600000,0.600000,0.600000,0.600000,-0.600000,-0.600000,-0.600000,0.600000,0.600000,-0.600000,0.600000,-0.600000,-0.600000,-0.600000,-0.600000,-0.600000,0.600000,-0.600000,-0.600000,-0.600000,-0.600000,0.600000,-0.600000,0.611950,0.600000,-0.600000,-0.600000,-0.600000
783,-0.600000,0.600000,-0.600000,1.000000,-0.600000,1.000000,-1.000000,-0.600000,0.600000,-0.600000,-0.600000,0.600000,-0.600000,0.600000,-0.600000,-0.600000,0.600000,-0.600000,-0.600000,-0.651523,-0.604795,0.600000,-0.600000,-0.600000,-0.611950,-0.600000,-0.600000,-0.600000,0.600000,-0.600000,-0.600000,-0.600000,-0.600000,-0.600000,0.600000,-0.000000,0.597599,0.600000,-0.600000,-0.600000,0.600000,-0.600000,0.600000,-0.600000,0.600000,0.600000,0.600000,-0.600000,-0.600000,-0.600000,0.600000,0.600000,-0.600000,0.600000,-0.600000,-0.600000,-0.600000,-0.600000,-0.600000,0.600000,-0.600000,-0.600000,-0.600000,-0.600000,0.600000,-0.600000,0.611950,0.600000,-0.600000,-0.600000,-0.600000
784,-0.600000,0.600000,-0.600000,1.000000,-0.600000,1.000000,-1.000000,-0.600000,0.600000,-0.600000,-0.600000,0.600000,-0.600000,0.600000,-0.600000,-0.600000,0.600000,-0.600000,-0.600000,-0.651523,-0.604795,0.600000,-0.600000,-0.600000,-0.611950,-0.600000,-0.600000,-0.600000,0.600000,-0.600000,-0.600000,-0.600000,-0.600000,-0.600000,0.600000,-0.000000,0.597599,0.600000,-0.600000,-0.600000,0.600000,-0.600000,0.600000,-0.600000,0.600000,0.600000,0.600000,-0.600000,-0.600000,-0.600000,0.600000,0.600000,-0.600000,0.600000,-0.600000,-0.600000,-0.600000,-0.600000,-0.600000,0.600000,-0.600000,-0.600000,-0.600000,-0.600000,0.600000,-0.600000,0.611950,0.600000,-0.600000,-0.600000,-0.600000
785,-0.600000,0.600000,-0.600000,1.000000,-0.600000,1.000000,-1.000000,-0.600000,0.600000,-0.600000,-0.600000,0.600000,-0.600000,0.600000,-0.600000,-0.600000,0.600000,-0.600000,-0.600000,-0.651523,-0.604795,0.600000,-0.600000,-0.600000,-0.611950,-0.600000,-0.600000,-0.600000,0.600000,-0.600000,-0.600000,-0.600000,-0.600000,-0.600000,0.600000,-0.000000,0.597599,0.600000,-0.600000,-0.600000,0.600000,-0.600000,0.600000,-0.600000,0.600000,0.600000,0.600000,-0.600000,-0.600000,-0.600000,0.600000,0.600000,-0.600000,0.600000,-0.600000,-0.600000,-0.600000,-0.600000,-0.600000,0.600000,-0.600000,-0.600000,-0.600000,-0.600000,0.600000,-0.600000,0.611950,0.600000,-0.600000,-0.600000,-0.600000
786,-0.600000,0.600000,-0.600000,1.000000,-0.600000,1.000000,-1.000000,-0.600000,0.600000,-0.600000,-0.600000,0.600000,-0.600000,0.600000,-0.600000,-0.600000,0.600000,-0.600000,-0.600000,-0.651523,-0.604795,0.600000,-0.600000,-0.600000,-0.611950,-0.600000,-0.600000,-0.600000,0.600000,-0.600000,-0.600000,-0.600000,-0.600000,-0.600000,0.600000,-0.000000,0.597599,0.600000,-0.600000,-0.600000,0.600000,-0.600000,0.600000,-0.600000,0.600000,0.600000,0.600000,-0.600000,-0.600000,-0.600000,0.600000,0.600000,-0.600000,0.600000,-0.600000,-0.600000,-0.600000,-0.600000,-0.600000,0.600000,-0.600000,-0.600000,-0.600000,-0.600000,0.600000,-0.600000,0.611950,0.600000,-0.600000,-0.600000,-0.600000
787,-0.600000,0.600000,-0.600000,1.000000,-0.600000,1.000000,-1.000000,-0.600000,0.600000,-0.600000,-0.600000,0.600000,-0.600000,0.600000,-0.600000,-0.600000,0.600000,-0.600000,-0.600000,-0.651523,-0.604795,0.600000,-0.600000,-0.600000,-0.611950,-0.600000,-0.600000,-0.600000,0.600000,-0.600000,-0.600000,-0.600000,-0.600000,-0.600000,0.600000,-0.000000,0.597599,0.600000,-0.600000,-0.600000,0.600000,-0.600000,0.600000,-0.600000,0.600000,0.600000,0.600000,-0.600000,-0.600000,-0.600000,0.600000,0.600000,-0.600000,0.600000,-0.600000,-0.600000,-0.600000,-0.600000,-0.600000,0.600000,-0.600000,-0.600000,-0.600000,-0.600000,0.600000,-0.600000,0.611950,0.600000,-0.600000,-0.600000,-0.600000
788,-0.600000,0.600000,-0.600000,1.000000,-0.600000,1.000000,-1.000000,-0.600000,0.600000,-0.600000,-0.600000,0.600000,-0.600000,0.600000,-0.600000,-0.600000,0.600000,-0.600000,-0.600000,-0.651523,-0.604795,0.600000,-0.600000,-0.600000,-0.611950,-0.600000,-0.600000,-0.600000,0.600000,-0.600000,-0.600000,-0.600000,-0.600000,-0.600000,0.600000,-0.000000,0.597599,0.600000,-0.600000,-0.600000,0.600000,-0.600000,0.600000,-0.600000,0.600000,0.600000,0.600000,-0.600000,-0.600000,-0.600000,0.600000,0.600000,-0.600000,0.600000,-0.600000,-0.600000,-0.600000,-0.600000,-0.600000,0.600000,-0.600000,-0.600000,-0.600000,-0.600000,0.600000,-0.600000,0.611950,0.600000,-0.600000,-0.600000,-0.600000
789,-0.600000,0.600000,-0.600000,1.000000,-0.600000,1.000000,-1.000000,-0.600000,0.600000,-0.600000,-0.600000,0.600000,-0.600000,0.600000,-0.600000,-0.600000,0.600000,-0.600000,-0.600000,-0.651523,-0.604795,0.600000,-0.600000,-0.600000,-0.611950,-0.600000,-0.600000,-0.600000,0.600000,-0.600000,-0.600000,-0.600000,-0.600000,-0.600000,0.600000,-0.000000,0.597599,0.600000,-0.600000,-0.600000,0.600000,-0.600000,0.600000,-0.600000,0.600000,0.600000,0.600000,-0.600000,-0.600000,-0.600000,0.600000,0.600000,-0.600000,0.600000,-0.600000,-0.600000,-0.600000,-0.600000,-0.600000,0.600000,-0.600000,-0.600000,-0.600000,-0.600000,0.600000,-0.600000,0.611950,0.600000,-0.600000,-0.600000,-0.600000
790,-0.600000,0.600000,-0.600000,1.000000,-0.600000,1.000000,-1.000000,-0.600000,0.600000,-0.600000,-0.600000,0.600000,-0.600000,0.600000,-0.600000,-0.600000,0.600000,-0.600000,-0.600000,-0.651523,-0.604795,0.600000,-0.600000,-0.600000,-0.611950,-0.600000,-0.600000,-0.600000,0.600000,-0.600000,-0.600000,-0.600000,-0.600000,-0.600000,0.600000,-0.000000,0.597599,0.600000,-0.600000,-0.600000,0.600000,-0.600000,0.600000,-0.600000,0.600000,0.600000,0.600000,-0.600000,-0.600000,-0.600000,0.600000,0.600000,-0.600000,0.600000,-0.600000,-0.600000,-0.600000,-0.600000,-0.600000,0.600000,-0.600000,-0.600000,-0.600000,-0.600000,0.600000,-0.600000,0.611950,0.600000,-0.600000,-0.600000,-0.600000
791,-0.600000,0.600000,-0.600000,1.000000,-0.600000,1.000000,-1.000000,-0.600000,0.600000,-0.600000,-0.600000,0.600000,-0.600000,0.600000,-0.600000,-0.600000,0.600000,-0.600000,-0.600000,-0.651523,-0.604795,0.600000,-0.600000,-0.600000,-0.611950,-0.600000,-0.600000,-0.600000,0.600000,-0.600000,-0.600000,-0.600000,-0.600000,-0.600000,0.600000,-0.000000,0.597599,0.600000,-0.600000,-0.600000,0.600000,-0.600000,0.600000,-0.600000,0.600000,0.600000,0.600000,-0.600000,-0.600000,-0.600000,0.600000,0.600000,-0.600000,0.600000,-0.600000,-0.600000,-0.600000,-0.600000,-0.600000,0.600000,-0.600000,-0.600000,-0.600000,-0.600000,0.600000,-0.600000,0.611950,0.600000,-0.600000,-0.600000,-0.600000
792,-0.600000,0.600000,-0.600000,1.000000,-0.600000,1.000000,-1.000000,-0.600000,0.600000,-0.600000,-0.600000,0.600000,-0.600000,0.600000,-0.600000,-0.600000,0.600000,-0.600000,-0.600000,-0.651523,-0.604795,0.600000,-0.600000,-0.600000,-0.611950,-0.600000,-0.600000,-0.600000,0.600000,-0.600000,-0.600000,-0.600000,-0.600000,-0.600000,0.600000,-0.000000,0.597599,0.600000,-0.600000,-0.600000,0.600000,-0.600000,0.600000,-0.600000,0.600000,0.600000,0.600000,-0.600000,-0.600000,-0.600000,0.600000,0.600000,-0.600000,0.600000,-0.600000,-0.600000,-0.600000,-0.600000,-0.600000,0.600000,-0.600000,-0.600000,-0.600000,-0.600000,0.600000,-0.600000,0.611950,0.600000,-0.600000,-0.600000,-0.600000
793,-0.600000,0.600000,-0.600000,1.000000,-0.600000,1.000000,-1.000000,-0.600000,0.600000,-0.600000,-0.600000,0.600000,-0.600000,0.600000,-0.600000,-0.600000,0.600000,-0.600000,-0.600000,-0.651523,-0.604795,0.600000,-0.600000,-0.600000,-0.611950,-0.600000,-0.600000,-0.600000,0.600000,-0.600000,-0.600000,-0.600000,-0.600000,-0.600000,0.600000,-0.000000,0.597599,0.600000,-0.600000,-0.600000,0.600000,-0.600000,0.600000,-0.600000,0.600000,0.600000,0.600000,-0.600000,-0.600000,-0.600000,0.600000,0.600000,-0.600000,0.600000,-0.600000,-0.600000,-0.600000,-0.600000,-0.600000,0.600000,-0.600000,-0.600000,-0.600000,-0.600000,0.600000,-0.600000,0.611950,0.600000,-0.600000,-0.600000,-0.600000
794,-0.600000,0.600000,-0.600000,1.000000,-0.600000,1.000000,-1.000000,-0.600000,0.600000,-0.600000,-0.600000,0.600000,-0.600000,0.600000,-0.600000,-0.600000,0.600000,-0.600000,-0.600000,-0.651523,-0.604795,0.600000,-0.600000,-0.600000,-0.611950,-0.600000,-0.600000,-0.600000,0.600000,-0.600000,-0.600000,-0.600000,-0.600000,-0.600000,0.600000,-0.000000,0.597599,0.600000,-0.600000,-0.600000,0.600000,-0.600000,0.600000,-0.600000,0.600000,0.600000,0.600000,-0.600000,-0.600000,-0.600000,0.600000,0.600000,-0.600000,0.600000,-0.600000,-0.600000,-0.600000,-0.600000,-0.600000,0.600000,-0.600000,-0.600000,-0.600000,-0.600000,0.600000,-0.600000,0.611950,0.600000,-0.600000,-0.600000,-0.600000
795,-0.600000,0.600000,-0.600000,1.000000,-0.600000,1.000000,-1.000000,-0.600000,0.600000,-0.600000,-0.600000,0.600000,-0.600000,0.600000,-0.600000,-0.600000,0.600000,-0.600000,-0.600000,-0.651523,-0.604795,0.600000,-0.600000,-0.600000,-0.611950,-0.600000,-0.600000,-0.600000,0.600000,-0.600000,-0.600000,-0.600000,-0.600000,-0.600000,0.600000,-0.000000,0.597599,0.600000,-0.600000,-0.600000,0.600000,-0.600000,0.600000,-0.600000,0.600000,0.600000,0.600000,-0.600000,-0.600000,-0.600000,0.600000,0.600000,-0.600000,0.600000,-0.600000,-0.600000,-0.600000,-0.600000,-0.600000,0.600000,-0.600000,-0.600000,-0.600000,-0.600000,0.600000,-0.600000,0.611950,0.600000,-0.600000,-0.600000,-0.600000
796,-0.600000,0.600000,-0.600000,1.000000,-0.600000,1.000000,-1.000000,-0.600000,0.600000,-0.600000,-0.600000,0.600000,-0.600000,0.600000,-0.600000,-0.600000,0.600000,-0.600000,-0.600000,-0.651523,-0.604795,0.600000,-0.600000,-0.600000,-0.611950,-0.600000,-0.600000,-0.600000,0.600000,-0.600000,-0.600000,-0.600000,-0.600000,-0.600000,0.600000,-0.000000,0.597599,0.600000,-0.600000,-0.600000,0.600000,-0.600000,0.600000,-0.600000,0.600000,0.600000,0.600000,-0.600000,-0.600000,-0.600000,0.600000,0.600000,-0.600000,0.600000,-0.600000,-0.600000,-0.600000,-0.600000,-0.600000,0.600000,-0.600000,-0.600000,-0.600000,-0.600000,0.600000,-0.600000,0.611950,0.600000,-0.600000,-0.600000,-0.600000
797,-0.600000,0.600000,-0.600000,1.000000,-0.600000,1.000000,-1.000000,-0.600000,0.600000,-0.600000,-0.600000,0.600000,-0.600000,0.600000,-0.600000,-0.600000,0.600000,-0.600000,-0.600000,-0.651523,-0.604795,0.600000,-0.600000,-0.600000,-0.611950,-0.600000,-0.600000,-0.600000,0.600000,-0.600000,-0.600000,-0.600000,-0.600000,-0.600000,0.600000,-0.000000,0.597599,0.600000,-0.600000,-0.600000,0.600000,-0.600000,0.600000,-0.600000,0.600000,0.600000,0.600000,-0.600000,-0.600000,-0.600000,0.600000,0.600000,-0.600000,0.600000,-0.600000,-0.600000,-0.600000,-0.600000,-0.600000,0.600000,-0.600000,-0.600000,-0.600000,-0.600000,0.600000,-0.600000,0.611950,0.600000,-0.600000,-0.600000,-0.600000
798,-0.600000,0.600000,-0.600000,1.000000,-0.600000,1.000000,-1.000000,-0.600000,0.600000,-0.600000,-0.600000,0.600000,-0.600000,0.600000,-0.600000,-0.600000,0.600000,-0.600000,-0.600000,-0.651523,-0.604795,0.600000,-0.600000,-0.600000,-0.611950,-0.600000,-0.600000,-0.600000,0.600000,-0.600000,-0.600000,-0.600000,-0.600000,-0.600000,0.600000,-0.000000,0.597599,0.600000,-0.600000,-0.600000,0.600000,-0.600000,0.600000,-0.600000,0.600000,0.600000,0.600000,-0.600000,-0.600000,-0.600000,0.600000,0.600000,-0.600000,0.600000,-0.600000,-0.600000,-0.600000,-0.600000,-0.600000,0.600000,-0.600000,-0.600000,-0.600000,-0.600000,0.600000,-0.600000,0.611950,0.600000,-0.600000,-0.600000,-0.600000
799,-0.600000,0.600000,-0.600000,1.000000,-0.600000,1.000000,-1.000000,-0.600000,0.600000,-0.600000,-0.600000,0.600000,-0.600000,0.600000,-0.600000,-0.600000,0.600000,-0.600000,-0.600000,-0.651523,-0.604795,0.600000,-0.600000,-0.600000,-0.611950,-0.600000,-0.600000,-0.600000,0.600000,-0.600000,-0.600000,-0.600000,-0.600000,-0.600000,0.600000,-0.000000,0.597599,0.600000,-0.600000,-0.600000,0.600000,-0.600000,0.600000,-0.600000,0.600000,0.600000,0.600000,-0.600000,-0.600000,-0.600000,0.600000,0.600000,-0.600000,0.600000,-0.600000,-0.600000,-0.600000,-0.600000,-0.600000,0.600000,-0.600000,-0.600000,-0.600000,-0.600000,0.600000,-0.600000,0.611950,0.600000,-0.600000,-0.600000,-0.600000
800,-0.600000,0.600000,-0.600000,1.000000,-0.600000,1.000000,-1.000000,-0.600000,0.600000,-0.600000,-0.600000,0.600000,-0.600000,0.600000,-0.600000,-0.600000,0.600000,-0.600000,-0.600000,-0.651523,-0.604795,0.600000,-0.600000,-0.600000,-0.611950,-0.600000,-0.600000,-0.600000,0.600000,-0.600000,-0.600000,-0.600000,-0.600000,-0.600000,0.600000,-0.000000,0.597599,0.600000,-0.600000,-0.600000,0.600000,-0.600000,0.600000,-0.600000,0.600000,0.600000,0.600000,-0.600000,-0.600000,-0.600000,0.600000,0.600000,-0.600000,0.600000,-0.600000,-0.600000,-0.600000,-0.600000,-0.600000,0.600000,-0.600000,-0.600000,-0.600000,-0.600000,0.600000,-0.600000,0.611950,0.600000,-0.600000,-0.600000,-0.600000
801,-0.600000,0.600000,-0.600000,1.000000,-0.600000,1.000000,-1.000000,-0.600000,0.600000,-0.600000,-0.600000,0.600000,-0.600000,0.600000,-0.600000,-0.600000,0.600000,-0.600000,-0.600000,-0.651523,-0.604795,0.600000,-0.600000,-0.600000,-0.611950,-0.600000,-0.600000,-0.600000,0.600000,-0.600000,-0.600000,-0.600000,-0.600000,-0.600000,0.600000,-0.000000,0.597599,0.600000,-0.600000,-0.600000,0.600000,-0.600000,0.600000,-0.600000,0.600000,0.600000,0.600000,-0.600000,-0.600000,-0.600000,0.600000,0.600000,-0.600000,0.600000,-0.600000,-0.600000,-0.600000,-0.600000,-0.600000,0.600000,-0.600000,-0.600000,-0.600000,-0.600000,0.600000,-0.600000,0.611950,0.600000,-0.600000,-0.600000,-0.600000
802,-0.600000,0.600000,-0.600000,1.000000,-0.600000,1.000000,-1.000000,-0.600000,0.600000,-0.600000,-0.600000,0.600000,-0.600000,0.600000,-0.600000,-0.600000,0.600000,-0.600000,-0.600000,-0.651523,-0.604795,0.600000,-0.600000,-0.600000,-0.611950,-0.600000,-0.600000,-0.600000,0.600000,-0.600000,-0.600000,-0.600000,-0.600000,-0.600000,0.600000,-0.000000,0.597599,0.600000,-0.600000,-0.600000,0.600000,-0.600000,0.600000,-0.600000,0.600000,0.600000,0.600000,-0.600000,-0.600000,-0.600000,0.600000,0.600000,-0.600000,0.600000,-0.600000,-0.600000,-0.600000,-0.600000,-0.600000,0.600000,-0.600000,-0.600000,-0.600000,-0.600000,0.600000,-0.600000,0.611950,0.600000,-0.600000,-0.600000,-0.600000
803,-0.600000,0.600000,-0.600000,1.000000,-0.600000,1.000000,-1.000000,-0.600000,0.600000,-0.600000,-0.600000,0.600000,-0.600000,0.600000,-0.600000,-0.600000,0.600000,-0.600000,-0.600000,-0.651523,-0.604795,0.600000,-0.600000,-0.600000,-0.611950,-0.600000,-0.600000,-0.600000,0.600000,-0.600000,-0.600000,-0.600000,-0.600000,-0.600000,0.600000,-0.000000,0.597599,0.600000,-0.600000,-0.600000,0.600000,-0.600000,0.600000,-0.600000,0.600000,0.600000,0.600000,-0.600000,-0.600000,-0.600000,0.600000,0.600000,-0.600000,0.600000,-0.600000,-0.600000,-0.600000,-0.600000,-0.600000,0.600000,-0.600000,-0.600000,-0.600000,-0.600000,0.600000,-0.600000,0.611950,0.600000,-0.600000,-0.600000,-0.600000
804,-0.600000,0.600000,-0.600000,1.000000,-0.600000,1.000000,-1.000000,-0.600000,0.600000,-0.600000,-0.600000,0.600000,-0.600000,0.600000,-0.600000,-0.600000,0.600000,-0.600000,-0.600000,-0.651523,-0.604795,0.600000,-0.600000,-0.600000,-0.611950,-0.600000,-0.600000,-0.600000,0.600000,-0.600000,-0.600000,-0.600000,-0.600000,-0.600000,0.600000,-0.000000,0.597599,0.600000,-0.600000,-0.600000,0.600000,-0.600000,0.600000,-0.600000,0.600000,0.600000,0.600000,-0.600000,-0.600000,-0.600000,0.600000,0.600000,-0.600000,0.600000,-0.600000,-0.600000,-0.600000,-0.600000,-0.600000,0.600000,-0.600000,-0.600000,-0.600000,-0.600000,0.600000,-0.600000,0.611950,0.600000,-0.600000,-0.600000,-0.600000
805,-0.600000,0.600000,-0.600000,1.000000,-0.600000,1.000000,-1.000000,-0.600000,0.600000,-0.600000,-0.600000,0.600000,-0.600000,0.600000,-0.600000,-0.600000,0.600000,-0.600000,-0.600000,-0.651523,-0.604795,0.600000,-0.600000,-0.600000,-0.611950,-0.600000,-0.600000,-0.600000,0.600000,-0.600000,-0.600000,-0.600000,-0.600000,-0.600000,0.600000,-0.000000,0.597599,0.600000,-0.600000,-0.600000,0.600000,-0.600000,0.600000,-0.600000,0.600000,0.600000,0.600000,-0.600000,-0.600000,-0.600000,0.600000,0.600000,-0.600000,0.600000,-0.600000,-0.600000,-0.600000,-0.600000,-0.600000,0.600000,-0.600000,-0.600000,-0.600000,-0.600000,0.600000,-0.600000,0.611950,0.600000,-0.600000,-0.600000,-0.600000
806,-0.600000,0.600000,-0.600000,1.000000,-0.600000,1.000000,-1.000000,-0.600000,0.600000,-0.600000,-0.600000,0.600000,-0.600000,0.600000,-0.600000,-0.600000,0.600000,-0.600000,-0.600000,-0.651523,-0.604795,0.600000,-0.600000,-0.600000,-0.611950,-0.600000,-0.600000,-0.600000,0.600000,-0.600000,-0.600000,-0.600000,-0.600000,-0.600000,0.600000,-0.000000,0.597599,0.600000,-0.600000,-0.600000,0.600000,-0.600000,0.600000,-0.600000,0.600000,0.600000,0.600000,-0.600000,-0.600000,-0.600000,0.600000,0.600000,-0.600000,0.600000,-0.600000,-0.600000,-0.600000,-0.600000,-0.600000,0.600000,-0.600000,-0.600000,-0.600000,-0.600000,0.600000,-0.600000,0.611950,0.600000,-0.600000,-0.600000,-0.600000
807,-0.600000,0.600000,-0.600000,1.000000,-0.600000,1.000000,-1.000000,-0.600000,0.600000,-0.600000,-0.600000,0.600000,-0.600000,0.600000,-0.600000,-0.600000,0.600000,-0.600000,-0.600000,-0.651523,-0.604795,0.600000,-0.600000,-0.600000,-0.611950,-0.600000,-0.600000,-0.600000,0.600000,-0.600000,-0.600000,-0.600000,-0.600000,-0.600000,0.600000,-0.000000,0.597599,0.600000,-0.600000,-0.600000,0.600000,-0.600000,0.600000,-0.600000,0.600000,0.600000,0.600000,-0.600000,-0.600000,-0.600000,0.600000,0.600000,-0.600000,0.600000,-0.600000,-0.600000,-0.600000,-0.600000,-0.600000,0.600000,-0.600000,-0.600000,-0.600000,-0.600000,0.600000,-0.600000,0.611950,0.600000,-0.600000,-0.600000,-0.600000
808,-0.600000,0.600000,-0.600000,1.000000,-0.600000,1.000000,-1.000000,-0.600000,0.600000,-0.600000,-0.600000,0.600000,-0.600000,0.600000,-0.600000,-0.600000,0.600000,-0.600000,-0.600000,-0.651523,-0.604795,0.600000,-0.600000,-0.600000,-0.611950,-0.600000,-0.600000,-0.600000,0.600000,-0.600000,-0.600000,-0.600000,-0.600000,-0.600000,0.600000,-0.000000,0.597599,0.600000,-0.600000,-0.600000,0.600000,-0.600000,0.600000,-0.600000,0.600000,0.600000,0.600000,-0.600000,-0.600000,-0.600000,0.600000,0.600000,-0.600000,0.600000,-0.600000,-0.600000,-0.600000,-0.600000,-0.600000,0.600000,-0.600000,-0.600000,-0.600000,-0.600000,0.600000,-0.600000,0.611950,0.600000,-0.600000,-0.600000,-0.600000
809,-0.600000,0.600000,-0.600000,1.000000,-0.600000,1.000000,-1.000000,-0.600000,0.600000,-0.600000,-0.600000,0.600000,-0.600000,0.600000,-0.600000,-0.600000,0.600000,-0.600000,-0.600000,-0.651523,-0.604795,0.600000,-0.600000,-0.600000,-0.611950,-0.600000,-0.600000,-0.600000,0.600000,-0.600000,-0.600000,-0.600000,-0.600000,-0.600000,0.600000,-0.000000,0.597599,0.600000,-0.600000,-0.600000,0.600000,-0.600000,0.600000,-0.600000,0.600000,0.600000,0.600000,-0.600000,-0.600000,-0.600000,0.600000,0.600000,-0.600000,0.600000,-0.600000,-0.600000,-0.600000,-0.600000,-0.600000,0.600000,-0.600000,-0.600000,-0.600000,-0.600000,0.600000,-0.600000,0.611950,0.600000,-0.600000,-0.600000,-0.600000
810,-0.600000,0.600000,-0.600000,1.000000,-0.600000,1.000000,-1.000000,-0.600000,0.600000,-0.600000,-0.600000,0.600000,-0.600000,0.600000,-0.600000,-0.600000,0.600000,-0.600000,-0.600000,-0.651523,-0.604795,0.600000,-0.600000,-0.600000,-0.611950,-0.600000,-0.600000,-0.600000,0.600000,-0.600000,-0.600000,-0.600000,-0.600000,-0.600000,0.600000,-0.000000,0.597599,0.600000,-0.600000,-0.600000,0.600000,-0.600000,0.600000,-0.600000,0.600000,0.600000,0.600000,-0.600000,-0.600000,-0.600000,0.600000,0.600000,-0.600000,0.600000,-0.600000,-0.600000,-0.600000,-0.600000,-0.600000,0.600000,-0.600000,-0.600000,-0.600000,-0.600000,0.600000,-0.600000,0.611950,0.600000,-0.600000,-0.600000,-0.600000
811,-0.600000,0.600000,-0.600000,1.000000,-0.600000,1.000000,-1.000000,-0.600000,0.600000,-0.600000,-0.600000,0.600000,-0.600000,0.600000,-0.600000,-0.600000,0.600000,-0.600000,-0.600000,-0.651523,-0.604795,0.600000,-0.600000,-0.600000,-0.611950,-0.600000,-0.600000,-0.600000,0.600000,-0.600000,-0.600000,-0.600000,-0.600000,-0.600000,0.600000,-0.000000,0.597599,0.600000,-0.600000,-0.600000,0.600000,-0.600000,0.600000,-0.600000,0.600000,0.600000,0.600000,-0.600000,-0.600000,-0.600000,0.600000,0.600000,-0.600000,0.600000,-0.600000,-0.600000,-0.600000,-0.600000,-0.600000,0.600000,-0.600000,-0.600000,-0.600000,-0.600000,0.600000,-0.600000,0.611950,0.600000,-0.600000,-0.600000,-0.600000
812,-0.600000,0.600000,-0.600000,1.000000,-0.600000,1.000000,-1.000000,-0.600000,0.600000,-0.600000,-0.600000,0.600000,-0.600000,0.600000,-0.600000,-0.600000,0.600000,-0.600000,-0.600000,-0.651523,-0.604795,0.600000,-0.600000,-0.600000,-0.611950,-0.600000,-0.600000,-0.600000,0.600000,-0.600000,-0.600000,-0.600000,-0.600000,-0.600000,0.600000,-0.000000,0.597599,0.600000,-0.600000,-0.600000,0.600000,-0.600000,0.600000,-0.600000,0.600000,0.600000,0.600000,-0.600000,-0.600000,-0.600000,0.600000,0.600000,-0.600000,0.600000,-0.600000,-0.600000,-0.600000,-0.600000,-0.600000,0.600000,-0.600000,-0.600000,-0.600000,-0.600000,0.600000,-0.600000,0.611950,0.600000,-0.600000,-0.600000,-0.600000
813,-0.600000,0.600000,-0.600000,1.000000,-0.600000,1.000000,-1.000000,-0.600000,0.600000,-0.600000,-0.600000,0.600000,-0.600000,0.600000,-0.600000,-0.600000,0.600000,-0.600000,-0.600000,-0.651523,-0.604795,0.600000,-0.600000,-0.600000,-0.611950,-0.600000,-0.600000,-0.600000,0.600000,-0.600000,-0.600000,-0.600000,-0.600000,-0.600000,0.600000,-0.000000,0.597599,0.600000,-0.600000,-0.600000,0.600000,-0.600000,0.600000,-0.600000,0.600000,0.600000,0.600000,-0.600000,-0.600000,-0.600000,0.600000,0.600000,-0.600000,0.600000,-0.600000,-0.600000,-0.600000,-0.600000,-0.600000,0.600000,-0.600000,-0.600000,-0.600000,-0.600000,0.600000,-0.600000,0.611950,0.600000,-0.600000,-0.600000,-0.600000
814,-0.600000,0.600000,-0.600000,1.000000,-0.600000,1.000000,-1.000000,-0.600000,0.600000,-0.600000,-0.600000,0.600000,-0.600000,0.600000,-0.600000,-0.600000,0.600000,-0.600000,-0.600000,-0.651523,-0.604795,0.600000,-0.600000,-0.600000,-0.611950,-0.600000,-0.600000,-0.600000,0.600000,-0.600000,-0.600000,-0.600000,-0.600000,-0.600000,0.600000,-0.000000,0.597599,0.600000,-0.600000,-0.600000,0.600000,-0.600000,0.600000,-0.600000,0.600000,0.600000,0.600000,-0.600000,-0.600000,-0.600000,0.600000,0.600000,-0.600000,0.600000,-0.600000,-0.600000,-0.600000,-0.600000,-0.600000,0.600000,-0.600000,-0.600000,-0.600000,-0.600000,0.600000,-0.600000,0.611950,0.600000,-0.600000,-0.600000,-0.600000
815,-0.600000,0.600000,-0.600000,1.000000,-0.600000,1.000000,-1.000000,-0.600000,0.600000,-0.600000,-0.600000,0.600000,-0.600000,0.600000,-0.600000,-0.600000,0.600000,-0.600000,-0.600000,-0.651523,-0.604795,0.600000,-0.600000,-0.600000,-0.611950,-0.600000,-0.600000,-0.600000,0.600000,-0.600000,-0.600000,-0.600000,-0.600000,-0.600000,0.600000,-0.000000,0.597599,0.600000,-0.600000,-0.600000,0.600000,-0.600000,0.600000,-0.600000,0.600000,0.600000,0.600000,-0.600000,-0.600000,-0.600000,0.600000,0.600000,-0.600000,0.600000,-0.600000,-0.600000,-0.600000,-0.600000,-0.600000,0.600000,-0.600000,-0.600000,-0.600000,-0.600000,0.600000,-0.600000,0.611950,0.600000,-0.600000,-0.600000,-0.600000
816,-0.600000,0.600000,-0.600000,1.000000,-0.600000,1.000000,-1.000000,-0.600000,0.600000,-0.600000,-0.600000,0.600000,-0.600000,0.600000,-0.600000,-0.600000,0.600000,-0.600000,-0.600000,-0.651523,-0.604795,0.600000,-0.600000,-0.600000,-0.611950,-0.600000,-0.600000,-0.600000,0.600000,-0.600000,-0.600000,-0.600000,-0.600000,-0.600000,0.600000,-0.000000,0.597599,0.600000,-0.600000,-0.600000,0.600000,-0.600000,0.600000,-0.600000,0.600000,0.600000,0.600000,-0.600000,-0.600000,-0.600000,0.600000,0.600000,-0.600000,0.600000,-0.600000,-0.600000,-0.600000,-0.600000,-0.600000,0.600000,-0.600000,-0.600000,-0.600000,-0.600000,0.600000,-0.600000,0.611950,0.600000,-0.600000,-0.600000,-0.600000
817,-0.600000,0.600000,-0.600000,1.000000,-0.600000,1.000000,-1.000000,-0.600000,0.600000,-0.600000,-0.600000,0.600000,-0.600000,0.600000,-0.600000,-0.600000,0.600000,-0.600000,-0.600000,-0.651523,-0.604795,0.600000,-0.600000,-0.600000,-0.611950,-0.600000,-0.600000,-0.600000,0.600000,-0.600000,-0.600000,-0.600000,-0.600000,-0.600000,0.600000,-0.000000,0.597599,0.600000,-0.600000,-0.600000,0.600000,-0.600000,0.600000,-0.600000,0.600000,0.600000,0.600000,-0.600000,-0.600000,-0.600000,0.600000,0.600000,-0.600000,0.600000,-0.600000,-0.600000,-0.600000,-0.600000,-0.600000,0.600000,-0.600000,-0.600000,-0.600000,-0.600000,0.600000,-0.600000,0.611950,0.600000,-0.600000,-0.600000,-0.600000
818,-0.600000,0.600000,-0.600000,1.000000,-0.600000,1.000000,-1.000000,-0.600000,0.600000,-0.600000,-0.600000,0.600000,-0.600000,0.600000,-0.600000,-0.600000,0.600000,-0.600000,-0.600000,-0.651523,-0.604795,0.600000,-0.600000,-0.600000,-0.611950,-0.600000,-0.600000,-0.600000,0.600000,-0.600000,-0.600000,-0.600000,-0.600000,-0.600000,0.600000,-0.000000,0.597599,0.600000,-0.600000,-0.600000,0.600000,-0.600000,0.600000,-0.600000,0.600000,0.600000,0.600000,-0.600000,-0.600000,-0.600000,0.600000,0.600000,-0.600000,0.600000,-0.600000,-0.600000,-0.600000,-0.600000,-0.600000,0.600000,-0.600000,-0.600000,-0.600000,-0.600000,0.600000,-0.600000,0.611950,0.600000,-0.600000,-0.600000,-0.600000
819,-0.600000,0.600000,-0.600000,1.000000,-0.600000,1.000000,-1.000000,-0.600000,0.600000,-0.600000,-0.600000,0.600000,-0.600000,0.600000,-0.600000,-0.600000,0.600000,-0.600000,-0.600000,-0.651523,-0.604795,0.600000,-0.600000,-0.600000,-0.611950,-0.600000,-0.600000,-0.600000,0.600000,-0.600000,-0.600000,-0.600000,-0.600000,-0.600000,0.600000,-0.000000,0.597599,0.600000,-0.600000,-0.600000,0.600000,-0.600000,0.600000,-0.600000,0.600000,0.600000,0.600000,-0.600000,-0.600000,-0.600000,0.600000,0.600000,-0.600000,0.600000,-0.600000,-0.600000,-0.600000,-0.600000,-0.600000,0.600000,-0.600000,-0.600000,-0.600000,-0.600000,0.600000,-0.600000,0.611950,0.600000,-0.600000,-0.600000,-0.600000
820,-0.600000,0.600000,-0.600000,1.000000,-0.600000,1.000000,-1.000000,-0.600000,0.600000,-0.600000,-0.600000,0.600000,-0.600000,0.600000,-0.600000,-0.600000,0.600000,-0.600000,-0.600000,-0.651523,-0.604795,0.600000,-0.600000,-0.600000,-0.611950,-0.600000,-0.600000,-0.600000,0.600000,-0.600000,-0.600000,-0.600000,-0.600000,-0.600000,0.600000,-0.000000,0.597599,0.600000,-0.600000,-0.600000,0.600000,-0.600000,0.600000,-0.600000,0.600000,0.600000,0.600000,-0.600000,-0.600000,-0.600000,0.600000,0.600000,-0.600000,0.600000,-0.600000,-0.600000,-0.600000,-0.600000,-0.600000,0.600000,-0.600000,-0.600000,-0.600000,-0.600000,0.600000,-0.600000,0.611950,0.600000,-0.600000,-0.600000,-0.600000
821,-0.600000,0.600000,-0.600000,1.000000,-0.600000,1.000000,-1.000000,-0.600000,0.600000,-0.600000,-0.600000,0.600000,-0.600000,0.600000,-0.600000,-0.600000,0.600000,-0.600000,-0.600000,-0.651523,-0.604795,0.600000,-0.600000,-0.600000,-0.611950,-0.600000,-0.600000,-0.600000,0.600000,-0.600000,-0.600000,-0.600000,-0.600000,-0.600000,0.600000,-0.000000,0.597599,0.600000,-0.600000,-0.600000,0.600000,-0.600000,0.600000,-0.600000,0.600000,0.600000,0.600000,-0.600000,-0.600000,-0.600000,0.600000,0.600000,-0.600000,0.600000,-0.600000,-0.600000,-0.600000,-0.600000,-0.600000,0.600000,-0.600000,-0.600000,-0.600000,-0.600000,0.600000,-0.600000,0.611950,0.600000,-0.600000,-0.600000,-0.600000
822,-0.600000,0.600000,-0.600000,1.000000,-0.600000,1.000000,-1.000000,-0.600000,0.600000,-0.600000,-0.600000,0.600000,-0.600000,0.600000,-0.600000,-0.600000,0.600000,-0.600000,-0.600000,-0.651523,-0.604795,0.600000,-0.600000,-0.600000,-0.611950,-0.600000,-0.600000,-0.600000,0.600000,-0.600000,-0.600000,-0.600000,-0.600000,-0.600000,0.600000,-0.000000,0.597599,0.600000,-0.600000,-0.600000,0.600000,-0.600000,0.600000,-0.600000,0.600000,0.600000,0.600000,-0.600000,-0.600000,-0.600000,0.600000,0.600000,-0.600000,0.600000,-0.600000,-0.600000,-0.600000,-0.600000,-0.600000,0.600000,-0.600000,-0.600000,-0.600000,-0.600000,0.600000,-0.600000,0.611950,0.600000,-0.600000,-0.600000,-0.600000
823,-0.600000,0.600000,-0.600000,1.000000,-0.600000,1.000000,-1.000000,-0.600000,0.600000,-0.600000,-0.600000,0.600000,-0.600000,0.600000,-0.600000,-0.600000,0.600000,-0.600000,-0.600000,-0.651523,-0.604795,0.600000,-0.600000,-0.600000,-0.611950,-0.600000,-0.600000,-0.600000,0.600000,-0.600000,-0.600000,-0.600000,-0.600000,-0.600000,0.600000,-0.000000,0.597599,0.600000,-0.600000,-0.600000,0.600000,-0.600000,0.600000,-0.600000,0.600000,0.600000,0.600000,-0.600000,-0.600000,-0.600000,0.600000,0.600000,-0.600000,0.600000,-0.600000,-0.600000,-0.600000,-0.600000,-0.600000,0.600000,-0.600000,-0.600000,-0.600000,-0.600000,0.600000,-0.600000,0.611950,0.600000,-0.600000,-0.600000,-0.600000
824,-0.600000,0.600000,-0.600000,1.000000,-0.600000,1.000000,-1.000000,-0.600000,0.600000,-0.600000,-0.600000,0.600000,-0.600000,0.600000,-0.600000,-0.600000,0.600000,-0.600000,-0.600000,-0.651523,-0.604795,0.600000,-0.600000,-0.600000,-0.611950,-0.600000,-0.600000,-0.600000,0.600000,-0.600000,-0.600000,-0.600000,-0.600000,-0.600000,0.600000,-0.000000,0.597599,0.600000,-0.600000,-0.600000,0.600000,-0.600000,0.600000,-0.600000,0.600000,0.600000,0.600000,-0.600000,-0.600000,-0.600000,0.600000,0.600000,-0.600000,0.600000,-0.600000,-0.600000,-0.600000,-0.600000,-0.600000,0.600000,-0.600000,-0.600000,-0.600000,-0.600000,0.600000,-0.600000,0.611950,0.600000,-0.600000,-0.600000,-0.600000
825,-0.600000,0.600000,-0.600000,1.000000,-0.600000,1.000000,-1.000000,-0.600000,0.600000,-0.600000,-0.600000,0.600000,-0.600000,0.600000,-0.600000,-0.600000,0.600000,-0.600000,-0.600000,-0.651523,-0.604795,0.600000,-0.600000,-0.600000,-0.611950,-0.600000,-0.600000,-0.600000,0.600000,-0.600000,-0.600000,-0.600000,-0.600000,-0.600000,0.600000,-0.000000,0.597599,0.600000,-0.600000,-0.600000,0.600000,-0.600000,0.600000,-0.600000,0.600000,0.600000,0.600000,-0.600000,-0.600000,-0.600000,0.600000,0.600000,-0.600000,0.600000,-0.600000,-0.600000,-0.600000,-0.600000,-0.600000,0.600000,-0.600000,-0.600000,-0.600000,-0.600000,0.600000,-0.600000,0.611950,0.600000,-0.600000,-0.600000,-0.600000
826,-0.600000,0.600000,-0.600000,1.000000,-0.600000,1.000000,-1.000000,-0.600000,0.600000,-0.600000,-0.600000,0.600000,-0.600000,0.600000,-0.600000,-0.600000,0.600000,-0.600000,-0.600000,-0.651523,-0.604795,0.600000,-0.600000,-0.600000,-0.611950,-0.600000,-0.600000,-0.600000,0.600000,-0.600000,-0.600000,-0.600000,-0.600000,-0.600000,0.600000,-0.000000,0.597599,0.600000,-0.600000,-0.600000,0.600000,-0.600000,0.600000,-0.600000,0.600000,0.600000,0.600000,-0.600000,-0.600000,-0.600000,0.600000,0.600000,-0.600000,0.600000,-0.600000,-0.600000,-0.600000,-0.600000,-0.600000,0.600000,-0.600000,-0.600000,-0.600000,-0.600000,0.600000,-0.600000,0.611950,0.600000,-0.600000,-0.600000,-0.600000
827,-0.600000,0.600000,-0.600000,1.000000,-0.600000,1.000000,-1.000000,-0.600000,0.600000,-0.600000,-0.600000,0.600000,-0.600000,0.600000,-0.600000,-0.600000,0.600000,-0.600000,-0.600000,-0.651523,-0.604795,0.600000,-0.600000,-0.600000,-0.611950,-0.600000,-0.600000,-0.600000,0.600000,-0.600000,-0.600000,-0.600000,-0.600000,-0.600000,0.600000,-0.000000,0.597599,0.600000,-0.600000,-0.600000,0.600000,-0.600000,0.600000,-0.600000,0.600000,0.600000,0.600000,-0.600000,-0.600000,-0.600000,0.600000,0.600000,-0.600000,0.600000,-0.600000,-0.600000,-0.600000,-0.600000,-0.600000,0.600000,-0.600000,-0.600000,-0.600000,-0.600000,0.600000,-0.600000,0.611950,0.600000,-0.600000,-0.600000,-0.600000
828,-0.600000,0.600000,-0.600000,1.000000,-0.600000,1.000000,-1.000000,-0.600000,0.600000,-0.600000,-0.600000,0.600000,-0.600000,0.600000,-0.600000,-0.600000,0.600000,-0.600000,-0.600000,-0.651523,-0.604795,0.600000,-0.600000,-0.600000,-0.611950,-0.600000,-0.600000,-0.600000,0.600000,-0.600000,-0.600000,-0.600000,-0.600000,-0.600000,0.600000,-0.000000,0.597599,0.600000,-0.600000,-0.600000,0.600000,-0.600000,0.600000,-0.600000,0.600000,0.600000,0.600000,-0.600000,-0.600000,-0.600000,0.600000,0.600000,-0.600000,0.600000,-0.600000,-0.600000,-0.600000,-0.600000,-0.600000,0.600000,-0.600000,-0.600000,-0.600000,-0.600000,0.600000,-0.600000,0.611950,0.600000,-0.600000,-0.600000,-0.600000
829,-0.600000,0.600000,-0.600000,1.000000,-0.600000,1.000000,-1.000000,-0.600000,0.600000,-0.600000,-0.600000,0.600000,-0.600000,0.600000,-0.600000,-0.600000,0.600000,-0.600000,-0.600000,-0.651523,-0.604795,0.600000,-0.600000,-0.600000,-0.611950,-0.600000,-0.600000,-0.600000,0.600000,-0.600000,-0.600000,-0.600000,-0.600000,-0.600000,0.600000,-0.000000,0.597599,0.600000,-0.600000,-0.600000,0.600000,-0.600000,0.600000,-0.600000,0.600000,0.600000,0.600000,-0.600000,-0.600000,-0.600000,0.600000,0.600000,-0.600000,0.600000,-0.600000,-0.600000,-0.600000,-0.600000,-0.600000,0.600000,-0.600000,-0.600000,-0.600000,-0.600000,0.600000,-0.600000,0.611950,0.600000,-0.600000,-0.600000,-0.600000
830,-0.600000,0.600000,-0.600000,1.000000,-0.600000,1.000000,-1.000000,-0.600000,0.600000,-0.600000,-0.600000,0.600000,-0.600000,0.600000,-0.600000,-0.600000,0.600000,-0.600000,-0.600000,-0.651523,-0.604795,0.600000,-0.600000,-0.600000,-0.611950,-0.600000,-0.600000,-0.600000,0.600000,-0.600000,-0.600000,-0.600000,-0.600000,-0.600000,0.600000,-0.000000,0.597599,0.600000,-0.600000,-0.600000,0.600000,-0.600000,0.600000,-0.600000,0.600000,0.600000,0.600000,-0.600000,-0.600000,-0.600000,0.600000,0.600000,-0.600000,0.600000,-0.600000,-0.600000,-0.600000,-0.600000,-0.600000,0.600000,-0.600000,-0.600000,-0.600000,-0.600000,0.600000,-0.600000,0.611950,0.600000,-0.600000,-0.600000,-0.600000
831,-0.600000,0.600000,-0.600000,1.000000,-0.600000,1.000000,-1.000000,-0.600000,0.600000,-0.600000,-0.600000,0.600000,-0.600000,0.600000,-0.600000,-0.600000,0.600000,-0.600000,-0.600000,-0.651523,-0.604795,0.600000,-0.600000,-0.600000,-0.611950,-0.600000,-0.600000,-0.600000,0.600000,-0.600000,-0.600000,-0.600000,-0.600000,-0.600000,0.600000,-0.000000,0.597599,0.600000,-0.600000,-0.600000,0.600000,-0.600000,0.600000,-0.600000,0.600000,0.600000,0.600000,-0.600000,-0.600000,-0.600000,0.600000,0.600000,-0.600000,0.600000,-0.600000,-0.600000,-0.600000,-0.600000,-0.600000,0.600000,-0.600000,-0.600000,-0.600000,-0.600000,0.600000,-0.600000,0.611950,0.600000,-0.600000,-0.600000,-0.600000
832,-0.600000,0.600000,-0.600000,1.000000,-0.600000,1.000000,-1.000000,-0.600000,0.600000,-0.600000,-0.600000,0.600000,-0.600000,0.600000,-0.600000,-0.600000,0.600000,-0.600000,-0.600000,-0.651523,-0.604795,0.600000,-0.600000,-0.600000,-0.611950,-0.600000,-0.600000,-0.600000,0.600000,-0.600000,-0.600000,-0.600000,-0.600000,-0.600000,0.600000,-0.000000,0.597599,0.600000,-0.600000,-0.600000,0.600000,-0.600000,0.600000,-0.600000,0.600000,0.600000,0.600000,-0.600000,-0.600000,-0.600000,0.600000,0.600000,-0.600000,0.600000,-0.600000,-0.600000,-0.600000,-0.600000,-0.600000,0.600000,-0.600000,-0.600000,-0.600000,-0.600000,0.600000,-0.600000,0.611950,0.600000,-0.600000,-0.600000,-0.600000
833,-0.600000,0.600000,-0.600000,1.000000,-0.600000,1.000000,-1.000000,-0.600000,0.600000,-0.600000,-0.600000,0.600000,-0.600000,0.600000,-0.600000,-0.600000,0.600000,-0.600000,-0.600000,-0.651523,-0.604795,0.600000,-0.600000,-0.600000,-0.611950,-0.600000,-0.600000,-0.600000,0.600000,-0.600000,-0.600000,-0.600000,-0.600000,-0.600000,0.600000,-0.000000,0.597599,0.600000,-0.600000,-0.600000,0.600000,-0.600000,0.600000,-0.600000,0.600000,0.600000,0.600000,-0.600000,-0.600000,-0.600000,0.600000,0.600000,-0.600000,0.600000,-0.600000,-0.600000,-0.600000,-0.600000,-0.600000,0.600000,-0.600000,-0.600000,-0.600000,-0.600000,0.600000,-0.600000,0.611950,0.600000,-0.600000,-0.600000,-0.600000
834,-0.600000,0.600000,-0.600000,1.000000,-0.600000,1.000000,-1.000000,-0.600000,0.600000,-0.600000,-0.600000,0.600000,-0.600000,0.600000,-0.600000,-0.600000,0.600000,-0.600000,-0.600000,-0.651523,-0.604795,0.600000,-0.600000,-0.600000,-0.611950,-0.600000,-0.600000,-0.600000,0.600000,-0.600000,-0.600000,-0.600000,-0.600000,-0.600000,0.600000,-0.000000,0.597599,0.600000,-0.600000,-0.600000,0.600000,-0.600000,0.600000,-0.600000,0.600000,0.600000,0.600000,-0.600000,-0.600000,-0.600000,0.600000,0.600000,-0.600000,0.600000,-0.600000,-0.600000,-0.600000,-0.600000,-0.600000,0.600000,-0.600000,-0.600000,-0.600000,-0.600000,0.600000,-0.600000,0.611950,0.600000,-0.600000,-0.600000,-0.600000
835,-0.600000,0.600000,-0.600000,1.000000,-0.600000,1.000000,-1.000000,-0.600000,0.600000,-0.600000,-0.600000,0.600000,-0.600000,0.600000,-0.600000,-0.600000,0.600000,-0.600000,-0.600000,-0.651523,-0.604795,0.600000,-0.600000,-0.600000,-0.611950,-0.600000,-0.600000,-0.600000,0.600000,-0.600000,-0.600000,-0.600000,-0.600000,-0.600000,0.600000,-0.000000,0.597599,0.600000,-0.600000,-0.600000,0.600000,-0.600000,0.600000,-0.600000,0.600000,0.600000,0.600000,-0.600000,-0.600000,-0.600000,0.600000,0.600000,-0.600000,0.600000,-0.600000,-0.600000,-0.600000,-0.600000,-0.600000,0.600000,-0.600000,-0.600000,-0.600000,-0.600000,0.600000,-0.600000,0.611950,0.600000,-0.600000,-0.600000,-0.600000
836,-0.600000,0.600000,-0.600000,1.000000,-0.600000,1.000000,-1.000000,-0.600000,0.600000,-0.600000,-0.600000,0.600000,-0.600000,0.600000,-0.600000,-0.600000,0.600000,-0.600000,-0.600000,-0.651523,-0.604795,0.600000,-0.600000,-0.600000,-0.611950,-0.600000,-0.600000,-0.600000,0.600000,-0.600000,-0.600000,-0.600000,-0.600000,-0.600000,0.600000,-0.000000,0.597599,0.600000,-0.600000,-0.600000,0.600000,-0.600000,0.600000,-0.600000,0.600000,0.600000,0.600000,-0.600000,-0.600000,-0.600000,0.600000,0.600000,-0.600000,0.600000,-0.600000,-0.600000,-0.600000,-0.600000,-0.600000,0.600000,-0.600000,-0.600000,-0.600000,-0.600000,0.600000,-0.600000,0.611950,0.600000,-0.600000,-0.600000,-0.600000
837,-0.600000,0.600000,-0.600000,1.000000,-0.600000,1.000000,-1.000000,-0.600000,0.600000,-0.600000,-0.600000,0.600000,-0.600000,0.600000,-0.600000,-0.600000,0.600000,-0.600000,-0.600000,-0.651523,-0.604795,0.600000,-0.600000,-0.600000,-0.611950,-0.600000,-0.600000,-0.600000,0.600000,-0.600000,-0.600000,-0.600000,-0.600000,-0.600000,0.600000,-0.000000,0.597599,0.600000,-0.600000,-0.600000,0.600000,-0.600000,0.600000,-0.600000,0.600000,0.600000,0.600000,-0.600000,-0.600000,-0.600000,0.600000,0.600000,-0.600000,0.600000,-0.600000,-0.600000,-0.600000,-0.600000,-0.600000,0.600000,-0.600000,-0.600000,-0.600000,-0.600000,0.600000,-0.600000,0.611950,0.600000,-0.600000,-0.600000,-0.600000
838,-0.600000,0.600000,-0.600000,1.000000,-0.600000,1.000000,-1.000000,-0.600000,0.600000,-0.600000,-0.600000,0.600000,-0.600000,0.600000,-0.600000,-0.600000,0.600000,-0.600000,-0.600000,-0.651523,-0.604795,0.600000,-0.600000,-0.600000,-0.611950,-0.600000,-0.600000,-0.600000,0.600000,-0.600000,-0.600000,-0.600000,-0.600000,-0.600000,0.600000,-0.000000,0.597599,0.600000,-0.600000,-0.600000,0.600000,-0.600000,0.600000,-0.600000,0.600000,0.600000,0.600000,-0.600000,-0.600000,-0.600000,0.600000,0.600000,-0.600000,0.600000,-0.600000,-0.600000,-0.600000,-0.600000,-0.600000,0.600000,-0.600000,-0.600000,-0.600000,-0.600000,0.600000,-0.600000,0.611950,0.600000,-0.600000,-0.600000,-0.600000
839,-0.600000,0.600000,-0.600000,1.000000,-0.600000,1.000000,-1.000000,-0.600000,0.600000,-0.600000,-0.600000,0.600000,-0.600000,0.600000,-0.600000,-0.600000,0.600000,-0.600000,-0.600000,-0.651523,-0.604795,0.600000,-0.600000,-0.600000,-0.611950,-0.600000,-0.600000,-0.600000,0.600000,-0.600000,-0.600000,-0.600000,-0.600000,-0.600000,0.600000,-0.000000,0.597599,0.600000,-0.600000,-0.600000,0.600000,-0.600000,0.600000,-0.600000,0.600000,0.600000,0.600000,-0.600000,-0.600000,-0.600000,0.600000,0.600000,-0.600000,0.600000,-0.600000,-0.600000,-0.600000,-0.600000,-0.600000,0.600000,-0.600000,-0.600000,-0.600000,-0.600000,0.600000,-0.600000,0.611950,0.600000,-0.600000,-0.600000,-0.600000
840,-0.600000,0.600000,-0.600000,1.000000,-0.600000,1.000000,-1.000000,-0.600000,0.600000,-0.600000,-0.600000,0.600000,-0.600000,0.600000,-0.600000,-0.600000,0.600000,-0.600000,-0.600000,-0.651523,-0.604795,0.600000,-0.600000,-0.600000,-0.611950,-0.600000,-0.600000,-0.600000,0.600000,-0.600000,-0.600000,-0.600000,-0.600000,-0.600000,0.600000,-0.000000,0.597599,0.600000,-0.600000,-0.600000,0.600000,-0.600000,0.600000,-0.600000,0.600000,0.600000,0.600000,-0.600000,-0.600000,-0.600000,0.600000,0.600000,-0.600000,0.600000,-0.600000,-0.600000,-0.600000,-0.600000,-0.600000,0.600000,-0.600000,-0.600000,-0.600000,-0.600000,0.600000,-0.600000,0.611950,0.600000,-0.600000,-0.600000,-0.600000
841,-0.600000,0.600000,-0.600000,1.000000,-0.600000,1.000000,-1.000000,-0.600000,0.600000,-0.600000,-0.600000,0.600000,-0.600000,0.600000,-0.600000,-0.600000,0.600000,-0.600000,-0.600000,-0.651523,-0.604795,0.600000,-0.600000,-0.600000,-0.611950,-0.600000,-0.600000,-0.600000,0.600000,-0.600000,-0.600000,-0.600000,-0.600000,-0.600000,0.600000,-0.000000,0.597599,0.600000,-0.600000,-0.600000,0.600000,-0.600000,0.600000,-0.600000,0.600000,0.600000,0.600000,-0.600000,-0.600000,-0.600000,0.600000,0.600000,-0.600000,0.600000,-0.600000,-0.600000,-0.600000,-0.600000,-0.600000,0.600000,-0.600000,-0.600000,-0.600000,-0.600000,0.600000,-0.600000,0.611950,0.600000,-0.600000,-0.600000,-0.600000
842,-0.600000,0.600000,-0.600000,1.000000,-0.600000,1.000000,-1.000000,-0.600000,0.600000,-0.600000,-0.600000,0.600000,-0.600000,0.600000,-0.600000,-0.600000,0.600000,-0.600000,-0.600000,-0.651523,-0.604795,0.600000,-0.600000,-0.600000,-0.611950,-0.600000,-0.600000,-0.600000,0.600000,-0.600000,-0.600000,-0.600000,-0.600000,-0.600000,0.600000,-0.000000,0.597599,0.600000,-0.600000,-0.600000,0.600000,-0.600000,0.600000,-0.600000,0.600000,0.600000,0.600000,-0.600000,-0.600000,-0.600000,0.600000,0.600000,-0.600000,0.600000,-0.600000,-0.600000,-0.600000,-0.600000,-0.600000,0.600000,-0.600000,-0.600000,-0.600000,-0.600000,0.600000,-0.600000,0.611950,0.600000,-0.600000,-0.600000,-0.600000
843,-0.600000,0.600000,-0.600000,1.000000,-0.600000,1.000000,-1.000000,-0.600000,0.600000,-0.600000,-0.600000,0.600000,-0.600000,0.600000,-0.600000,-0.600000,0.600000,-0.600000,-0.600000,-0.651523,-0.604795,0.600000,-0.600000,-0.600000,-0.611950,-0.600000,-0.600000,-0.600000,0.600000,-0.600000,-0.600000,-0.600000,-0.600000,-0.600000,0.600000,-0.000000,0.597599,0.600000,-0.600000,-0.600000,0.600000,-0.600000,0.600000,-0.600000,0.600000,0.600000,0.600000,-0.600000,-0.600000,-0.600000,0.600000,0.600000,-0.600000,0.600000,-0.600000,-0.600000,-0.600000,-0.600000,-0.600000,0.600000,-0.600000,-0.600000,-0.600000,-0.600000,0.600000,-0.600000,0.611950,0.600000,-0.600000,-0.600000,-0.600000
844,-0.600000,0.600000,-0.600000,1.000000,-0.600000,1.000000,-1.000000,-0.600000,0.600000,-0.600000,-0.600000,0.600000,-0.600000,0.600000,-0.600000,-0.600000,0.600000,-0.600000,-0.600000,-0.651523,-0.604795,0.600000,-0.600000,-0.600000,-0.611950,-0.600000,-0.600000,-0.600000,0.600000,-0.600000,-0.600000,-0.600000,-0.600000,-0.600000,0.600000,-0.000000,0.597599,0.600000,-0.600000,-0.600000,0.600000,-0.600000,0.600000,-0.600000,0.600000,0.600000,0.600000,-0.600000,-0.600000,-0.600000,0.600000,0.600000,-0.600000,0.600000,-0.600000,-0.600000,-0.600000,-0.600000,-0.600000,0.600000,-0.600000,-0.600000,-0.600000,-0.600000,0.600000,-0.600000,0.611950,0.600000,-0.600000,-0.600000,-0.600000
845,-0.600000,0.600000,-0.600000,1.000000,-0.600000,1.000000,-1.000000,-0.600000,0.600000,-0.600000,-0.600000,0.600000,-0.600000,0.600000,-0.600000,-0.600000,0.600000,-0.600000,-0.600000,-0.651523,-0.604795,0.600000,-0.600000,-0.600000,-0.611950,-0.600000,-0.600000,-0.600000,0.600000,-0.600000,-0.600000,-0.600000,-0.600000,-0.600000,0.600000,-0.000000,0.597599,0.600000,-0.600000,-0.600000,0.600000,-0.600000,0.600000,-0.600000,0.600000,0.600000,0.600000,-0.600000,-0.600000,-0.600000,0.600000,0.600000,-0.600000,0.600000,-0.600000,-0.600000,-0.600000,-0.600000,-0.600000,0.600000,-0.600000,-0.600000,-0.600000,-0.600000,0.600000,-0.600000,0.611950,0.600000,-0.600000,-0.600000,-0.600000
846,-0.600000,0.600000,-0.600000,1.000000,-0.600000,1.000000,-1.000000,-0.600000,0.600000,-0.600000,-0.600000,0.600000,-0.600000,0.600000,-0.600000,-0.600000,0.600000,-0.600000,-0.600000,-0.651523,-0.604795,0.600000,-0.600000,-0.600000,-0.611950,-0.600000,-0.600000,-0.600000,0.600000,-0.600000,-0.600000,-0.600000,-0.600000,-0.600000,0.600000,-0.000000,0.597599,0.600000,-0.600000,-0.600000,0.600000,-0.600000,0.600000,-0.600000,0.600000,0.600000,0.600000,-0.600000,-0.600000,-0.600000,0.600000,0.600000,-0.600000,0.600000,-0.600000,-0.600000,-0.600000,-0.600000,-0.600000,0.600000,-0.600000,-0.600000,-0.600000,-0.600000,0.600000,-0.600000,0.611950,0.600000,-0.600000,-0.600000,-0.600000
847,-0.600000,0.600000,-0.600000,1.000000,-0.600000,1.000000,-1.000000,-0.600000,0.600000,-0.600000,-0.600000,0.600000,-0.600000,0.600000,-0.600000,-0.600000,0.600000,-0.600000,-0.600000,-0.651523,-0.604795,0.600000,-0.600000,-0.600000,-0.611950,-0.600000,-0.600000,-0.600000,0.600000,-0.600000,-0.600000,-0.600000,-0.600000,-0.600000,0.600000,-0.000000,0.597599,0.600000,-0.600000,-0.600000,0.600000,-0.600000,0.600000,-0.600000,0.600000,0.600000,0.600000,-0.600000,-0.600000,-0.600000,0.600000,0.600000,-0.600000,0.600000,-0.600000,-0.600000,-0.600000,-0.600000,-0.600000,0.600000,-0.600000,-0.600000,-0.600000,-0.600000,0.600000,-0.600000,0.611950,0.600000,-0.600000,-0.600000,-0.600000
848,-0.600000,0.600000,-0.600000,1.000000,-0.600000,1.000000,-1.000000,-0.600000,0.600000,-0.600000,-0.600000,0.600000,-0.600000,0.600000,-0.600000,-0.600000,0.600000,-0.600000,-0.600000,-0.651523,-0.604795,0.600000,-0.600000,-0.600000,-0.611950,-0.600000,-0.600000,-0.600000,0.600000,-0.600000,-0.600000,-0.600000,-0.600000,-0.600000,0.600000,-0.000000,0.597599,0.600000,-0.600000,-0.600000,0.600000,-0.600000,0.600000,-0.600000,0.600000,0.600000,0.600000,-0.600000,-0.600000,-0.600000,0.600000,0.600000,-0.600000,0.600000,-0.600000,-0.600000,-0.600000,-0.600000,-0.600000,0.600000,-0.600000,-0.600000,-0.600000,-0.600000,0.600000,-0.600000,0.611950,0.600000,-0.600000,-0.600000,-0.600000
849,-0.600000,0.600000,-0.600000,1.000000,-0.600000,1.000000,-1.000000,-0.600000,0.600000,-0.600000,-0.600000,0.600000,-0.600000,0.600000,-0.600000,-0.600000,0.600000,-0.600000,-0.600000,-0.651523,-0.604795,0.600000,-0.600000,-0.600000,-0.611950,-0.600000,-0.600000,-0.600000,0.600000,-0.600000,-0.600000,-0.600000,-0.600000,-0.600000,0.600000,-0.000000,0.597599,0.600000,-0.600000,-0.600000,0.600000,-0.600000,0.600000,-0.600000,0.600000,0.600000,0.600000,-0.600000,-0.600000,-0.600000,0.600000,0.600000,-0.600000,0.600000,-0.600000,-0.600000,-0.600000,-0.600000,-0.600000,0.600000,-0.600000,-0.600000,-0.600000,-0.600000,0.600000,-0.600000,0.611950,0.600000,-0.600000,-0.600000,-0.600000
850,-0.600000,0.600000,-0.600000,1.000000,-0.600000,1.000000,-1.000000,-0.600000,0.600000,-0.600000,-0.600000,0.600000,-0.600000,0.600000,-0.600000,-0.600000,0.600000,-0.600000,-0.600000,-0.651523,-0.604795,0.600000,-0.600000,-0.600000,-0.611950,-0.600000,-0.600000,-0.600000,0.600000,-0.600000,-0.600000,-0.600000,-0.600000,-0.600000,0.600000,-0.000000,0.597599,0.600000,-0.600000,-0.600000,0.600000,-0.600000,0.600000,-0.600000,0.600000,0.600000,0.600000,-0.600000,-0.600000,-0.600000,0.600000,0.600000,-0.600000,0.600000,-0.600000,-0.600000,-0.600000,-0.600000,-0.600000,0.600000,-0.600000,-0.600000,-0.600000,-0.600000,0.600000,-0.600000,0.611950,0.600000,-0.600000,-0.600000,-0.600000
851,-0.600000,0.600000,-0.600000,1.000000,-0.600000,1.000000,-1.000000,-0.600000,0.600000,-0.600000,-0.600000,0.600000,-0.600000,0.600000,-0.600000,-0.600000,0.600000,-0.600000,-0.600000,-0.651523,-0.604795,0.600000,-0.600000,-0.600000,-0.611950,-0.600000,-0.600000,-0.600000,0.600000,-0.600000,-0.600000,-0.600000,-0.600000,-0.600000,0.600000,-0.000000,0.597599,0.600000,-0.600000,-0.600000,0.600000,-0.600000,0.600000,-0.600000,0.600000,0.600000,0.600000,-0.600000,-0.600000,-0.600000,0.600000,0.600000,-0.600000,0.600000,-0.600000,-0.600000,-0.600000,-0.600000,-0.600000,0.600000,-0.600000,-0.600000,-0.600000,-0.600000,0.600000,-0.600000,0.611950,0.600000,-0.600000,-0.600000,-0.600000
852,-0.600000,0.600000,-0.600000,1.000000,-0.600000,1.000000,-1.000000,-0.600000,0.600000,-0.600000,-0.600000,0.600000,-0.600000,0.600000,-0.600000,-0.600000,0.600000,-0.600000,-0.600000,-0.651523,-0.604795,0.600000,-0.600000,-0.600000,-0.611950,-0.600000,-0.600000,-0.600000,0.600000,-0.600000,-0.600000,-0.600000,-0.600000,-0.600000,0.600000,-0.000000,0.597599,0.600000,-0.600000,-0.600000,0.600000,-0.600000,0.600000,-0.600000,0.600000,0.600000,0.600000,-0.600000,-0.600000,-0.600000,0.600000,0.600000,-0.600000,0.600000,-0.600000,-0.600000,-0.600000,-0.600000,-0.600000,0.600000,-0.600000,-0.600000,-0.600000,-0.600000,0.600000,-0.600000,0.611950,0.600000,-0.600000,-0.600000,-0.600000
853,-0.600000,0.600000,-0.600000,1.000000,-0.600000,1.000000,-1.000000,-0.600000,0.600000,-0.600000,-0.600000,0.600000,-0.600000,0.600000,-0.600000,-0.600000,0.600000,-0.600000,-0.600000,-0.651523,-0.604795,0.600000,-0.600000,-0.600000,-0.611950,-0.600000,-0.600000,-0.600000,0.600000,-0.600000,-0.600000,-0.600000,-0.600000,-0.600000,0.600000,-0.000000,0.597599,0.600000,-0.600000,-0.600000,0.600000,-0.600000,0.600000,-0.600000,0.600000,0.600000,0.600000,-0.600000,-0.600000,-0.600000,0.600000,0.600000,-0.600000,0.600000,-0.600000,-0.600000,-0.600000,-0.600000,-0.600000,0.600000,-0.600000,-0.600000,-0.600000,-0.600000,0.600000,-0.600000,0.611950,0.600000,-0.600000,-0.600000,-0.600000
854,-0.600000,0.600000,-0.600000,1.000000,-0.600000,1.000000,-1.000000,-0.600000,0.600000,-0.600000,-0.600000,0.600000,-0.600000,0.600000,-0.600000,-0.600000,0.600000,-0.600000,-0.600000,-0.651523,-0.604795,0.600000,-0.600000,-0.600000,-0.611950,-0.600000,-0.600000,-0.600000,0.600000,-0.600000,-0.600000,-0.600000,-0.600000,-0.600000,0.600000,-0.000000,0.597599,0.600000,-0.600000,-0.600000,0.600000,-0.600000,0.600000,-0.600000,0.600000,0.600000,0.600000,-0.600000,-0.600000,-0.600000,0.600000,0.600000,-0.600000,0.600000,-0.600000,-0.600000,-0.600000,-0.600000,-0.600000,0.600000,-0.600000,-0.600000,-0.600000,-0.600000,0.600000,-0.600000,0.611950,0.600000,-0.600000,-0.600000,-0.600000
855,-0.600000,0.600000,-0.600000,1.000000,-0.600000,1.000000,-1.000000,-0.600000,0.600000,-0.600000,-0.600000,0.600000,-0.600000,0.600000,-0.600000,-0.600000,0.600000,-0.600000,-0.600000,-0.651523,-0.604795,0.600000,-0.600000,-0.600000,-0.611950,-0.600000,-0.600000,-0.600000,0.600000,-0.600000,-0.600000,-0.600000,-0.600000,-0.600000,0.600000,-0.000000,0.597599,0.600000,-0.600000,-0.600000,0.600000,-0.600000,0.600000,-0.600000,0.600000,0.600000,0.600000,-0.600000,-0.600000,-0.600000,0.600000,0.600000,-0.600000,0.600000,-0.600000,-0.600000,-0.600000,-0.600000,-0.600000,0.600000,-0.600000,-0.600000,-0.600000,-0.600000,0.600000,-0.600000,0.611950,0.600000,-0.600000,-0.600000,-0.600000
856,-0.600000,0.600000,-0.600000,1.000000,-0.600000,1.000000,-1.000000,-0.600000,0.600000,-0.600000,-0.600000,0.600000,-0.600000,0.600000,-0.600000,-0.600000,0.600000,-0.600000,-0.600000,-0.651523,-0.604795,0.600000,-0.600000,-0.600000,-0.611950,-0.600000,-0.600000,-0.600000,0.600000,-0.600000,-0.600000,-0.600000,-0.600000,-0.600000,0.600000,-0.000000,0.597599,0.600000,-0.600000,-0.600000,0.600000,-0.600000,0.600000,-0.600000,0.600000,0.600000,0.600000,-0.600000,-0.600000,-0.600000,0.600000,0.600000,-0.600000,0.600000,-0.600000,-0.600000,-0.600000,-0.600000,-0.600000,0.600000,-0.600000,-0.600000,-0.600000,-0.600000,0.600000,-0.600000,0.611950,0.600000,-0.600000,-0.600000,-0.600000
857,-0.600000,0.600000,-0.600000,1.000000,-0.600000,1.000000,-1.000000,-0.600000,0.600000,-0.600000,-0.600000,0.600000,-0.600000,0.600000,-0.600000,-0.600000,0.600000,-0.600000,-0.600000,-0.651523,-0.604795,0.600000,-0.600000,-0.600000,-0.611950,-0.600000,-0.600000,-0.600000,0.600000,-0.600000,-0.600000,-0.600000,-0.600000,-0.600000,0.600000,-0.000000,0.597599,0.600000,-0.600000,-0.600000,0.600000,-0.600000,0.600000,-0.600000,0.600000,0.600000,0.600000,-0.600000,-0.600000,-0.600000,0.600000,0.600000,-0.600000,0.600000,-0.600000,-0.600000,-0.600000,-0.600000,-0.600000,0.600000,-0.600000,-0.600000,-0.600000,-0.600000,0.600000,-0.600000,0.611950,0.600000,-0.600000,-0.600000,-0.600000
858,-0.600000,0.600000,-0.600000,1.000000,-0.600000,1.000000,-1.000000,-0.600000,0.600000,-0.600000,-0.600000,0.600000,-0.600000,0.600000,-0.600000,-0.600000,0.600000,-0.600000,-0.600000,-0.651523,-0.604795,0.600000,-0.600000,-0.600000,-0.611950,-0.600000,-0.600000,-0.600000,0.600000,-0.600000,-0.600000,-0.600000,-0.600000,-0.600000,0.600000,-0.000000,0.597599,0.600000,-0.600000,-0.600000,0.600000,-0.600000,0.600000,-0.600000,0.600000,0.600000,0.600000,-0.600000,-0.600000,-0.600000,0.600000,0.600000,-0.600000,0.600000,-0.600000,-0.600000,-0.600000,-0.600000,-0.600000,0.600000,-0.600000,-0.600000,-0.600000,-0.600000,0.600000,-0.600000,0.611950,0.600000,-0.600000,-0.600000,-0.600000
859,-0.600000,0.600000,-0.600000,1.000000,-0.600000,1.000000,-1.000000,-0.600000,0.600000,-0.600000,-0.600000,0.600000,-0.600000,0.600000,-0.600000,-0.600000,0.600000,-0.600000,-0.600000,-0.651523,-0.604795,0.600000,-0.600000,-0.600000,-0.611950,-0.600000,-0.600000,-0.600000,0.600000,-0.600000,-0.600000,-0.600000,-0.600000,-0.600000,0.600000,-0.000000,0.597599,0.600000,-0.600000,-0.600000,0.600000,-0.600000,0.600000,-0.600000,0.600000,0.600000,0.600000,-0.600000,-0.600000,-0.600000,0.600000,0.600000,-0.600000,0.600000,-0.600000,-0.600000,-0.600000,-0.600000,-0.600000,0.600000,-0.600000,-0.600000,-0.600000,-0.600000,0.600000,-0.600000,0.611950,0.600000,-0.600000,-0.600000,-0.600000
860,-0.600000,0.600000,-0.600000,1.000000,-0.600000,1.000000,-1.000000,-0.600000,0.600000,-0.600000,-0.600000,0.600000,-0.600000,0.600000,-0.600000,-0.600000,0.600000,-0.600000,-0.600000,-0.651523,-0.604795,0.600000,-0.600000,-0.600000,-0.611950,-0.600000,-0.600000,-0.600000,0.600000,-0.600000,-0.600000,-0.600000,-0.600000,-0.600000,0.600000,-0.000000,0.597599,0.600000,-0.600000,-0.600000,0.600000,-0.600000,0.600000,-0.600000,0.600000,0.600000,0.600000,-0.600000,-0.600000,-0.600000,0.600000,0.600000,-0.600000,0.600000,-0.600000,-0.600000,-0.600000,-0.600000,-0.600000,0.600000,-0.600000,-0.600000,-0.600000,-0.600000,0.600000,-0.600000,0.611950,0.600000,-0.600000,-0.600000,-0.600000
861,-0.600000,0.600000,-0.600000,1.000000,-0.600000,1.000000,-1.000000,-0.600000,0.600000,-0.600000,-0.600000,0.600000,-0.600000,0.600000,-0.600000,-0.600000,0.600000,-0.600000,-0.600000,-0.651523,-0.604795,0.600000,-0.600000,-0.600000,-0.611950,-0.600000,-0.600000,-0.600000,0.600000,-0.600000,-0.600000,-0.600000,-0.600000,-0.600000,0.600000,-0.000000,0.597599,0.600000,-0.600000,-0.600000,0.600000,-0.600000,0.600000,-0.600000,0.600000,0.600000,0.600000,-0.600000,-0.600000,-0.600000,0.600000,0.600000,-0.600000,0.600000,-0.600000,-0.600000,-0.600000,-0.600000,-0.600000,0.600000,-0.600000,-0.600000,-0.600000,-0.600000,0.600000,-0.600000,0.611950,0.600000,-0.600000,-0.600000,-0.600000
862,-0.600000,0.600000,-0.600000,1.000000,-0.600000,1.000000,-1.000000,-0.600000,0.600000,-0.600000,-0.600000,0.600000,-0.600000,0.600000,-0.600000,-0.600000,0.600000,-0.600000,-0.600000,-0.651523,-0.604795,0.600000,-0.600000,-0.600000,-0.611950,-0.600000,-0.600000,-0.600000,0.600000,-0.600000,-0.600000,-0.600000,-0.600000,-0.600000,0.600000,-0.000000,0.597599,0.600000,-0.600000,-0.600000,0.600000,-0.600000,0.600000,-0.600000,0.600000,0.600000,0.600000,-0.600000,-0.600000,-0.600000,0.600000,0.600000,-0.600000,0.600000,-0.600000,-0.600000,-0.600000,-0.600000,-0.600000,0.600000,-0.600000,-0.600000,-0.600000,-0.600000,0.600000,-0.600000,0.611950,0.600000,-0.600000,-0.600000,-0.600000
863,-0.600000,0.600000,-0.600000,1.000000,-0.600000,1.000000,-1.000000,-0.600000,0.600000,-0.600000,-0.600000,0.600000,-0.600000,0.600000,-0.600000,-0.600000,0.600000,-0.600000,-0.600000,-0.651523,-0.604795,0.600000,-0.600000,-0.600000,-0.611950,-0.600000,-0.600000,-0.600000,0.600000,-0.600000,-0.600000,-0.600000,-0.600000,-0.600000,0.600000,-0.000000,0.597599,0.600000,-0.600000,-0.600000,0.600000,-0.600000,0.600000,-0.600000,0.600000,0.600000,0.600000,-0.600000,-0.600000,-0.600000,0.600000,0.600000,-0.600000,0.600000,-0.600000,-0.600000,-0.600000,-0.600000,-0.600000,0.600000,-0.600000,-0.600000,-0.600000,-0.600000,0.600000,-0.600000,0.611950,0.600000,-0.600000,-0.600000,-0.600000
864,-0.600000,0.600000,-0.600000,1.000000,-0.600000,1.000000,-1.000000,-0.600000,0.600000,-0.600000,-0.600000,0.600000,-0.600000,0.600000,-0.600000,-0.600000,0.600000,-0.600000,-0.600000,-0.651523,-0.604795,0.600000,-0.600000,-0.600000,-0.611950,-0.600000,-0.600000,-0.600000,0.600000,-0.600000,-0.600000,-0.600000,-0.600000,-0.600000,0.600000,-0.000000,0.597599,0.600000,-0.600000,-0.600000,0.600000,-0.600000,0.600000,-0.600000,0.600000,0.600000,0.600000,-0.600000,-0.600000,-0.600000,0.600000,0.600000,-0.600000,0.600000,-0.600000,-0.600000,-0.600000,-0.600000,-0.600000,0.600000,-0.600000,-0.600000,-0.600000,-0.600000,0.600000,-0.600000,0.611950,0.600000,-0.600000,-0.600000,-0.600000
865,-0.600000,0.600000,-0.600000,1.000000,-0.600000,1.000000,-1.000000,-0.600000,0.600000,-0.600000,-0.600000,0.600000,-0.600000,0.600000,-0.600000,-0.600000,0.600000,-0.600000,-0.600000,-0.651523,-0.604795,0.600000,-0.600000,-0.600000,-0.611950,-0.600000,-0.600000,-0.600000,0.600000,-0.600000,-0.600000,-0.600000,-0.600000,-0.600000,0.600000,-0.000000,0.597599,0.600000,-0.600000,-0.600000,0.600000,-0.600000,0.600000,-0.600000,0.600000,0.600000,0.600000,-0.600000,-0.600000,-0.600000,0.600000,0.600000,-0.600000,0.600000,-0.600000,-0.600000,-0.600000,-0.600000,-0.600000,0.600000,-0.600000,-0.600000,-0.600000,-0.600000,0.600000,-0.600000,0.611950,0.600000,-0.600000,-0.600000,-0.600000
866,-0.600000,0.600000,-0.600000,1.000000,-0.600000,1.000000,-1.000000,-0.600000,0.600000,-0.600000,-0.600000,0.600000,-0.600000,0.600000,-0.600000,-0.600000,0.600000,-0.600000,-0.600000,-0.651523,-0.604795,0.600000,-0.600000,-0.600000,-0.611950,-0.600000,-0.600000,-0.600000,0.600000,-0.600000,-0.600000,-0.600000,-0.600000,-0.600000,0.600000,-0.000000,0.597599,0.600000,-0.600000,-0.600000,0.600000,-0.600000,0.600000,-0.600000,0.600000,0.600000,0.600000,-0.600000,-0.600000,-0.600000,0.600000,0.600000,-0.600000,0.600000,-0.600000,-0.600000,-0.600000,-0.600000,-0.600000,0.600000,-0.600000,-0.600000,-0.600000,-0.600000,0.600000,-0.600000,0.611950,0.600000,-0.600000,-0.600000,-0.600000
867,-0.600000,0.600000,-0.600000,1.000000,-0.600000,1.000000,-1.000000,-0.600000,0.600000,-0.600000,-0.600000,0.600000,-0.600000,0.600000,-0.600000,-0.600000,0.600000,-0.600000,-0.600000,-0.651523,-0.604795,0.600000,-0.600000,-0.600000,-0.611950,-0.600000,-0.600000,-0.600000,0.600000,-0.600000,-0.600000,-0.600000,-0.600000,-0.600000,0.600000,-0.000000,0.597599,0.600000,-0.600000,-0.600000,0.600000,-0.600000,0.600000,-0.600000,0.600000,0.600000,0.600000,-0.600000,-0.600000,-0.600000,0.600000,0.600000,-0.600000,0.600000,-0.600000,-0.600000,-0.600000,-0.600000,-0.600000,0.600000,-0.600000,-0.600000,-0.600000,-0.600000,0.600000,-0.600000,0.611950,0.600000,-0.600000,-0.600000,-0.600000
868,-0.600000,0.600000,-0.600000,1.000000,-0.600000,1.000000,-1.000000,-0.600000,0.600000,-0.600000,-0.600000,0.600000,-0.600000,0.600000,-0.600000,-0.600000,0.600000,-0.600000,-0.600000,-0.651523,-0.604795,0.600000,-0.600000,-0.600000,-0.611950,-0.600000,-0.600000,-0.600000,0.600000,-0.600000,-0.600000,-0.600000,-0.600000,-0.600000,0.600000,-0.000000,0.597599,0.600000,-0.600000,-0.600000,0.600000,-0.600000,0.600000,-0.600000,0.600000,0.600000,0.600000,-0.600000,-0.600000,-0.600000,0.600000,0.600000,-0.600000,0.600000,-0.600000,-0.600000,-0.600000,-0.600000,-0.600000,0.600000,-0.600000,-0.600000,-0.600000,-0.600000,0.600000,-0.600000,0.611950,0.600000,-0.600000,-0.600000,-0.600000
869,-0.600000,0.600000,-0.600000,1.000000,-0.600000,1.000000,-1.000000,-0.600000,0.600000,-0.600000,-0.600000,0.600000,-0.600000,0.600000,-0.600000,-0.600000,0.600000,-0.600000,-0.600000,-0.651523,-0.604795,0.600000,-0.600000,-0.600000,-0.611950,-0.600000,-0.600000,-0.600000,0.600000,-0.600000,-0.600000,-0.600000,-0.600000,-0.600000,0.600000,-0.000000,0.597599,0.600000,-0.600000,-0.600000,0.600000,-0.600000,0.600000,-0.600000,0.600000,0.600000,0.600000,-0.600000,-0.600000,-0.600000,0.600000,0.600000,-0.600000,0.600000,-0.600000,-0.600000,-0.600000,-0.600000,-0.600000,0.600000,-0.600000,-0.600000,-0.600000,-0.600000,0.600000,-0.600000,0.611950,0.600000,-0.600000,-0.600000,-0.600000
870,-0.600000,0.600000,-0.600000,1.000000,-0.600000,1.000000,-1.000000,-0.600000,0.600000,-0.600000,-0.600000,0.600000,-0.600000,0.600000,-0.600000,-0.600000,0.600000,-0.600000,-0.600000,-0.651523,-0.604795,0.600000,-0.600000,-0.600000,-0.611950,-0.600000,-0.600000,-0.600000,0.600000,-0.600000,-0.600000,-0.600000,-0.600000,-0.600000,0.600000,-0.000000,0.597599,0.600000,-0.600000,-0.600000,0.600000,-0.600000,0.600000,-0.600000,0.600000,0.600000,0.600000,-0.600000,-0.600000,-0.600000,0.600000,0.600000,-0.600000,0.600000,-0.600000,-0.600000,-0.600000,-0.600000,-0.600000,0.600000,-0.600000,-0.600000,-0.600000,-0.600000,0.600000,-0.600000,0.611950,0.600000,-0.600000,-0.600000,-0.600000
871,-0.600000,0.600000,-0.600000,1.000000,-0.600000,1.000000,-1.000000,-0.600000,0.600000,-0.600000,-0.600000,0.600000,-0.600000,0.600000,-0.600000,-0.600000,0.600000,-0.600000,-0.600000,-0.651523,-0.604795,0.600000,-0.600000,-0.600000,-0.611950,-0.600000,-0.600000,-0.600000,0.600000,-0.600000,-0.600000,-0.600000,-0.600000,-0.600000,0.600000,-0.000000,0.597599,0.600000,-0.600000,-0.600000,0.600000,-0.600000,0.600000,-0.600000,0.600000,0.600000,0.600000,-0.600000,-0.600000,-0.600000,0.600000,0.600000,-0.600000,0.600000,-0.600000,-0.600000,-0.600000,-0.600000,-0.600000,0.600000,-0.600000,-0.600000,-0.600000,-0.600000,0.600000,-0.600000,0.611950,0.600000,-0.600000,-0.600000,-0.600000
872,-0.600000,0.600000,-0.600000,1.000000,-0.600000,1.000000,-1.000000,-0.600000,0.600000,-0.600000,-0.600000,0.600000,-0.600000,0.600000,-0.600000,-0.600000,0.600000,-0.600000,-0.600000,-0.651523,-0.604795,0.600000,-0.600000,-0.600000,-0.611950,-0.600000,-0.600000,-0.600000,0.600000,-0.600000,-0.600000,-0.600000,-0.600000,-0.600000,0.600000,-0.000000,0.597599,0.600000,-0.600000,-0.600000,0.600000,-0.600000,0.600000,-0.600000,0.600000,0.600000,0.600000,-0.600000,-0.600000,-0.600000,0.600000,0.600000,-0.600000,0.600000,-0.600000,-0.600000,-0.600000,-0.600000,-0.600000,0.600000,-0.600000,-0.600000,-0.600000,-0.600000,0.600000,-0.600000,0.611950,0.600000,-0.600000,-0.600000,-0.600000
873,-0.600000,0.600000,-0.600000,1.000000,-0.600000,1.000000,-1.000000,-0.600000,0.600000,-0.600000,-0.600000,0.600000,-0.600000,0.600000,-0.600000,-0.600000,0.600000,-0.600000,-0.600000,-0.651523,-0.604795,0.600000,-0.600000,-0.600000,-0.611950,-0.600000,-0.600000,-0.600000,0.600000,-0.600000,-0.600000,-0.600000,-0.600000,-0.600000,0.600000,-0.000000,0.597599,0.600000,-0.600000,-0.600000,0.600000,-0.600000,0.600000,-0.600000,0.600000,0.600000,0.600000,-0.600000,-0.600000,-0.600000,0.600000,0.600000,-0.600000,0.600000,-0.600000,-0.600000,-0.600000,-0.600000,-0.600000,0.600000,-0.600000,-0.600000,-0.600000,-0.600000,0.600000,-0.600000,0.611950,0.600000,-0.600000,-0.600000,-0.600000
874,-0.600000,0.600000,-0.600000,1.000000,-0.600000,1.000000,-1.000000,-0.600000,0.600000,-0.600000,-0.600000,0.600000,-0.600000,0.600000,-0.600000,-0.600000,0.600000,-0.600000,-0.600000,-0.651523,-0.604795,0.600000,-0.600000,-0.600000,-0.611950,-0.600000,-0.600000,-0.600000,0.600000,-0.600000,-0.600000,-0.600000,-0.600000,-0.600000,0.600000,-0.000000,0.597599,0.600000,-0.600000,-0.600000,0.600000,-0.600000,0.600000,-0.600000,0.600000,0.600000,0.600000,-0.600000,-0.600000,-0.600000,0.600000,0.600000,-0.600000,0.600000,-0.600000,-0.600000,-0.600000,-0.600000,-0.600000,0.600000,-0.600000,-0.600000,-0.600000,-0.600000,0.600000,-0.600000,0.611950,0.600000,-0.600000,-0.600000,-0.600000
875,-0.600000,0.600000,-0.600000,1.000000,-0.600000,1.000000,-1.000000,-0.600000,0.600000,-0.600000,-0.600000,0.600000,-0.600000,0.600000,-0.600000,-0.600000,0.600000,-0.600000,-0.600000,-0.651523,-0.604795,0.600000,-0.600000,-0.600000,-0.611950,-0.600000,-0.600000,-0.600000,0.600000,-0.600000,-0.600000,-0.600000,-0.600000,-0.600000,0.600000,-0.000000,0.597599,0.600000,-0.600000,-0.600000,0.600000,-0.600000,0.600000,-0.600000,0.600000,0.600000,0.600000,-0.600000,-0.600000,-0.600000,0.600000,0.600000,-0.600000,0.600000,-0.600000,-0.600000,-0.600000,-0.600000,-0.600000,0.600000,-0.600000,-0.600000,-0.600000,-0.600000,0.600000,-0.600000,0.611950,0.600000,-0.600000,-0.600000,-0.600000
876,-0.600000,0.600000,-0.600000,1.000000,-0.600000,1.000000,-1.000000,-0.600000,0.600000,-0.600000,-0.600000,0.600000,-0.600000,0.600000,-0.600000,-0.600000,0.600000,-0.600000,-0.600000,-0.651523,-0.604795,0.600000,-0.600000,-0.600000,-0.611950,-0.600000,-0.600000,-0.600000,0.600000,-0.600000,-0.600000,-0.600000,-0.600000,-0.600000,0.600000,-0.000000,0.597599,0.600000,-0.600000,-0.600000,0.600000,-0.600000,0.600000,-0.600000,0.600000,0.600000,0.600000,-0.600000,-0.600000,-0.600000,0.600000,0.600000,-0.600000,0.600000,-0.600000,-0.600000,-0.600000,-0.600000,-0.600000,0.600000,-0.600000,-0.600000,-0.600000,-0.600000,0.600000,-0.600000,0.611950,0.600000,-0.600000,-0.600000,-0.600000
877,-0.600000,0.600000,-0.600000,1.000000,-0.600000,1.000000,-1.000000,-0.600000,0.600000,-0.600000,-0.600000,0.600000,-0.600000,0.600000,-0.600000,-0.600000,0.600000,-0.600000,-0.600000,-0.651523,-0.604795,0.600000,-0.600000,-0.600000,-0.611950,-0.600000,-0.600000,-0.600000,0.600000,-0.600000,-0.600000,-0.600000,-0.600000,-0.600000,0.600000,-0.000000,0.597599,0.600000,-0.600000,-0.600000,0.600000,-0.600000,0.600000,-0.600000,0.600000,0.600000,0.600000,-0.600000,-0.600000,-0.600000,0.600000,0.600000,-0.600000,0.600000,-0.600000,-0.600000,-0.600000,-0.600000,-0.600000,0.600000,-0.600000,-0.600000,-0.600000,-0.600000,0.600000,-0.600000,0.611950,0.600000,-0.600000,-0.600000,-0.600000
878,-0.600000,0.600000,-0.600000,1.000000,-0.600000,1.000000,-1.000000,-0.600000,0.600000,-0.600000,-0.600000,0.600000,-0.600000,0.600000,-0.600000,-0.600000,0.600000,-0.600000,-0.600000,-0.651523,-0.604795,0.600000,-0.600000,-0.600000,-0.611950,-0.600000,-0.600000,-0.600000,0.600000,-0.600000,-0.600000,-0.600000,-0.600000,-0.600000,0.600000,-0.000000,0.597599,0.600000,-0.600000,-0.600000,0.600000,-0.600000,0.600000,-0.600000,0.600000,0.600000,0.600000,-0.600000,-0.600000,-0.600000,0.600000,0.600000,-0.600000,0.600000,-0.600000,-0.600000,-0.600000,-0.600000,-0.600000,0.600000,-0.600000,-0.600000,-0.600000,-0.600000,0.600000,-0.600000,0.611950,0.600000,-0.600000,-0.600000,-0.600000
879,-0.600000,0.600000,-0.600000,1.000000,-0.600000,1.000000,-1.000000,-0.600000,0.600000,-0.600000,-0.600000,0.600000,-0.600000,0.600000,-0.600000,-0.600000,0.600000,-0.600000,-0.600000,-0.651523,-0.604795,0.600000,-0.600000,-0.600000,-0.611950,-0.600000,-0.600000,-0.600000,0.600000,-0.600000,-0.600000,-0.600000,-0.600000,-0.600000,0.600000,-0.000000,0.597599,0.600000,-0.600000,-0.600000,0.600000,-0.600000,0.600000,-0.600000,0.600000,0.600000,0.600000,-0.600000,-0.600000,-0.600000,0.600000,0.600000,-0.600000,0.600000,-0.600000,-0.600000,-0.600000,-0.600000,-0.600000,0.600000,-0.600000,-0.600000,-0.600000,-0.600000,0.600000,-0.600000,0.611950,0.600000,-0.600000,-0.600000,-0.600000
880,-0.600000,0.600000,-0.600000,1.000000,-0.600000,1.000000,-1.000000,-0.600000,0.600000,-0.600000,-0.600000,0.600000,-0.600000,0.600000,-0.600000,-0.600000,0.600000,-0.600000,-0.600000,-0.651523,-0.604795,0.600000,-0.600000,-0.600000,-0.611950,-0.600000,-0.600000,-0.600000,0.600000,-0.600000,-0.600000,-0.600000,-0.600000,-0.600000,0.600000,-0.000000,0.597599,0.600000,-0.600000,-0.600000,0.600000,-0.600000,0.600000,-0.600000,0.600000,0.600000,0.600000,-0.600000,-0.600000,-0.600000,0.600000,0.600000,-0.600000,0.600000,-0.600000,-0.600000,-0.600000,-0.600000,-0.600000,0.600000,-0.600000,-0.600000,-0.600000,-0.600000,0.600000,-0.600000,0.611950,0.600000,-0.600000,-0.600000,-0.600000
881,-0.600000,0.600000,-0.600000,1.000000,-0.600000,1.000000,-1.000000,-0.600000,0.600000,-0.600000,-0.600000,0.600000,-0.600000,0.600000,-0.600000,-0.600000,0.600000,-0.600000,-0.600000,-0.651523,-0.604795,0.600000,-0.600000,-0.600000,-0.611950,-0.600000,-0.600000,-0.600000,0.600000,-0.600000,-0.600000,-0.600000,-0.600000,-0.600000,0.600000,-0.000000,0.597599,0.600000,-0.600000,-0.600000,0.600000,-0.600000,0.600000,-0.600000,0.600000,0.600000,0.600000,-0.600000,-0.600000,-0.600000,0.600000,0.600000,-0.600000,0.600000,-0.600000,-0.600000,-0.600000,-0.600000,-0.600000,0.600000,-0.600000,-0.600000,-0.600000,-0.600000,0.600000,-0.600000,0.611950,0.600000,-0.600000,-0.600000,-0.600000
882,-0.600000,0.600000,-0.600000,1.000000,-0.600000,1.000000,-1.000000,-0.600000,0.600000,-0.600000,-0.600000,0.600000,-0.600000,0.600000,-0.600000,-0.600000,0.600000,-0.600000,-0.600000,-0.651523,-0.604795,0.600000,-0.600000,-0.600000,-0.611950,-0.600000,-0.600000,-0.600000,0.600000,-0.600000,-0.600000,-0.600000,-0.600000,-0.600000,0.600000,-0.000000,0.597599,0.600000,-0.600000,-0.600000,0.600000,-0.600000,0.600000,-0.600000,0.600000,0.600000,0.600000,-0.600000,-0.600000,-0.600000,0.600000,0.600000,-0.600000,0.600000,-0.600000,-0.600000,-0.600000,-0.600000,-0.600000,0.600000,-0.600000,-0.600000,-0.600000,-0.600000,0.600000,-0.600000,0.611950,0.600000,-0.600000,-0.600000,-0.600000
883,-0.600000,0.600000,-0.600000,1.000000,-0.600000,1.000000,-1.000000,-0.600000,0.600000,-0.600000,-0.600000,0.600000,-0.600000,0.600000,-0.600000,-0.600000,0.600000,-0.600000,-0.600000,-0.651523,-0.604795,0.600000,-0.600000,-0.600000,-0.611950,-0.600000,-0.600000,-0.600000,0.600000,-0.600000,-0.600000,-0.600000,-0.600000,-0.600000,0.600000,-0.000000,0.597599,0.600000,-0.600000,-0.600000,0.600000,-0.600000,0.600000,-0.600000,0.600000,0.600000,0.600000,-0.600000,-0.600000,-0.600000,0.600000,0.600000,-0.600000,0.600000,-0.600000,-0.600000,-0.600000,-0.600000,-0.600000,0.600000,-0.600000,-0.600000,-0.600000,-0.600000,0.600000,-0.600000,0.611950,0.600000,-0.600000,-0.600000,-0.600000
884,-0.600000,0.600000,-0.600000,1.000000,-0.600000,1.000000,-1.000000,-0.600000,0.600000,-0.600000,-0.600000,0.600000,-0.600000,0.600000,-0.600000,-0.600000,0.600000,-0.600000,-0.600000,-0.651523,-0.604795,0.600000,-0.600000,-0.600000,-0.611950,-0.600000,-0.600000,-0.600000,0.600000,-0.600000,-0.600000,-0.600000,-0.600000,-0.600000,0.600000,-0.000000,0.597599,0.600000,-0.600000,-0.600000,0.600000,-0.600000,0.600000,-0.600000,0.600000,0.600000,0.600000,-0.600000,-0.600000,-0.600000,0.600000,0.600000,-0.600000,0.600000,-0.600000,-0.600000,-0.600000,-0.600000,-0.600000,0.600000,-0.600000,-0.600000,-0.600000,-0.600000,0.600000,-0.600000,0.611950,0.600000,-0.600000,-0.600000,-0.600000
885,-0.600000,0.600000,-0.600000,1.000000,-0.600000,1.000000,-1.000000,-0.600000,0.600000,-0.600000,-0.600000,0.600000,-0.600000,0.600000,-0.600000,-0.600000,0.600000,-0.600000,-0.600000,-0.651523,-0.604795,0.600000,-0.600000,-0.600000,-0.611950,-0.600000,-0.600000,-0.600000,0.600000,-0.600000,-0.600000,-0.600000,-0.600000,-0.600000,0.600000,-0.000000,0.597599,0.600000,-0.600000,-0.600000,0.600000,-0.600000,0.600000,-0.600000,0.600000,0.600000,0.600000,-0.600000,-0.600000,-0.600000,0.600000,0.600000,-0.600000,0.600000,-0.600000,-0.600000,-0.600000,-0.600000,-0.600000,0.600000,-0.600000,-0.600000,-0.600000,-0.600000,0.600000,-0.600000,0.611950,0.600000,-0.600000,-0.600000,-0.600000
886,-0.600000,0.600000,-0.600000,1.000000,-0.600000,1.000000,-1.000000,-0.600000,0.600000,-0.600000,-0.600000,0.600000,-0.600000,0.600000,-0.600000,-0.600000,0.600000,-0.600000,-0.600000,-0.651523,-0.604795,0.600000,-0.600000,-0.600000,-0.611950,-0.600000,-0.600000,-0.600000,0.600000,-0.600000,-0.600000,-0.600000,-0.600000,-0.600000,0.600000,-0.000000,0.597599,0.600000,-0.600000,-0.600000,0.600000,-0.600000,0.600000,-0.600000,0.600000,0.600000,0.600000,-0.600000,-0.600000,-0.600000,0.600000,0.600000,-0.600000,0.600000,-0.600000,-0.600000,-0.600000,-0.600000,-0.600000,0.600000,-0.600000,-0.600000,-0.600000,-0.600000,0.600000,-0.600000,0.611950,0.600000,-0.600000,-0.600000,-0.600000
887,-0.600000,0.600000,-0.600000,1.000000,-0.600000,1.000000,-1.000000,-0.600000,0.600000,-0.600000,-0.600000,0.600000,-0.600000,0.600000,-0.600000,-0.600000,0.600000,-0.600000,-0.600000,-0.651523,-0.604795,0.600000,-0.600000,-0.600000,-0.611950,-0.600000,-0.600000,-0.600000,0.600000,-0.600000,-0.600000,-0.600000,-0.600000,-0.600000,0.600000,-0.000000,0.597599,0.600000,-0.600000,-0.600000,0.600000,-0.600000,0.600000,-0.600000,0.600000,0.600000,0.600000,-0.600000,-0.600000,-0.600000,0.600000,0.600000,-0.600000,0.600000,-0.600000,-0.600000,-0.600000,-0.600000,-0.600000,0.600000,-0.600000,-0.600000,-0.600000,-0.600000,0.600000,-0.600000,0.611950,0.600000,-0.600000,-0.600000,-0.600000
888,-0.600000,0.600000,-0.600000,1.000000,-0.600000,1.000000,-1.000000,-0.600000,0.600000,-0.600000,-0.600000,0.600000,-0.600000,0.600000,-0.600000,-0.600000,0.600000,-0.600000,-0.600000,-0.651523,-0.604795,0.600000,-0.600000,-0.600000,-0.611950,-0.600000,-0.600000,-0.600000,0.600000,-0.600000,-0.600000,-0.600000,-0.600000,-0.600000,0.600000,-0.000000,0.597599,0.600000,-0.600000,-0.600000,0.600000,-0.600000,0.600000,-0.600000,0.600000,0.600000,0.600000,-0.600000,-0.600000,-0.600000,0.600000,0.600000,-0.600000,0.600000,-0.600000,-0.600000,-0.600000,-0.600000,-0.600000,0.600000,-0.600000,-0.600000,-0.600000,-0.600000,0.600000,-0.600000,0.611950,0.600000,-0.600000,-0.600000,-0.600000
889,-0.600000,0.600000,-0.600000,1.000000,-0.600000,1.000000,-1.000000,-0.600000,0.600000,-0.600000,-0.600000,0.600000,-0.600000,0.600000,-0.600000,-0.600000,0.600000,-0.600000,-0.600000,-0.651523,-0.604795,0.600000,-0.600000,-0.600000,-0.611950,-0.600000,-0.600000,-0.600000,0.600000,-0.600000,-0.600000,-0.600000,-0.600000,-0.600000,0.600000,-0.000000,0.597599,0.600000,-0.600000,-0.600000,0.600000,-0.600000,0.600000,-0.600000,0.600000,0.600000,0.600000,-0.600000,-0.600000,-0.600000,0.600000,0.600000,-0.600000,0.600000,-0.600000,-0.600000,-0.600000,-0.600000,-0.600000,0.600000,-0.600000,-0.600000,-0.600000,-0.600000,0.600000,-0.600000,0.611950,0.600000,-0.600000,-0.600000,-0.600000
890,-0.600000,0.600000,-0.600000,1.000000,-0.600000,1.000000,-1.000000,-0.600000,0.600000,-0.600000,-0.600000,0.600000,-0.600000,0.600000,-0.600000,-0.600000,0.600000,-0.600000,-0.600000,-0.651523,-0.604795,0.600000,-0.600000,-0.600000,-0.611950,-0.600000,-0.600000,-0.600000,0.600000,-0.600000,-0.600000,-0.600000,-0.600000,-0.600000,0.600000,-0.000000,0.597599,0.600000,-0.600000,-0.600000,0.600000,-0.600000,0.600000,-0.600000,0.600000,0.600000,0.600000,-0.600000,-0.600000,-0.600000,0.600000,0.600000,-0.600000,0.600000,-0.600000,-0.600000,-0.600000,-0.600000,-0.600000,0.600000,-0.600000,-0.600000,-0.600000,-0.600000,0.600000,-0.600000,0.611950,0.600000,-0.600000,-0.600000,-0.600000
891,-0.600000,0.600000,-0.600000,1.000000,-0.600000,1.000000,-1.000000,-0.600000,0.600000,-0.600000,-0.600000,0.600000,-0.600000,0.600000,-0.600000,-0.600000,0.600000,-0.600000,-0.600000,-0.651523,-0.604795,0.600000,-0.600000,-0.600000,-0.611950,-0.600000,-0.600000,-0.600000,0.600000,-0.600000,-0.600000,-0.600000,-0.600000,-0.600000,0.600000,-0.000000,0.597599,0.600000,-0.600000,-0.600000,0.600000,-0.600000,0.600000,-0.600000,0.600000,0.600000,0.600000,-0.600000,-0.600000,-0.600000,0.600000,0.600000,-0.600000,0.600000,-0.600000,-0.600000,-0.600000,-0.600000,-0.600000,0.600000,-0.600000,-0.600000,-0.600000,-0.600000,0.600000,-0.600000,0.611950,0.600000,-0.600000,-0.600000,-0.600000
892,-0.600000,0.600000,-0.600000,1.000000,-0.600000,1.000000,-1.000000,-0.600000,0.600000,-0.600000,-0.600000,0.600000,-0.600000,0.600000,-0.600000,-0.600000,0.600000,-0.600000,-0.600000,-0.651523,-0.604795,0.600000,-0.600000,-0.600000,-0.611950,-0.600000,-0.600000,-0.600000,0.600000,-0.600000,-0.600000,-0.600000,-0.600000,-0.600000,0.600000,-0.000000,0.597599,0.600000,-0.600000,-0.600000,0.600000,-0.600000,0.600000,-0.600000,0.600000,0.600000,0.600000,-0.600000,-0.600000,-0.600000,0.600000,0.600000,-0.600000,0.600000,-0.600000,-0.600000,-0.600000,-0.600000,-0.600000,0.600000,-0.600000,-0.600000,-0.600000,-0.600000,0.600000,-0.600000,0.611950,0.600000,-0.600000,-0.600000,-0.600000
893,-0.600000,0.600000,-0.600000,1.000000,-0.600000,1.000000,-1.000000,-0.600000,0.600000,-0.600000,-0.600000,0.600000,-0.600000,0.600000,-0.600000,-0.600000,0.600000,-0.600000,-0.600000,-0.651523,-0.604795,0.600000,-0.600000,-0.600000,-0.611950,-0.600000,-0.600000,-0.600000,0.600000,-0.600000,-0.600000,-0.600000,-0.600000,-0.600000,0.600000,-0.000000,0.597599,0.600000,-0.600000,-0.600000,0.600000,-0.600000,0.600000,-0.600000,0.600000,0.600000,0.600000,-0.600000,-0.600000,-0.600000,0.600000,0.600000,-0.600000,0.600000,-0.600000,-0.600000,-0.600000,-0.600000,-0.600000,0.600000,-0.600000,-0.600000,-0.600000,-0.600000,0.600000,-0.600000,0.611950,0.600000,-0.600000,-0.600000,-0.600000
894,-0.600000,0.600000,-0.600000,1.000000,-0.600000,1.000000,-1.000000,-0.600000,0.600000,-0.600000,-0.600000,0.600000,-0.600000,0.600000,-0.600000,-0.600000,0.600000,-0.600000,-0.600000,-0.651523,-0.604795,0.600000,-0.600000,-0.600000,-0.611950,-0.600000,-0.600000,-0.600000,0.600000,-0.600000,-0.600000,-0.600000,-0.600000,-0.600000,0.600000,-0.000000,0.597599,0.600000,-0.600000,-0.600000,0.600000,-0.600000,0.600000,-0.600000,0.600000,0.600000,0.600000,-0.600000,-0.600000,-0.600000,0.600000,0.600000,-0.600000,0.600000,-0.600000,-0.600000,-0.600000,-0.600000,-0.600000,0.600000,-0.600000,-0.600000,-0.600000,-0.600000,0.600000,-0.600000,0.611950,0.600000,-0.600000,-0.600000,-0.600000
895,-0.600000,0.600000,-0.600000,1.000000,-0.600000,1.000000,-1.000000,-0.600000,0.600000,-0.600000,-0.600000,0.600000,-0.600000,0.600000,-0.600000,-0.600000,0.600000,-0.600000,-0.600000,-0.651523,-0.604795,0.600000,-0.600000,-0.600000,-0.611950,-0.600000,-0.600000,-0.600000,0.600000,-0.600000,-0.600000,-0.600000,-0.600000,-0.600000,0.600000,-0.000000,0.597599,0.600000,-0.600000,-0.600000,0.600000,-0.600000,0.600000,-0.600000,0.600000,0.600000,0.600000,-0.600000,-0.600000,-0.600000,0.600000,0.600000,-0.600000,0.600000,-0.600000,-0.600000,-0.600000,-0.600000,-0.600000,0.600000,-0.600000,-0.600000,-0.600000,-0.600000,0.600000,-0.600000,0.611950,0.600000,-0.600000,-0.600000,-0.600000
896,-0.600000,0.600000,-0.600000,1.000000,-0.600000,1.000000,-1.000000,-0.600000,0.600000,-0.600000,-0.600000,0.600000,-0.600000,0.600000,-0.600000,-0.600000,0.600000,-0.600000,-0.600000,-0.651523,-0.604795,0.600000,-0.600000,-0.600000,-0.611950,-0.600000,-0.600000,-0.600000,0.600000,-0.600000,-0.600000,-0.600000,-0.600000,-0.600000,0.600000,-0.000000,0.597599,0.600000,-0.600000,-0.600000,0.600000,-0.600000,0.600000,-0.600000,0.600000,0.600000,0.600000,-0.600000,-0.600000,-0.600000,0.600000,0.600000,-0.600000,0.600000,-0.600000,-0.600000,-0.600000,-0.600000,-0.600000,0.600000,-0.600000,-0.600000,-0.600000,-0.600000,0.600000,-0.600000,0.611950,0.600000,-0.600000,-0.600000,-0.600000
897,-0.600000,0.600000,-0.600000,1.000000,-0.600000,1.000000,-1.000000,-0.600000,0.600000,-0.600000,-0.600000,0.600000,-0.600000,0.600000,-0.600000,-0.600000,0.600000,-0.600000,-0.600000,-0.651523,-0.604795,0.600000,-0.600000,-0.600000,-0.611950,-0.600000,-0.600000,-0.600000,0.600000,-0.600000,-0.600000,-0.600000,-0.600000,-0.600000,0.600000,-0.000000,0.597599,0.600000,-0.600000,-0.600000,0.600000,-0.600000,0.600000,-0.600000,0.600000,0.600000,0.600000,-0.600000,-0.600000,-0.600000,0.600000,0.600000,-0.600000,0.600000,-0.600000,-0.600000,-0.600000,-0.600000,-0.600000,0.600000,-0.600000,-0.600000,-0.600000,-0.600000,0.600000,-0.600000,0.611950,0.600000,-0.600000,-0.600000,-0.600000
898,-0.600000,0.600000,-0.600000,1.000000,-0.600000,1.000000,-1.000000,-0.600000,0.600000,-0.600000,-0.600000,0.600000,-0.600000,0.600000,-0.600000,-0.600000,0.600000,-0.600000,-0.600000,-0.651523,-0.604795,0.600000,-0.600000,-0.600000,-0.611950,-0.600000,-0.600000,-0.600000,0.600000,-0.600000,-0.600000,-0.600000,-0.600000,-0.600000,0.600000,-0.000000,0.597599,0.600000,-0.600000,-0.600000,0.600000,-0.600000,0.600000,-0.600000,0.600000,0.600000,0.600000,-0.600000,-0.600000,-0.600000,0.600000,0.600000,-0.600000,0.600000,-0.600000,-0.600000,-0.600000,-0.600000,-0.600000,0.600000,-0.600000,-0.600000,-0.600000,-0.600000,0.600000,-0.600000,0.611950,0.600000,-0.600000,-0.600000,-0.600000
899,-0.600000,0.600000,-0.600000,1.000000,-0.600000,1.000000,-1.000000,-0.600000,0.600000,-0.600000,-0.600000,0.600000,-0.600000,0.600000,-0.600000,-0.600000,0.600000,-0.600000,-0.600000,-0.651523,-0.604795,0.600000,-0.600000,-0.600000,-0.611950,-0.600000,-0.600000,-0.600000,0.600000,-0.600000,-0.600000,-0.600000,-0.600000,-0.600000,0.600000,-0.000000,0.597599,0.600000,-0.600000,-0.600000,0.600000,-0.600000,0.600000,-0.600000,0.600000,0.600000,0.600000,-0.600000,-0.600000,-0.600000,0.600000,0.600000,-0.600000,0.600000,-0.600000,-0.600000,-0.600000,-0.600000,-0.600000,0.600000,-0.600000,-0.600000,-0.600000,-0.600000,0.600000,-0.600000,0.611950,0.600000,-0.600000,-0.600000,-0.600000
900,-0.600000,0.600000,-0.600000,1.000000,-0.600000,1.000000,-1.000000,-0.600000,0.600000,-0.600000,-0.600000,0.600000,-0.600000,0.600000,-0.600000,-0.600000,0.600000,-0.600000,-0.600000,-0.651523,-0.604795,0.600000,-0.600000,-0.600000,-0.611950,-0.600000,-0.600000,-0.600000,0.600000,-0.600000,-0.600000,-0.600000,-0.600000,-0.600000,0.600000,-0.000000,0.597599,0.600000,-0.600000,-0.600000,0.600000,-0.600000,0.600000,-0.600000,0.600000,0.600000,0.600000,-0.600000,-0.600000,-0.600000,0.600000,0.600000,-0.600000,0.600000,-0.600000,-0.600000,-0.600000,-0.600000,-0.600000,0.600000,-0.600000,-0.600000,-0.600000,-0.600000,0.600000,-0.600000,0.611950,0.600000,-0.600000,-0.600000,-0.600000
901,-0.600000,0.600000,-0.600000,1.000000,-0.600000,1.000000,-1.000000,-0.600000,0.600000,-0.600000,-0.600000,0.600000,-0.600000,0.600000,-0.600000,-0.600000,0.600000,-0.600000,-0.600000,-0.651523,-0.604795,0.600000,-0.600000,-0.600000,-0.611950,-0.600000,-0.600000,-0.600000,0.600000,-0.600000,-0.600000,-0.600000,-0.600000,-0.600000,0.600000,-0.000000,0.597599,0.600000,-0.600000,-0.600000,0.600000,-0.600000,0.600000,-0.600000,0.600000,0.600000,0.600000,-0.600000,-0.600000,-0.600000,0.600000,0.600000,-0.600000,0.600000,-0.600000,-0.600000,-0.600000,-0.600000,-0.600000,0.600000,-0.600000,-0.600000,-0.600000,-0.600000,0.600000,-0.600000,0.611950,0.600000,-0.600000,-0.600000,-0.600000
902,-0.600000,0.600000,-0.600000,1.000000,-0.600000,1.000000,-1.000000,-0.600000,0.600000,-0.600000,-0.600000,0.600000,-0.600000,0.600000,-0.600000,-0.600000,0.600000,-0.600000,-0.600000,-0.651523,-0.604795,0.600000,-0.600000,-0.600000,-0.611950,-0.600000,-0.600000,-0.600000,0.600000,-0.600000,-0.600000,-0.600000,-0.600000,-0.600000,0.600000,-0.000000,0.597599,0.600000,-0.600000,-0.600000,0.600000,-0.600000,0.600000,-0.600000,0.600000,0.600000,0.600000,-0.600000,-0.600000,-0.600000,0.600000,0.600000,-0.600000,0.600000,-0.600000,-0.600000,-0.600000,-0.600000,-0.600000,0.600000,-0.600000,-0.600000,-0.600000,-0.600000,0.600000,-0.600000,0.611950,0.600000,-0.600000,-0.600000,-0.600000
903,-0.600000,0.600000,-0.600000,1.000000,-0.600000,1.000000,-1.000000,-0.600000,0.600000,-0.600000,-0.600000,0.600000,-0.600000,0.600000,-0.600000,-0.600000,0.600000,-0.600000,-0.600000,-0.651523,-0.604795,0.600000,-0.600000,-0.600000,-0.611950,-0.600000,-0.600000,-0.600000,0.600000,-0.600000,-0.600000,-0.600000,-0.600000,-0.600000,0.600000,-0.000000,0.597599,0.600000,-0.600000,-0.600000,0.600000,-0.600000,0.600000,-0.600000,0.600000,0.600000,0.600000,-0.600000,-0.600000,-0.600000,0.600000,0.600000,-0.600000,0.600000,-0.600000,-0.600000,-0.600000,-0.600000,-0.600000,0.600000,-0.600000,-0.600000,-0.600000,-0.600000,0.600000,-0.600000,0.611950,0.600000,-0.600000,-0.600000,-0.600000
904,-0.600000,0.600000,-0.600000,1.000000,-0.600000,1.000000,-1.000000,-0.600000,0.600000,-0.600000,-0.600000,0.600000,-0.600000,0.600000,-0.600000,-0.600000,0.600000,-0.600000,-0.600000,-0.651523,-0.604795,0.600000,-0.600000,-0.600000,-0.611950,-0.600000,-0.600000,-0.600000,0.600000,-0.600000,-0.600000,-0.600000,-0.600000,-0.600000,0.600000,-0.000000,0.597599,0.600000,-0.600000,-0.600000,0.600000,-0.600000,0.600000,-0.600000,0.600000,0.600000,0.600000,-0.600000,-0.600000,-0.600000,0.600000,0.600000,-0.600000,0.600000,-0.600000,-0.600000,-0.600000,-0.600000,-0.600000,0.600000,-0.600000,-0.600000,-0.600000,-0.600000,0.600000,-0.600000,0.611950,0.600000,-0.600000,-0.600000,-0.600000
905,-0.600000,0.600000,-0.600000,1.000000,-0.600000,1.000000,-1.000000,-0.600000,0.600000,-0.600000,-0.600000,0.600000,-0.600000,0.600000,-0.600000,-0.600000,0.600000,-0.600000,-0.600000,-0.651523,-0.604795,0.600000,-0.600000,-0.600000,-0.611950,-0.600000,-0.600000,-0.600000,0.600000,-0.600000,-0.600000,-0.600000,-0.600000,-0.600000,0.600000,-0.000000,0.597599,0.600000,-0.600000,-0.600000,0.600000,-0.600000,0.600000,-0.600000,0.600000,0.600000,0.600000,-0.600000,-0.600000,-0.600000,0.600000,0.600000,-0.600000,0.600000,-0.600000,-0.600000,-0.600000,-0.600000,-0.600000,0.600000,-0.600000,-0.600000,-0.600000,-0.600000,0.600000,-0.600000,0.611950,0.600000,-0.600000,-0.600000,-0.600000
906,-0.600000,0.600000,-0.600000,1.000000,-0.600000,1.000000,-1.000000,-0.600000,0.600000,-0.600000,-0.600000,0.600000,-0.600000,0.600000,-0.600000,-0.600000,0.600000,-0.600000,-0.600000,-0.651523,-0.604795,0.600000,-0.600000,-0.600000,-0.611950,-0.600000,-0.600000,-0.600000,0.600000,-0.600000,-0.600000,-0.600000,-0.600000,-0.600000,0.600000,-0.000000,0.597599,0.600000,-0.600000,-0.600000,0.600000,-0.600000,0.600000,-0.600000,0.600000,0.600000,0.600000,-0.600000,-0.600000,-0.600000,0.600000,0.600000,-0.600000,0.600000,-0.600000,-0.600000,-0.600000,-0.600000,-0.600000,0.600000,-0.600000,-0.600000,-0.600000,-0.600000,0.600000,-0.600000,0.611950,0.600000,-0.600000,-0.600000,-0.600000
907,-0.600000,0.600000,-0.600000,1.000000,-0.600000,1.000000,-1.000000,-0.600000,0.600000,-0.600000,-0.600000,0.600000,-0.600000,0.600000,-0.600000,-0.600000,0.600000,-0.600000,-0.600000,-0.651523,-0.604795,0.600000,-0.600000,-0.600000,-0.611950,-0.600000,-0.600000,-0.600000,0.600000,-0.600000,-0.600000,-0.600000,-0.600000,-0.600000,0.600000,-0.000000,0.597599,0.600000,-0.600000,-0.600000,0.600000,-0.600000,0.600000,-0.600000,0.600000,0.600000,0.600000,-0.600000,-0.600000,-0.600000,0.600000,0.600000,-0.600000,0.600000,-0.600000,-0.600000,-0.600000,-0.600000,-0.600000,0.600000,-0.600000,-0.600000,-0.600000,-0.600000,0.600000,-0.600000,0.611950,0.600000,-0.600000,-0.600000,-0.600000
908,-0.600000,0.600000,-0.600000,1.000000,-0.600000,1.000000,-1.000000,-0.600000,0.600000,-0.600000,-0.600000,0.600000,-0.600000,0.600000,-0.600000,-0.600000,0.600000,-0.600000,-0.600000,-0.651523,-0.604795,0.600000,-0.600000,-0.600000,-0.611950,-0.600000,-0.600000,-0.600000,0.600000,-0.600000,-0.600000,-0.600000,-0.600000,-0.600000,0.600000,-0.000000,0.597599,0.600000,-0.600000,-0.600000,0.600000,-0.600000,0.600000,-0.600000,0.600000,0.600000,0.600000,-0.600000,-0.600000,-0.600000,0.600000,0.600000,-0.600000,0.600000,-0.600000,-0.600000,-0.600000,-0.600000,-0.600000,0.600000,-0.600000,-0.600000,-0.600000,-0.600000,0.600000,-0.600000,0.611950,0.600000,-0.600000,-0.600000,-0.600000
909,-0.600000,0.600000,-0.600000,1.000000,-0.600000,1.000000,-1.000000,-0.600000,0.600000,-0.600000,-0.600000,0.600000,-0.600000,0.600000,-0.600000,-0.600000,0.600000,-0.600000,-0.600000,-0.651523,-0.604795,0.600000,-0.600000,-0.600000,-0.611950,-0.600000,-0.600000,-0.600000,0.600000,-0.600000,-0.600000,-0.600000,-0.600000,-0.600000,0.600000,-0.000000,0.597599,0.600000,-0.600000,-0.600000,0.600000,-0.600000,0.600000,-0.600000,0.600000,0.600000,0.600000,-0.600000,-0.600000,-0.600000,0.600000,0.600000,-0.600000,0.600000,-0.600000,-0.600000,-0.600000,-0.600000,-0.600000,0.600000,-0.600000,-0.600000,-0.600000,-0.600000,0.600000,-0.600000,0.611950,0.600000,-0.600000,-0.600000,-0.600000
910,-0.600000,0.600000,-0.600000,1.000000,-0.600000,1.000000,-1.000000,-0.600000,0.600000,-0.600000,-0.600000,0.600000,-0.600000,0.600000,-0.600000,-0.600000,0.600000,-0.600000,-0.600000,-0.651523,-0.604795,0.600000,-0.600000,-0.600000,-0.611950,-0.600000,-0.600000,-0.600000,0.600000,-0.600000,-0.600000,-0.600000,-0.600000,-0.600000,0.600000,-0.000000,0.597599,0.600000,-0.600000,-0.600000,0.600000,-0.600000,0.600000,-0.600000,0.600000,0.600000,0.600000,-0.600000,-0.600000,-0.600000,0.600000,0.600000,-0.600000,0.600000,-0.600000,-0.600000,-0.600000,-0.600000,-0.600000,0.600000,-0.600000,-0.600000,-0.600000,-0.600000,0.600000,-0.600000,0.611950,0.600000,-0.600000,-0.600000,-0.600000
911,-0.600000,0.600000,-0.600000,1.000000,-0.600000,1.000000,-1.000000,-0.600000,0.600000,-0.600000,-0.600000,0.600000,-0.600000,0.600000,-0.600000,-0.600000,0.600000,-0.600000,-0.600000,-0.651523,-0.604795,0.600000,-0.600000,-0.600000,-0.611950,-0.600000,-0.600000,-0.600000,0.600000,-0.600000,-0.600000,-0.600000,-0.600000,-0.600000,0.600000,-0.000000,0.597599,0.600000,-0.600000,-0.600000,0.600000,-0.600000,0.600000,-0.600000,0.600000,0.600000,0.600000,-0.600000,-0.600000,-0.600000,0.600000,0.600000,-0.600000,0.600000,-0.600000,-0.600000,-0.600000,-0.600000,-0.600000,0.600000,-0.600000,-0.600000,-0.600000,-0.600000,0.600000,-0.600000,0.611950,0.600000,-0.600000,-0.600000,-0.600000
912,-0.600000,0.600000,-0.600000,1.000000,-0.600000,1.000000,-1.000000,-0.600000,0.600000,-0.600000,-0.600000,0.600000,-0.600000,0.600000,-0.600000,-0.600000,0.600000,-0.600000,-0.600000,-0.651523,-0.604795,0.600000,-0.600000,-0.600000,-0.611950,-0.600000,-0.600000,-0.600000,0.600000,-0.600000,-0.600000,-0.600000,-0.600000,-0.600000,0.600000,-0.000000,0.597599,0.600000,-0.600000,-0.600000,0.600000,-0.600000,0.600000,-0.600000,0.600000,0.600000,0.600000,-0.600000,-0.600000,-0.600000,0.600000,0.600000,-0.600000,0.600000,-0.600000,-0.600000,-0.600000,-0.600000,-0.600000,0.600000,-0.600000,-0.600000,-0.600000,-0.600000,0.600000,-0.600000,0.611950,0.600000,-0.600000,-0.600000,-0.600000
913,-0.600000,0.600000,-0.600000,1.000000,-0.600000,1.000000,-1.000000,-0.600000,0.600000,-0.600000,-0.600000,0.600000,-0.600000,0.600000,-0.600000,-0.600000,0.600000,-0.600000,-0.600000,-0.651523,-0.604795,0.600000,-0.600000,-0.600000,-0.611950,-0.600000,-0.600000,-0.600000,0.600000,-0.600000,-0.600000,-0.600000,-0.600000,-0.600000,0.600000,-0.000000,0.597599,0.600000,-0.600000,-0.600000,0.600000,-0.600000,0.600000,-0.600000,0.600000,0.600000,0.600000,-0.600000,-0.600000,-0.600000,0.600000,0.600000,-0.600000,0.600000,-0.600000,-0.600000,-0.600000,-0.600000,-0.600000,0.600000,-0.600000,-0.600000,-0.600000,-0.600000,0.600000,-0.600000,0.611950,0.600000,-0.600000,-0.600000,-0.600000
914,-0.600000,0.600000,-0.600000,1.000000,-0.600000,1.000000,-1.000000,-0.600000,0.600000,-0.600000,-0.600000,0.600000,-0.600000,0.600000,-0.600000,-0.600000,0.600000,-0.600000,-0.600000,-0.651523,-0.604795,0.600000,-0.600000,-0.600000,-0.611950,-0.600000,-0.600000,-0.600000,0.600000,-0.600000,-0.600000,-0.600000,-0.600000,-0.600000,0.600000,-0.000000,0.597599,0.600000,-0.600000,-0.600000,0.600000,-0.600000,0.600000,-0.600000,0.600000,0.600000,0.600000,-0.600000,-0.600000,-0.600000,0.600000,0.600000,-0.600000,0.600000,-0.600000,-0.600000,-0.600000,-0.600000,-0.600000,0.600000,-0.600000,-0.600000,-0.600000,-0.600000,0.600000,-0.600000,0.611950,0.600000,-0.600000,-0.600000,-0.600000
915,-0.600000,0.600000,-0.600000,1.000000,-0.600000,1.000000,-1.000000,-0.600000,0.600000,-0.600000,-0.600000,0.600000,-0.600000,0.600000,-0.600000,-0.600000,0.600000,-0.600000,-0.600000,-0.651523,-0.604795,0.600000,-0.600000,-0.600000,-0.611950,-0.600000,-0.600000,-0.600000,0.600000,-0.600000,-0.600000,-0.600000,-0.600000,-0.600000,0.600000,-0.000000,0.597599,0.600000,-0.600000,-0.600000,0.600000,-0.600000,0.600000,-0.600000,0.600000,0.600000,0.600000,-0.600000,-0.600000,-0.600000,0.600000,0.600000,-0.600000,0.600000,-0.600000,-0.600000,-0.600000,-0.600000,-0.600000,0.600000,-0.600000,-0.600000,-0.600000,-0.600000,0.600000,-0.600000,0.611950,0.600000,-0.600000,-0.600000,-0.600000
916,-0.600000,0.600000,-0.600000,1.000000,-0.600000,1.000000,-1.000000,-0.600000,0.600000,-0.600000,-0.600000,0.600000,-0.600000,0.600000,-0.600000,-0.600000,0.600000,-0.600000,-0.600000,-0.651523,-0.604795,0.600000,-0.600000,-0.600000,-0.611950,-0.600000,-0.600000,-0.600000,0.600000,-0.600000,-0.600000,-0.600000,-0.600000,-0.600000,0.600000,-0.000000,0.597599,0.600000,-0.600000,-0.600000,0.600000,-0.600000,0.600000,-0.600000,0.600000,0.600000,0.600000,-0.600000,-0.600000,-0.600000,0.600000,0.600000,-0.600000,0.600000,-0.600000,-0.600000,-0.600000,-0.600000,-0.600000,0.600000,-0.600000,-0.600000,-0.600000,-0.600000,0.600000,-0.600000,0.611950,0.600000,-0.600000,-0.600000,-0.600000
917,-0.600000,0.600000,-0.600000,1.000000,-0.600000,1.000000,-1.000000,-0.600000,0.600000,-0.600000,-0.600000,0.600000,-0.600000,0.600000,-0.600000,-0.600000,0.600000,-0.600000,-0.600000,-0.651523,-0.604795,0.600000,-0.600000,-0.600000,-0.611950,-0.600000,-0.600000,-0.600000,0.600000,-0.600000,-0.600000,-0.600000,-0.600000,-0.600000,0.600000,-0.000000,0.597599,0.600000,-0.600000,-0.600000,0.600000,-0.600000,0.600000,-0.600000,0.600000,0.600000,0.600000,-0.600000,-0.600000,-0.600000,0.600000,0.600000,-0.600000,0.600000,-0.600000,-0.600000,-0.600000,-0.600000,-0.600000,0.600000,-0.600000,-0.600000,-0.600000,-0.600000,0.600000,-0.600000,0.611950,0.600000,-0.600000,-0.600000,-0.600000
918,-0.600000,0.600000,-0.600000,1.000000,-0.600000,1.000000,-1.000000,-0.600000,0.600000,-0.600000,-0.600000,0.600000,-0.600000,0.600000,-0.600000,-0.600000,0.600000,-0.600000,-0.600000,-0.651523,-0.604795,0.600000,-0.600000,-0.600000,-0.611950,-0.600000,-0.600000,-0.600000,0.600000,-0.600000,-0.600000,-0.600000,-0.600000,-0.600000,0.600000,-0.000000,0.597599,0.600000,-0.600000,-0.600000,0.600000,-0.600000,0.600000,-0.600000,0.600000,0.600000,0.600000,-0.600000,-0.600000,-0.600000,0.600000,0.600000,-0.600000,0.600000,-0.600000,-0.600000,-0.600000,-0.600000,-0.600000,0.600000,-0.600000,-0.600000,-0.600000,-0.600000,0.600000,-0.600000,0.611950,0.600000,-0.600000,-0.600000,-0.600000
919,-0.600000,0.600000,-0.600000,1.000000,-0.600000,1.000000,-1.000000,-0.600000,0.600000,-0.600000,-0.600000,0.600000,-0.600000,0.600000,-0.600000,-0.600000,0.600000,-0.600000,-0.600000,-0.651523,-0.604795,0.600000,-0.600000,-0.600000,-0.611950,-0.600000,-0.600000,-0.600000,0.600000,-0.600000,-0.600000,-0.600000,-0.600000,-0.600000,0.600000,-0.000000,0.597599,0.600000,-0.600000,-0.600000,0.600000,-0.600000,0.600000,-0.600000,0.600000,0.600000,0.600000,-0.600000,-0.600000,-0.600000,0.600000,0.600000,-0.600000,0.600000,-0.600000,-0.600000,-0.600000,-0.600000,-0.600000,0.600000,-0.600000,-0.600000,-0.600000,-0.600000,0.600000,-0.600000,0.611950,0.600000,-0.600000,-0.600000,-0.600000
920,-0.600000,0.600000,-0.600000,1.000000,-0.600000,1.000000,-1.000000,-0.600000,0.600000,-0.600000,-0.600000,0.600000,-0.600000,0.600000,-0.600000,-0.600000,0.600000,-0.600000,-0.600000,-0.651523,-0.604795,0.600000,-0.600000,-0.600000,-0.611950,-0.600000,-0.600000,-0.600000,0.600000,-0.600000,-0.600000,-0.600000,-0.600000,-0.600000,0.600000,-0.000000,0.597599,0.600000,-0.600000,-0.600000,0.600000,-0.600000,0.600000,-0.600000,0.600000,0.600000,0.600000,-0.600000,-0.600000,-0.600000,0.600000,0.600000,-0.600000,0.600000,-0.600000,-0.600000,-0.600000,-0.600000,-0.600000,0.600000,-0.600000,-0.600000,-0.600000,-0.600000,0.600000,-0.600000,0.611950,0.600000,-0.600000,-0.600000,-0.600000
921,-0.600000,0.600000,-0.600000,1.000000,-0.600000,1.000000,-1.000000,-0.600000,0.600000,-0.600000,-0.600000,0.600000,-0.600000,0.600000,-0.600000,-0.600000,0.600000,-0.600000,-0.600000,-0.651523,-0.604795,0.600000,-0.600000,-0.600000,-0.611950,-0.600000,-0.600000,-0.600000,0.600000,-0.600000,-0.600000,-0.600000,-0.600000,-0.600000,0.600000,-0.000000,0.597599,0.600000,-0.600000,-0.600000,0.600000,-0.600000,0.600000,-0.600000,0.600000,0.600000,0.600000,-0.600000,-0.600000,-0.600000,0.600000,0.600000,-0.600000,0.600000,-0.600000,-0.600000,-0.600000,-0.600000,-0.600000,0.600000,-0.600000,-0.600000,-0.600000,-0.600000,0.600000,-0.600000,0.611950,0.600000,-0.600000,-0.600000,-0.600000
922,-0.600000,0.600000,-0.600000,1.000000,-0.600000,1.000000,-1.000000,-0.600000,0.600000,-0.600000,-0.600000,0.600000,-0.600000,0.600000,-0.600000,-0.600000,0.600000,-0.600000,-0.600000,-0.651523,-0.604795,0.600000,-0.600000,-0.600000,-0.611950,-0.600000,-0.600000,-0.600000,0.600000,-0.600000,-0.600000,-0.600000,-0.600000,-0.600000,0.600000,-0.000000,0.597599,0.600000,-0.600000,-0.600000,0.600000,-0.600000,0.600000,-0.600000,0.600000,0.600000,0.600000,-0.600000,-0.600000,-0.600000,0.600000,0.600000,-0.600000,0.600000,-0.600000,-0.600000,-0.600000,-0.600000,-0.600000,0.600000,-0.600000,-0.600000,-0.600000,-0.600000,0.600000,-0.600000,0.611950,0.600000,-0.600000,-0.600000,-0.600000
923,-0.600000,0.600000,-0.600000,1.000000,-0.600000,1.000000,-1.000000,-0.600000,0.600000,-0.600000,-0.600000,0.600000,-0.600000,0.600000,-0.600000,-0.600000,0.600000,-0.600000,-0.600000,-0.651523,-0.604795,0.600000,-0.600000,-0.600000,-0.611950,-0.600000,-0.600000,-0.600000,0.600000,-0.600000,-0.600000,-0.600000,-0.600000,-0.600000,0.600000,-0.000000,0.597599,0.600000,-0.600000,-0.600000,0.600000,-0.600000,0.600000,-0.600000,0.600000,0.600000,0.600000,-0.600000,-0.600000,-0.600000,0.600000,0.600000,-0.600000,0.600000,-0.600000,-0.600000,-0.600000,-0.600000,-0.600000,0.600000,-0.600000,-0.600000,-0.600000,-0.600000,0.600000,-0.600000,0.611950,0.600000,-0.600000,-0.600000,-0.600000
924,-0.600000,0.600000,-0.600000,1.000000,-0.600000,1.000000,-1.000000,-0.600000,0.600000,-0.600000,-0.600000,0.600000,-0.600000,0.600000,-0.600000,-0.600000,0.600000,-0.600000,-0.600000,-0.651523,-0.604795,0.600000,-0.600000,-0.600000,-0.611950,-0.600000,-0.600000,-0.600000,0.600000,-0.600000,-0.600000,-0.600000,-0.600000,-0.600000,0.600000,-0.000000,0.597599,0.600000,-0.600000,-0.600000,0.600000,-0.600000,0.600000,-0.600000,0.600000,0.600000,0.600000,-0.600000,-0.600000,-0.600000,0.600000,0.600000,-0.600000,0.600000,-0.600000,-0.600000,-0.600000,-0.600000,-0.600000,0.600000,-0.600000,-0.600000,-0.600000,-0.600000,0.600000,-0.600000,0.611950,0.600000,-0.600000,-0.600000,-0.600000
925,-0.600000,0.600000,-0.600000,1.000000,-0.600000,1.000000,-1.000000,-0.600000,0.600000,-0.600000,-0.600000,0.600000,-0.600000,0.600000,-0.600000,-0.600000,0.600000,-0.600000,-0.600000,-0.651523,-0.604795,0.600000,-0.600000,-0.600000,-0.611950,-0.600000,-0.600000,-0.600000,0.600000,-0.600000,-0.600000,-0.600000,-0.600000,-0.600000,0.600000,-0.000000,0.597599,0.600000,-0.600000,-0.600000,0.600000,-0.600000,0.600000,-0.600000,0.600000,0.600000,0.600000,-0.600000,-0.600000,-0.600000,0.600000,0.600000,-0.600000,0.600000,-0.600000,-0.600000,-0.600000,-0.600000,-0.600000,0.600000,-0.600000,-0.600000,-0.600000,-0.600000,0.600000,-0.600000,0.611950,0.600000,-0.600000,-0.600000,-0.600000
926,-0.600000,0.600000,-0.600000,1.000000,-0.600000,1.000000,-1.000000,-0.600000,0.600000,-0.600000,-0.600000,0.600000,-0.600000,0.600000,-0.600000,-0.600000,0.600000,-0.600000,-0.600000,-0.651523,-0.604795,0.600000,-0.600000,-0.600000,-0.611950,-0.600000,-0.600000,-0.600000,0.600000,-0.600000,-0.600000,-0.600000,-0.600000,-0.600000,0.600000,-0.000000,0.597599,0.600000,-0.600000,-0.600000,0.600000,-0.600000,0.600000,-0.600000,0.600000,0.600000,0.600000,-0.600000,-0.600000,-0.600000,0.600000,0.600000,-0.600000,0.600000,-0.600000,-0.600000,-0.600000,-0.600000,-0.600000,0.600000,-0.600000,-0.600000,-0.600000,-0.600000,0.600000,-0.600000,0.611950,0.600000,-0.600000,-0.600000,-0.600000
927,-0.600000,0.600000,-0.600000,1.000000,-0.600000,1.000000,-1.000000,-0.600000,0.600000,-0.600000,-0.600000,0.600000,-0.600000,0.600000,-0.600000,-0.600000,0.600000,-0.600000,-0.600000,-0.651523,-0.604795,0.600000,-0.600000,-0.600000,-0.611950,-0.600000,-0.600000,-0.600000,0.600000,-0.600000,-0.600000,-0.600000,-0.600000,-0.600000,0.600000,-0.000000,0.597599,0.600000,-0.600000,-0.600000,0.600000,-0.600000,0.600000,-0.600000,0.600000,0.600000,0.600000,-0.600000,-0.600000,-0.600000,0.600000,0.600000,-0.600000,0.600000,-0.600000,-0.600000,-0.600000,-0.600000,-0.600000,0.600000,-0.600000,-0.600000,-0.600000,-0.600000,0.600000,-0.600000,0.611950,0.600000,-0.600000,-0.600000,-0.600000
928,-0.600000,0.600000,-0.600000,1.000000,-0.600000,1.000000,-1.000000,-0.600000,0.600000,-0.600000,-0.600000,0.600000,-0.600000,0.600000,-0.600000,-0.600000,0.600000,-0.600000,-0.600000,-0.651523,-0.604795,0.600000,-0.600000,-0.600000,-0.611950,-0.600000,-0.600000,-0.600000,0.600000,-0.600000,-0.600000,-0.600000,-0.600000,-0.600000,0.600000,-0.000000,0.597599,0.600000,-0.600000,-0.600000,0.600000,-0.600000,0.600000,-0.600000,0.600000,0.600000,0.600000,-0.600000,-0.600000,-0.600000,0.600000,0.600000,-0.600000,0.600000,-0.600000,-0.600000,-0.600000,-0.600000,-0.600000,0.600000,-0.600000,-0.600000,-0.600000,-0.600000,0.600000,-0.600000,0.611950,0.600000,-0.600000,-0.600000,-0.600000
929,-0.600000,0.600000,-0.600000,1.000000,-0.600000,1.000000,-1.000000,-0.600000,0.600000,-0.600000,-0.600000,0.600000,-0.600000,0.600000,-0.600000,-0.600000,0.600000,-0.600000,-0.600000,-0.651523,-0.604795,0.600000,-0.600000,-0.600000,-0.611950,-0.600000,-0.600000,-0.600000,0.600000,-0.600000,-0.600000,-0.600000,-0.600000,-0.600000,0.600000,-0.000000,0.597599,0.600000,-0.600000,-0.600000,0.600000,-0.600000,0.600000,-0.600000,0.600000,0.600000,0.600000,-0.600000,-0.600000,-0.600000,0.600000,0.600000,-0.600000,0.600000,-0.600000,-0.600000,-0.600000,-0.600000,-0.600000,0.600000,-0.600000,-0.600000,-0.600000,-0.600000,0.600000,-0.600000,0.611950,0.600000,-0.600000,-0.600000,-0.600000
930,-0.600000,0.600000,-0.600000,1.000000,-0.600000,1.000000,-1.000000,-0.600000,0.600000,-0.600000,-0.600000,0.600000,-0.600000,0.600000,-0.600000,-0.600000,0.600000,-0.600000,-0.600000,-0.651523,-0.604795,0.600000,-0.600000,-0.600000,-0.611950,-0.600000,-0.600000,-0.600000,0.600000,-0.600000,-0.600000,-0.600000,-0.600000,-0.600000,0.600000,-0.000000,0.597599,0.600000,-0.600000,-0.600000,0.600000,-0.600000,0.600000,-0.600000,0.600000,0.600000,0.600000,-0.600000,-0.600000,-0.600000,0.600000,0.600000,-0.600000,0.600000,-0.600000,-0.600000,-0.600000,-0.600000,-0.600000,0.600000,-0.600000,-0.600000,-0.600000,-0.600000,0.600000,-0.600000,0.611950,0.600000,-0.600000,-0.600000,-0.600000
931,-0.600000,0.600000,-0.600000,1.000000,-0.600000,1.000000,-1.000000,-0.600000,0.600000,-0.600000,-0.600000,0.600000,-0.600000,0.600000,-0.600000,-0.600000,0.600000,-0.600000,-0.600000,-0.651523,-0.604795,0.600000,-0.600000,-0.600000,-0.611950,-0.600000,-0.600000,-0.600000,0.600000,-0.600000,-0.600000,-0.600000,-0.600000,-0.600000,0.600000,-0.000000,0.597599,0.600000,-0.600000,-0.600000,0.600000,-0.600000,0.600000,-0.600000,0.600000,0.600000,0.600000,-0.600000,-0.600000,-0.600000,0.600000,0.600000,-0.600000,0.600000,-0.600000,-0.600000,-0.600000,-0.600000,-0.600000,0.600000,-0.600000,-0.600000,-0.600000,-0.600000,0.600000,-0.600000,0.611950,0.600000,-0.600000,-0.600000,-0.600000
932,-0.600000,0.600000,-0.600000,1.000000,-0.600000,1.000000,-1.000000,-0.600000,0.600000,-0.600000,-0.600000,0.600000,-0.600000,0.600000,-0.600000,-0.600000,0.600000,-0.600000,-0.600000,-0.651523,-0.604795,0.600000,-0.600000,-0.600000,-0.611950,-0.600000,-0.600000,-0.600000,0.600000,-0.600000,-0.600000,-0.600000,-0.600000,-0.600000,0.600000,-0.000000,0.597599,0.600000,-0.600000,-0.600000,0.600000,-0.600000,0.600000,-0.600000,0.600000,0.600000,0.600000,-0.600000,-0.600000,-0.600000,0.600000,0.600000,-0.600000,0.600000,-0.600000,-0.600000,-0.600000,-0.600000,-0.600000,0.600000,-0.600000,-0.600000,-0.600000,-0.600000,0.600000,-0.600000,0.611950,0.600000,-0.600000,-0.600000,-0.600000
933,-0.600000,0.600000,-0.600000,1.000000,-0.600000,1.000000,-1.000000,-0.600000,0.600000,-0.600000,-0.600000,0.600000,-0.600000,0.600000,-0.600000,-0.600000,0.600000,-0.600000,-0.600000,-0.651523,-0.604795,0.600000,-0.600000,-0.600000,-0.611950,-0.600000,-0.600000,-0.600000,0.600000,-0.600000,-0.600000,-0.600000,-0.600000,-0.600000,0.600000,-0.000000,0.597599,0.600000,-0.600000,-0.600000,0.600000,-0.600000,0.600000,-0.600000,0.600000,0.600000,0.600000,-0.600000,-0.600000,-0.600000,0.600000,0.600000,-0.600000,0.600000,-0.600000,-0.600000,-0.600000,-0.600000,-0.600000,0.600000,-0.600000,-0.600000,-0.600000,-0.600000,0.600000,-0.600000,0.611950,0.600000,-0.600000,-0.600000,-0.600000
934,-0.600000,0.600000,-0.600000,1.000000,-0.600000,1.000000,-1.000000,-0.600000,0.600000,-0.600000,-0.600000,0.600000,-0.600000,0.600000,-0.600000,-0.600000,0.600000,-0.600000,-0.600000,-0.651523,-0.604795,0.600000,-0.600000,-0.600000,-0.611950,-0.600000,-0.600000,-0.600000,0.600000,-0.600000,-0.600000,-0.600000,-0.600000,-0.600000,0.600000,-0.000000,0.597599,0.600000,-0.600000,-0.600000,0.600000,-0.600000,0.600000,-0.600000,0.600000,0.600000,0.600000,-0.600000,-0.600000,-0.600000,0.600000,0.600000,-0.600000,0.600000,-0.600000,-0.600000,-0.600000,-0.600000,-0.600000,0.600000,-0.600000,-0.600000,-0.600000,-0.600000,0.600000,-0.600000,0.611950,0.600000,-0.600000,-0.600000,-0.600000
935,-0.600000,0.600000,-0.600000,1.000000,-0.600000,1.000000,-1.000000,-0.600000,0.600000,-0.600000,-0.600000,0.600000,-0.600000,0.600000,-0.600000,-0.600000,0.600000,-0.600000,-0.600000,-0.651523,-0.604795,0.600000,-0.600000,-0.600000,-0.611950,-0.600000,-0.600000,-0.600000,0.600000,-0.600000,-0.600000,-0.600000,-0.600000,-0.600000,0.600000,-0.000000,0.597599,0.600000,-0.600000,-0.600000,0.600000,-0.600000,0.600000,-0.600000,0.600000,0.600000,0.600000,-0.600000,-0.600000,-0.600000,0.600000,0.600000,-0.600000,0.600000,-0.600000,-0.600000,-0.600000,-0.600000,-0.600000,0.600000,-0.600000,-0.600000,-0.600000,-0.600000,0.600000,-0.600000,0.611950,0.600000,-0.600000,-0.600000,-0.600000
936,-0.600000,0.600000,-0.600000,1.000000,-0.600000,1.000000,-1.000000,-0.600000,0.600000,-0.600000,-0.600000,0.600000,-0.600000,0.600000,-0.600000,-0.600000,0.600000,-0.600000,-0.600000,-0.651523,-0.604795,0.600000,-0.600000,-0.600000,-0.611950,-0.600000,-0.600000,-0.600000,0.600000,-0.600000,-0.600000,-0.600000,-0.600000,-0.600000,0.600000,-0.000000,0.597599,0.600000,-0.600000,-0.600000,0.600000,-0.600000,0.600000,-0.600000,0.600000,0.600000,0.600000,-0.600000,-0.600000,-0.600000,0.600000,0.600000,-0.600000,0.600000,-0.600000,-0.600000,-0.600000,-0.600000,-0.600000,0.600000,-0.600000,-0.600000,-0.600000,-0.600000,0.600000,-0.600000,0.611950,0.600000,-0.600000,-0.600000,-0.600000
937,-0.600000,0.600000,-0.600000,1.000000,-0.600000,1.000000,-1.000000,-0.600000,0.600000,-0.600000,-0.600000,0.600000,-0.600000,0.600000,-0.600000,-0.600000,0.600000,-0.600000,-0.600000,-0.651523,-0.604795,0.600000,-0.600000,-0.600000,-0.611950,-0.600000,-0.600000,-0.600000,0.600000,-0.600000,-0.600000,-0.600000,-0.600000,-0.600000,0.600000,-0.000000,0.597599,0.600000,-0.600000,-0.600000,0.600000,-0.600000,0.600000,-0.600000,0.600000,0.600000,0.600000,-0.600000,-0.600000,-0.600000,0.600000,0.600000,-0.600000,0.600000,-0.600000,-0.600000,-0.600000,-0.600000,-0.600000,0.600000,-0.600000,-0.600000,-0.600000,-0.600000,0.600000,-0.600000,0.611950,0.600000,-0.600000,-0.600000,-0.600000
938,-0.600000,0.600000,-0.600000,1.000000,-0.600000,1.000000,-1.000000,-0.600000,0.600000,-0.600000,-0.600000,0.600000,-0.600000,0.600000,-0.600000,-0.600000,0.600000,-0.600000,-0.600000,-0.651523,-0.604795,0.600000,-0.600000,-0.600000,-0.611950,-0.600000,-0.600000,-0.600000,0.600000,-0.600000,-0.600000,-0.600000,-0.600000,-0.600000,0.600000,-0.000000,0.597599,0.600000,-0.600000,-0.600000,0.600000,-0.600000,0.600000,-0.600000,0.600000,0.600000,0.600000,-0.600000,-0.600000,-0.600000,0.600000,0.600000,-0.600000,0.600000,-0.600000,-0.600000,-0.600000,-0.600000,-0.600000,0.600000,-0.600000,-0.600000,-0.600000,-0.600000,0.600000,-0.600000,0.611950,0.600000,-0.600000,-0.600000,-0.600000
939,-0.600000,0.600000,-0.600000,1.000000,-0.600000,1.000000,-1.000000,-0.600000,0.600000,-0.600000,-0.600000,0.600000,-0.600000,0.600000,-0.600000,-0.600000,0.600000,-0.600000,-0.600000,-0.651523,-0.604795,0.600000,-0.600000,-0.600000,-0.611950,-0.600000,-0.600000,-0.600000,0.600000,-0.600000,-0.600000,-0.600000,-0.600000,-0.600000,0.600000,-0.000000,0.597599,0.600000,-0.600000,-0.600000,0.600000,-0.600000,0.600000,-0.600000,0.600000,0.600000,0.600000,-0.600000,-0.600000,-0.600000,0.600000,0.600000,-0.600000,0.600000,-0.600000,-0.600000,-0.600000,-0.600000,-0.600000,0.600000,-0.600000,-0.600000,-0.600000,-0.600000,0.600000,-0.600000,0.611950,0.600000,-0.600000,-0.600000,-0.600000
940,-0.600000,0.600000,-0.600000,1.000000,-0.600000,1.000000,-1.000000,-0.600000,0.600000,-0.600000,-0.600000,0.600000,-0.600000,0.600000,-0.600000,-0.600000,0.600000,-0.600000,-0.600000,-0.651523,-0.604795,0.600000,-0.600000,-0.600000,-0.611950,-0.600000,-0.600000,-0.600000,0.600000,-0.600000,-0.600000,-0.600000,-0.600000,-0.600000,0.600000,-0.000000,0.597599,0.600000,-0.600000,-0.600000,0.600000,-0.600000,0.600000,-0.600000,0.600000,0.600000,0.600000,-0.600000,-0.600000,-0.600000,0.600000,0.600000,-0.600000,0.600000,-0.600000,-0.600000,-0.600000,-0.600000,-0.600000,0.600000,-0.600000,-0.600000,-0.600000,-0.600000,0.600000,-0.600000,0.611950,0.600000,-0.600000,-0.600000,-0.600000
941,-0.600000,0.600000,-0.600000,1.000000,-0.600000,1.000000,-1.000000,-0.600000,0.600000,-0.600000,-0.600000,0.600000,-0.600000,0.600000,-0.600000,-0.600000,0.600000,-0.600000,-0.600000,-0.651523,-0.604795,0.600000,-0.600000,-0.600000,-0.611950,-0.600000,-0.600000,-0.600000,0.600000,-0.600000,-0.600000,-0.600000,-0.600000,-0.600000,0.600000,-0.000000,0.597599,0.600000,-0.600000,-0.600000,0.600000,-0.600000,0.600000,-0.600000,0.600000,0.600000,0.600000,-0.600000,-0.600000,-0.600000,0.600000,0.600000,-0.600000,0.600000,-0.600000,-0.600000,-0.600000,-0.600000,-0.600000,0.600000,-0.600000,-0.600000,-0.600000,-0.600000,0.600000,-0.600000,0.611950,0.600000,-0.600000,-0.600000,-0.600000
942,-0.600000,0.600000,-0.600000,1.000000,-0.600000,1.000000,-1.000000,-0.600000,0.600000,-0.600000,-0.600000,0.600000,-0.600000,0.600000,-0.600000,-0.600000,0.600000,-0.600000,-0.600000,-0.651523,-0.604795,0.600000,-0.600000,-0.600000,-0.611950,-0.600000,-0.600000,-0.600000,0.600000,-0.600000,-0.600000,-0.600000,-0.600000,-0.600000,0.600000,-0.000000,0.597599,0.600000,-0.600000,-0.600000,0.600000,-0.600000,0.600000,-0.600000,0.600000,0.600000,0.600000,-0.600000,-0.600000,-0.600000,0.600000,0.600000,-0.600000,0.600000,-0.600000,-0.600000,-0.600000,-0.600000,-0.600000,0.600000,-0.600000,-0.600000,-0.600000,-0.600000,0.600000,-0.600000,0.611950,0.600000,-0.600000,-0.600000,-0.600000
943,-0.600000,0.600000,-0.600000,1.000000,-0.600000,1.000000,-1.000000,-0.600000,0.600000,-0.600000,-0.600000,0.600000,-0.600000,0.600000,-0.600000,-0.600000,0.600000,-0.600000,-0.600000,-0.651523,-0.604795,0.600000,-0.600000,-0.600000,-0.611950,-0.600000,-0.600000,-0.600000,0.600000,-0.600000,-0.600000,-0.600000,-0.600000,-0.600000,0.600000,-0.000000,0.597599,0.600000,-0.600000,-0.600000,0.600000,-0.600000,0.600000,-0.600000,0.600000,0.600000,0.600000,-0.600000,-0.600000,-0.600000,0.600000,0.600000,-0.600000,0.600000,-0.600000,-0.600000,-0.600000,-0.600000,-0.600000,0.600000,-0.600000,-0.600000,-0.600000,-0.600000,0.600000,-0.600000,0.611950,0.600000,-0.600000,-0.600000,-0.600000
944,-0.600000,0.600000,-0.600000,1.000000,-0.600000,1.000000,-1.000000,-0.600000,0.600000,-0.600000,-0.600000,0.600000,-0.600000,0.600000,-0.600000,-0.600000,0.600000,-0.600000,-0.600000,-0.651523,-0.604795,0.600000,-0.600000,-0.600000,-0.611950,-0.600000,-0.600000,-0.600000,0.600000,-0.600000,-0.600000,-0.600000,-0.600000,-0.600000,0.600000,-0.000000,0.597599,0.600000,-0.600000,-0.600000,0.600000,-0.600000,0.600000,-0.600000,0.600000,0.600000,0.600000,-0.600000,-0.600000,-0.600000,0.600000,0.600000,-0.600000,0.600000,-0.600000,-0.600000,-0.600000,-0.600000,-0.600000,0.600000,-0.600000,-0.600000,-0.600000,-0.600000,0.600000,-0.600000,0.611950,0.600000,-0.600000,-0.600000,-0.600000
945,-0.600000,0.600000,-0.600000,1.000000,-0.600000,1.000000,-1.000000,-0.600000,0.600000,-0.600000,-0.600000,0.600000,-0.600000,0.600000,-0.600000,-0.600000,0.600000,-0.600000,-0.600000,-0.651523,-0.604795,0.600000,-0.600000,-0.600000,-0.611950,-0.600000,-0.600000,-0.600000,0.600000,-0.600000,-0.600000,-0.600000,-0.600000,-0.600000,0.600000,-0.000000,0.597599,0.600000,-0.600000,-0.600000,0.600000,-0.600000,0.600000,-0.600000,0.600000,0.600000,0.600000,-0.600000,-0.600000,-0.600000,0.600000,0.600000,-0.600000,0.600000,-0.600000,-0.600000,-0.600000,-0.600000,-0.600000,0.600000,-0.600000,-0.600000,-0.600000,-0.600000,0.600000,-0.600000,0.611950,0.600000,-0.600000,-0.600000,-0.600000
946,-0.600000,0.600000,-0.600000,1.000000,-0.600000,1.000000,-1.000000,-0.600000,0.600000,-0.600000,-0.600000,0.600000,-0.600000,0.600000,-0.600000,-0.600000,0.600000,-0.600000,-0.600000,-0.651523,-0.604795,0.600000,-0.600000,-0.600000,-0.611950,-0.600000,-0.600000,-0.600000,0.600000,-0.600000,-0.600000,-0.600000,-0.600000,-0.600000,0.600000,-0.000000,0.597599,0.600000,-0.600000,-0.600000,0.600000,-0.600000,0.600000,-0.600000,0.600000,0.600000,0.600000,-0.600000,-0.600000,-0.600000,0.600000,0.600000,-0.600000,0.600000,-0.600000,-0.600000,-0.600000,-0.600000,-0.600000,0.600000,-0.600000,-0.600000,-0.600000,-0.600000,0.600000,-0.600000,0.611950,0.600000,-0.600000,-0.600000,-0.600000
947,-0.600000,0.600000,-0.600000,1.000000,-0.600000,1.000000,-1.000000,-0.600000,0.600000,-0.600000,-0.600000,0.600000,-0.600000,0.600000,-0.600000,-0.600000,0.600000,-0.600000,-0.600000,-0.651523,-0.604795,0.600000,-0.600000,-0.600000,-0.611950,-0.600000,-0.600000,-0.600000,0.600000,-0.600000,-0.600000,-0.600000,-0.600000,-0.600000,0.600000,-0.000000,0.597599,0.600000,-0.600000,-0.600000,0.600000,-0.600000,0.600000,-0.600000,0.600000,0.600000,0.600000,-0.600000,-0.600000,-0.600000,0.600000,0.600000,-0.600000,0.600000,-0.600000,-0.600000,-0.600000,-0.600000,-0.600000,0.600000,-0.600000,-0.600000,-0.600000,-0.600000,0.600000,-0.600000,0.611950,0.600000,-0.600000,-0.600000,-0.600000
948,-0.600000,0.600000,-0.600000,1.000000,-0.600000,1.000000,-1.000000,-0.600000,0.600000,-0.600000,-0.600000,0.600000,-0.600000,0.600000,-0.600000,-0.600000,0.600000,-0.600000,-0.600000,-0.651523,-0.604795,0.600000,-0.600000,-0.600000,-0.611950,-0.600000,-0.600000,-0.600000,0.600000,-0.600000,-0.600000,-0.600000,-0.600000,-0.600000,0.600000,-0.000000,0.597599,0.600000,-0.600000,-0.600000,0.600000,-0.600000,0.600000,-0.600000,0.600000,0.600000,0.600000,-0.600000,-0.600000,-0.600000,0.600000,0.600000,-0.600000,0.600000,-0.600000,-0.600000,-0.600000,-0.600000,-0.600000,0.600000,-0.600000,-0.600000,-0.600000,-0.600000,0.600000,-0.600000,0.611950,0.600000,-0.600000,-0.600000,-0.600000
949,-0.600000,0.600000,-0.600000,1.000000,-0.600000,1.000000,-1.000000,-0.600000,0.600000,-0.600000,-0.600000,0.600000,-0.600000,0.600000,-0.600000,-0.600000,0.600000,-0.600000,-0.600000,-0.651523,-0.604795,0.600000,-0.600000,-0.600000,-0.611950,-0.600000,-0.600000,-0.600000,0.600000,-0.600000,-0.600000,-0.600000,-0.600000,-0.600000,0.600000,-0.000000,0.597599,0.600000,-0.600000,-0.600000,0.600000,-0.600000,0.600000,-0.600000,0.600000,0.600000,0.600000,-0.600000,-0.600000,-0.600000,0.600000,0.600000,-0.600000,0.600000,-0.600000,-0.600000,-0.600000,-0.600000,-0.600000,0.600000,-0.600000,-0.600000,-0.600000,-0.600000,0.600000,-0.600000,0.611950,0.600000,-0.600000,-0.600000,-0.600000
950,-0.600000,0.600000,-0.600000,1.000000,-0.600000,1.000000,-1.000000,-0.600000,0.600000,-0.600000,-0.600000,0.600000,-0.600000,0.600000,-0.600000,-0.600000,0.600000,-0.600000,-0.600000,-0.651523,-0.604795,0.600000,-0.600000,-0.600000,-0.611950,-0.600000,-0.600000,-0.600000,0.600000,-0.600000,-0.600000,-0.600000,-0.600000,-0.600000,0.600000,-0.000000,0.597599,0.600000,-0.600000,-0.600000,0.600000,-0.600000,0.600000,-0.600000,0.600000,0.600000,0.600000,-0.600000,-0.600000,-0.600000,0.600000,0.600000,-0.600000,0.600000,-0.600000,-0.600000,-0.600000,-0.600000,-0.600000,0.600000,-0.600000,-0.600000,-0.600000,-0.600000,0.600000,-0.600000,0.611950,0.600000,-0.600000,-0.600000,-0.600000
951,-0.600000,0.600000,-0.600000,1.000000,-0.600000,1.000000,-1.000000,-0.600000,0.600000,-0.600000,-0.600000,0.600000,-0.600000,0.600000,-0.600000,-0.600000,0.600000,-0.600000,-0.600000,-0.651523,-0.604795,0.600000,-0.600000,-0.600000,-0.611950,-0.600000,-0.600000,-0.600000,0.600000,-0.600000,-0.600000,-0.600000,-0.600000,-0.600000,0.600000,-0.000000,0.597599,0.600000,-0.600000,-0.600000,0.600000,-0.600000,0.600000,-0.600000,0.600000,0.600000,0.600000,-0.600000,-0.600000,-0.600000,0.600000,0.600000,-0.600000,0.600000,-0.600000,-0.600000,-0.600000,-0.600000,-0.600000,0.600000,-0.600000,-0.600000,-0.600000,-0.600000,0.600000,-0.600000,0.611950,0.600000,-0.600000,-0.600000,-0.600000
952,-0.600000,0.600000,-0.600000,1.000000,-0.600000,1.000000,-1.000000,-0.600000,0.600000,-0.600000,-0.600000,0.600000,-0.600000,0.600000,-0.600000,-0.600000,0.600000,-0.600000,-0.600000,-0.651523,-0.604795,0.600000,-0.600000,-0.600000,-0.611950,-0.600000,-0.600000,-0.600000,0.600000,-0.600000,-0.600000,-0.600000,-0.600000,-0.600000,0.600000,-0.000000,0.597599,0.600000,-0.600000,-0.600000,0.600000,-0.600000,0.600000,-0.600000,0.600000,0.600000,0.600000,-0.600000,-0.600000,-0.600000,0.600000,0.600000,-0.600000,0.600000,-0.600000,-0.600000,-0.600000,-0.600000,-0.600000,0.600000,-0.600000,-0.600000,-0.600000,-0.600000,0.600000,-0.600000,0.611950,0.600000,-0.600000,-0.600000,-0.600000
953,-0.600000,0.600000,-0.600000,1.000000,-0.600000,1.000000,-1.000000,-0.600000,0.600000,-0.600000,-0.600000,0.600000,-0.600000,0.600000,-0.600000,-0.600000,0.600000,-0.600000,-0.600000,-0.651523,-0.604795,0.600000,-0.600000,-0.600000,-0.611950,-0.600000,-0.600000,-0.600000,0.600000,-0.600000,-0.600000,-0.600000,-0.600000,-0.600000,0.600000,-0.000000,0.597599,0.600000,-0.600000,-0.600000,0.600000,-0.600000,0.600000,-0.600000,0.600000,0.600000,0.600000,-0.600000,-0.600000,-0.600000,0.600000,0.600000,-0.600000,0.600000,-0.600000,-0.600000,-0.600000,-0.600000,-0.600000,0.600000,-0.600000,-0.600000,-0.600000,-0.600000,0.600000,-0.600000,0.611950,0.600000,-0.600000,-0.600000,-0.600000
954,-0.600000,0.600000,-0.600000,1.000000,-0.600000,1.000000,-1.000000,-0.600000,0.600000,-0.600000,-0.600000,0.600000,-0.600000,0.600000,-0.600000,-0.600000,0.600000,-0.600000,-0.600000,-0.651523,-0.604795,0.600000,-0.600000,-0.600000,-0.611950,-0.600000,-0.600000,-0.600000,0.600000,-0.600000,-0.600000,-0.600000,-0.600000,-0.600000,0.600000,-0.000000,0.597599,0.600000,-0.600000,-0.600000,0.600000,-0.600000,0.600000,-0.600000,0.600000,0.600000,0.600000,-0.600000,-0.600000,-0.600000,0.600000,0.600000,-0.600000,0.600000,-0.600000,-0.600000,-0.600000,-0.600000,-0.600000,0.600000,-0.600000,-0.600000,-0.600000,-0.600000,0.600000,-0.600000,0.611950,0.600000,-0.600000,-0.600000,-0.600000
955,-0.600000,0.600000,-0.600000,1.000000,-0.600000,1.000000,-1.000000,-0.600000,0.600000,-0.600000,-0.600000,0.600000,-0.600000,0.600000,-0.600000,-0.600000,0.600000,-0.600000,-0.600000,-0.651523,-0.604795,0.600000,-0.600000,-0.600000,-0.611950,-0.600000,-0.600000,-0.600000,0.600000,-0.600000,-0.600000,-0.600000,-0.600000,-0.600000,0.600000,-0.000000,0.597599,0.600000,-0.600000,-0.600000,0.600000,-0.600000,0.600000,-0.600000,0.600000,0.600000,0.600000,-0.600000,-0.600000,-0.600000,0.600000,0.600000,-0.600000,0.600000,-0.600000,-0.600000,-0.600000,-0.600000,-0.600000,0.600000,-0.600000,-0.600000,-0.600000,-0.600000,0.600000,-0.600000,0.611950,0.600000,-0.600000,-0.600000,-0.600000
956,-0.600000,0.600000,-0.600000,1.000000,-0.600000,1.000000,-1.000000,-0.600000,0.600000,-0.600000,-0.600000,0.600000,-0.600000,0.600000,-0.600000,-0.600000,0.600000,-0.600000,-0.600000,-0.651523,-0.604795,0.600000,-0.600000,-0.600000,-0.611950,-0.600000,-0.600000,-0.600000,0.600000,-0.600000,-0.600000,-0.600000,-0.600000,-0.600000,0.600000,-0.000000,0.597599,0.600000,-0.600000,-0.600000,0.600000,-0.600000,0.600000,-0.600000,0.600000,0.600000,0.600000,-0.600000,-0.600000,-0.600000,0.600000,0.600000,-0.600000,0.600000,-0.600000,-0.600000,-0.600000,-0.600000,-0.600000,0.600000,-0.600000,-0.600000,-0.600000,-0.600000,0.600000,-0.600000,0.611950,0.600000,-0.600000,-0.600000,-0.600000
957,-0.600000,0.600000,-0.600000,1.000000,-0.600000,1.000000,-1.000000,-0.600000,0.600000,-0.600000,-0.600000,0.600000,-0.600000,0.600000,-0.600000,-0.600000,0.600000,-0.600000,-0.600000,-0.651523,-0.604795,0.600000,-0.600000,-0.600000,-0.611950,-0.600000,-0.600000,-0.600000,0.600000,-0.600000,-0.600000,-0.600000,-0.600000,-0.600000,0.600000,-0.000000,0.597599,0.600000,-0.600000,-0.600000,0.600000,-0.600000,0.600000,-0.600000,0.600000,0.600000,0.600000,-0.600000,-0.600000,-0.600000,0.600000,0.600000,-0.600000,0.600000,-0.600000,-0.600000,-0.600000,-0.600000,-0.600000,0.600000,-0.600000,-0.600000,-0.600000,-0.600000,0.600000,-0.600000,0.611950,0.600000,-0.600000,-0.600000,-0.600000
958,-0.600000,0.600000,-0.600000,1.000000,-0.600000,1.000000,-1.000000,-0.600000,0.600000,-0.600000,-0.600000,0.600000,-0.600000,0.600000,-0.600000,-0.600000,0.600000,-0.600000,-0.600000,-0.651523,-0.604795,0.600000,-0.600000,-0.600000,-0.611950,-0.600000,-0.600000,-0.600000,0.600000,-0.600000,-0.600000,-0.600000,-0.600000,-0.600000,0.600000,-0.000000,0.597599,0.600000,-0.600000,-0.600000,0.600000,-0.600000,0.600000,-0.600000,0.600000,0.600000,0.600000,-0.600000,-0.600000,-0.600000,0.600000,0.600000,-0.600000,0.600000,-0.600000,-0.600000,-0.600000,-0.600000,-0.600000,0.600000,-0.600000,-0.600000,-0.600000,-0.600000,0.600000,-0.600000,0.611950,0.600000,-0.600000,-0.600000,-0.600000
959,-0.600000,0.600000,-0.600000,1.000000,-0.600000,1.000000,-1.000000,-0.600000,0.600000,-0.600000,-0.600000,0.600000,-0.600000,0.600000,-0.600000,-0.600000,0.600000,-0.600000,-0.600000,-0.651523,-0.604795,0.600000,-0.600000,-0.600000,-0.611950,-0.600000,-0.600000,-0.600000,0.600000,-0.600000,-0.600000,-0.600000,-0.600000,-0.600000,0.600000,-0.000000,0.597599,0.600000,-0.600000,-0.600000,0.600000,-0.600000,0.600000,-0.600000,0.600000,0.600000,0.600000,-0.600000,-0.600000,-0.600000,0.600000,0.600000,-0.600000,0.600000,-0.600000,-0.600000,-0.600000,-0.600000,-0.600000,0.600000,-0.600000,-0.600000,-0.600000,-0.600000,0.600000,-0.600000,0.611950,0.600000,-0.600000,-0.600000,-0.600000
960,-0.600000,0.600000,-0.600000,1.000000,-0.600000,1.000000,-1.000000,-0.600000,0.600000,-0.600000,-0.600000,0.600000,-0.600000,0.600000,-0.600000,-0.600000,0.600000,-0.600000,-0.600000,-0.651523,-0.604795,0.600000,-0.600000,-0.600000,-0.611950,-0.600000,-0.600000,-0.600000,0.600000,-0.600000,-0.600000,-0.600000,-0.600000,-0.600000,0.600000,-0.000000,0.597599,0.600000,-0.600000,-0.600000,0.600000,-0.600000,0.600000,-0.600000,0.600000,0.600000,0.600000,-0.600000,-0.600000,-0.600000,0.600000,0.600000,-0.600000,0.600000,-0.600000,-0.600000,-0.600000,-0.600000,-0.600000,0.600000,-0.600000,-0.600000,-0.600000,-0.600000,0.600000,-0.600000,0.611950,0.600000,-0.600000,-0.600000,-0.600000
961,-0.600000,0.600000,-0.600000,1.000000,-0.600000,1.000000,-1.000000,-0.600000,0.600000,-0.600000,-0.600000,0.600000,-0.600000,0.600000,-0.600000,-0.600000,0.600000,-0.600000,-0.600000,-0.651523,-0.604795,0.600000,-0.600000,-0.600000,-0.611950,-0.600000,-0.600000,-0.600000,0.600000,-0.600000,-0.600000,-0.600000,-0.600000,-0.600000,0.600000,-0.000000,0.597599,0.600000,-0.600000,-0.600000,0.600000,-0.600000,0.600000,-0.600000,0.600000,0.600000,0.600000,-0.600000,-0.600000,-0.600000,0.600000,0.600000,-0.600000,0.600000,-0.600000,-0.600000,-0.600000,-0.600000,-0.600000,0.600000,-0.600000,-0.600000,-0.600000,-0.600000,0.600000,-0.600000,0.611950,0.600000,-0.600000,-0.600000,-0.600000
962,-0.600000,0.600000,-0.600000,1.000000,-0.600000,1.000000,-1.000000,-0.600000,0.600000,-0.600000,-0.600000,0.600000,-0.600000,0.600000,-0.600000,-0.600000,0.600000,-0.600000,-0.600000,-0.651523,-0.604795,0.600000,-0.600000,-0.600000,-0.611950,-0.600000,-0.600000,-0.600000,0.600000,-0.600000,-0.600000,-0.600000,-0.600000,-0.600000,0.600000,-0.000000,0.597599,0.600000,-0.600000,-0.600000,0.600000,-0.600000,0.600000,-0.600000,0.600000,0.600000,0.600000,-0.600000,-0.600000,-0.600000,0.600000,0.600000,-0.600000,0.600000,-0.600000,-0.600000,-0.600000,-0.600000,-0.600000,0.600000,-0.600000,-0.600000,-0.600000,-0.600000,0.600000,-0.600000,0.611950,0.600000,-0.600000,-0.600000,-0.600000
963,-0.600000,0.600000,-0.600000,1.000000,-0.600000,1.000000,-1.000000,-0.600000,0.600000,-0.600000,-0.600000,0.600000,-0.600000,0.600000,-0.600000,-0.600000,0.600000,-0.600000,-0.600000,-0.651523,-0.604795,0.600000,-0.600000,-0.600000,-0.611950,-0.600000,-0.600000,-0.600000,0.600000,-0.600000,-0.600000,-0.600000,-0.600000,-0.600000,0.600000,-0.000000,0.597599,0.600000,-0.600000,-0.600000,0.600000,-0.600000,0.600000,-0.600000,0.600000,0.600000,0.600000,-0.600000,-0.600000,-0.600000,0.600000,0.600000,-0.600000,0.600000,-0.600000,-0.600000,-0.600000,-0.600000,-0.600000,0.600000,-0.600000,-0.600000,-0.600000,-0.600000,0.600000,-0.600000,0.611950,0.600000,-0.600000,-0.600000,-0.600000
964,-0.600000,0.600000,-0.600000,1.000000,-0.600000,1.000000,-1.000000,-0.600000,0.600000,-0.600000,-0.600000,0.600000,-0.600000,0.600000,-0.600000,-0.600000,0.600000,-0.600000,-0.600000,-0.651523,-0.604795,0.600000,-0.600000,-0.600000,-0.611950,-0.600000,-0.600000,-0.600000,0.600000,-0.600000,-0.600000,-0.600000,-0.600000,-0.600000,0.600000,-0.000000,0.597599,0.600000,-0.600000,-0.600000,0.600000,-0.600000,0.600000,-0.600000,0.600000,0.600000,0.600000,-0.600000,-0.600000,-0.600000,0.600000,0.600000,-0.600000,0.600000,-0.600000,-0.600000,-0.600000,-0.600000,-0.600000,0.600000,-0.600000,-0.600000,-0.600000,-0.600000,0.600000,-0.600000,0.611950,0.600000,-0.600000,-0.600000,-0.600000
965,-0.600000,0.600000,-0.600000,1.000000,-0.600000,1.000000,-1.000000,-0.600000,0.600000,-0.600000,-0.600000,0.600000,-0.600000,0.600000,-0.600000,-0.600000,0.600000,-0.600000,-0.600000,-0.651523,-0.604795,0.600000,-0.600000,-0.600000,-0.611950,-0.600000,-0.600000,-0.600000,0.600000,-0.600000,-0.600000,-0.600000,-0.600000,-0.600000,0.600000,-0.000000,0.597599,0.600000,-0.600000,-0.600000,0.600000,-0.600000,0.600000,-0.600000,0.600000,0.600000,0.600000,-0.600000,-0.600000,-0.600000,0.600000,0.600000,-0.600000,0.600000,-0.600000,-0.600000,-0.600000,-0.600000,-0.600000,0.600000,-0.600000,-0.600000,-0.600000,-0.600000,0.600000,-0.600000,0.611950,0.600000,-0.600000,-0.600000,-0.600000
966,-0.600000,0.600000,-0.600000,1.000000,-0.600000,1.000000,-1.000000,-0.600000,0.600000,-0.600000,-0.600000,0.600000,-0.600000,0.600000,-0.600000,-0.600000,0.600000,-0.600000,-0.600000,-0.651523,-0.604795,0.600000,-0.600000,-0.600000,-0.611950,-0.600000,-0.600000,-0.600000,0.600000,-0.600000,-0.600000,-0.600000,-0.600000,-0.600000,0.600000,-0.000000,0.597599,0.600000,-0.600000,-0.600000,0.600000,-0.600000,0.600000,-0.600000,0.600000,0.600000,0.600000,-0.600000,-0.600000,-0.600000,0.600000,0.600000,-0.600000,0.600000,-0.600000,-0.600000,-0.600000,-0.600000,-0.600000,0.600000,-0.600000,-0.600000,-0.600000,-0.600000,0.600000,-0.600000,0.611950,0.600000,-0.600000,-0.600000,-0.600000
967,-0.600000,0.600000,-0.600000,1.000000,-0.600000,1.000000,-1.000000,-0.600000,0.600000,-0.600000,-0.600000,0.600000,-0.600000,0.600000,-0.600000,-0.600000,0.600000,-0.600000,-0.600000,-0.651523,-0.604795,0.600000,-0.600000,-0.600000,-0.611950,-0.600000,-0.600000,-0.600000,0.600000,-0.600000,-0.600000,-0.600000,-0.600000,-0.600000,0.600000,-0.000000,0.597599,0.600000,-0.600000,-0.600000,0.600000,-0.600000,0.600000,-0.600000,0.600000,0.600000,0.600000,-0.600000,-0.600000,-0.600000,0.600000,0.600000,-0.600000,0.600000,-0.600000,-0.600000,-0.600000,-0.600000,-0.600000,0.600000,-0.600000,-0.600000,-0.600000,-0.600000,0.600000,-0.600000,0.611950,0.600000,-0.600000,-0.600000,-0.600000
968,-0.600000,0.600000,-0.600000,1.000000,-0.600000,1.000000,-1.000000,-0.600000,0.600000,-0.600000,-0.600000,0.600000,-0.600000,0.600000,-0.600000,-0.600000,0.600000,-0.600000,-0.600000,-0.651523,-0.604795,0.600000,-0.600000,-0.600000,-0.611950,-0.600000,-0.600000,-0.600000,0.600000,-0.600000,-0.600000,-0.600000,-0.600000,-0.600000,0.600000,-0.000000,0.597599,0.600000,-0.600000,-0.600000,0.600000,-0.600000,0.600000,-0.600000,0.600000,0.600000,0.600000,-0.600000,-0.600000,-0.600000,0.600000,0.600000,-0.600000,0.600000,-0.600000,-0.600000,-0.600000,-0.600000,-0.600000,0.600000,-0.600000,-0.600000,-0.600000,-0.600000,0.600000,-0.600000,0.611950,0.600000,-0.600000,-0.600000,-0.600000
969,-0.600000,0.600000,-0.600000,1.000000,-0.600000,1.000000,-1.000000,-0.600000,0.600000,-0.600000,-0.600000,0.600000,-0.600000,0.600000,-0.600000,-0.600000,0.600000,-0.600000,-0.600000,-0.651523,-0.604795,0.600000,-0.600000,-0.600000,-0.611950,-0.600000,-0.600000,-0.600000,0.600000,-0.600000,-0.600000,-0.600000,-0.600000,-0.600000,0.600000,-0.000000,0.597599,0.600000,-0.600000,-0.600000,0.600000,-0.600000,0.600000,-0.600000,0.600000,0.600000,0.600000,-0.600000,-0.600000,-0.600000,0.600000,0.600000,-0.600000,0.600000,-0.600000,-0.600000,-0.600000,-0.600000,-0.600000,0.600000,-0.600000,-0.600000,-0.600000,-0.600000,0.600000,-0.600000,0.611950,0.600000,-0.600000,-0.600000,-0.600000
970,-0.600000,0.600000,-0.600000,1.000000,-0.600000,1.000000,-1.000000,-0.600000,0.600000,-0.600000,-0.600000,0.600000,-0.600000,0.600000,-0.600000,-0.600000,0.600000,-0.600000,-0.600000,-0.651523,-0.604795,0.600000,-0.600000,-0.600000,-0.611950,-0.600000,-0.600000,-0.600000,0.600000,-0.600000,-0.600000,-0.600000,-0.600000,-0.600000,0.600000,-0.000000,0.597599,0.600000,-0.600000,-0.600000,0.600000,-0.600000,0.600000,-0.600000,0.600000,0.600000,0.600000,-0.600000,-0.600000,-0.600000,0.600000,0.600000,-0.600000,0.600000,-0.600000,-0.600000,-0.600000,-0.600000,-0.600000,0.600000,-0.600000,-0.600000,-0.600000,-0.600000,0.600000,-0.600000,0.611950,0.600000,-0.600000,-0.600000,-0.600000
971,-0.600000,0.600000,-0.600000,1.000000,-0.600000,1.000000,-1.000000,-0.600000,0.600000,-0.600000,-0.600000,0.600000,-0.600000,0.600000,-0.600000,-0.600000,0.600000,-0.600000,-0.600000,-0.651523,-0.604795,0.600000,-0.600000,-0.600000,-0.611950,-0.600000,-0.600000,-0.600000,0.600000,-0.600000,-0.600000,-0.600000,-0.600000,-0.600000,0.600000,-0.000000,0.597599,0.600000,-0.600000,-0.600000,0.600000,-0.600000,0.600000,-0.600000,0.600000,0.600000,0.600000,-0.600000,-0.600000,-0.600000,0.600000,0.600000,-0.600000,0.600000,-0.600000,-0.600000,-0.600000,-0.600000,-0.600000,0.600000,-0.600000,-0.600000,-0.600000,-0.600000,0.600000,-0.600000,0.611950,0.600000,-0.600000,-0.600000,-0.600000
972,-0.600000,0.600000,-0.600000,1.000000,-0.600000,1.000000,-1.000000,-0.600000,0.600000,-0.600000,-0.600000,0.600000,-0.600000,0.600000,-0.600000,-0.600000,0.600000,-0.600000,-0.600000,-0.651523,-0.604795,0.600000,-0.600000,-0.600000,-0.611950,-0.600000,-0.600000,-0.600000,0.600000,-0.600000,-0.600000,-0.600000,-0.600000,-0.600000,0.600000,-0.000000,0.597599,0.600000,-0.600000,-0.600000,0.600000,-0.600000,0.600000,-0.600000,0.600000,0.600000,0.600000,-0.600000,-0.600000,-0.600000,0.600000,0.600000,-0.600000,0.600000,-0.600000,-0.600000,-0.600000,-0.600000,-0.600000,0.600000,-0.600000,-0.600000,-0.600000,-0.600000,0.600000,-0.600000,0.611950,0.600000,-0.600000,-0.600000,-0.600000
973,-0.600000,0.600000,-0.600000,1.000000,-0.600000,1.000000,-1.000000,-0.600000,0.600000,-0.600000,-0.600000,0.600000,-0.600000,0.600000,-0.600000,-0.600000,0.600000,-0.600000,-0.600000,-0.651523,-0.604795,0.600000,-0.600000,-0.600000,-0.611950,-0.600000,-0.600000,-0.600000,0.600000,-0.600000,-0.600000,-0.600000,-0.600000,-0.600000,0.600000,-0.000000,0.597599,0.600000,-0.600000,-0.600000,0.600000,-0.600000,0.600000,-0.600000,0.600000,0.600000,0.600000,-0.600000,-0.600000,-0.600000,0.600000,0.600000,-0.600000,0.600000,-0.600000,-0.600000,-0.600000,-0.600000,-0.600000,0.600000,-0.600000,-0.600000,-0.600000,-0.600000,0.600000,-0.600000,0.611950,0.600000,-0.600000,-0.600000,-0.600000
974,-0.600000,0.600000,-0.600000,1.000000,-0.600000,1.000000,-1.000000,-0.600000,0.600000,-0.600000,-0.600000,0.600000,-0.600000,0.600000,-0.600000,-0.600000,0.600000,-0.600000,-0.600000,-0.651523,-0.604795,0.600000,-0.600000,-0.600000,-0.611950,-0.600000,-0.600000,-0.600000,0.600000,-0.600000,-0.600000,-0.600000,-0.600000,-0.600000,0.600000,-0.000000,0.597599,0.600000,-0.600000,-0.600000,0.600000,-0.600000,0.600000,-0.600000,0.600000,0.600000,0.600000,-0.600000,-0.600000,-0.600000,0.600000,0.600000,-0.600000,0.600000,-0.600000,-0.600000,-0.600000,-0.600000,-0.600000,0.600000,-0.600000,-0.600000,-0.600000,-0.600000,0.600000,-0.600000,0.611950,0.600000,-0.600000,-0.600000,-0.600000
975,-0.600000,0.600000,-0.600000,1.000000,-0.600000,1.000000,-1.000000,-0.600000,0.600000,-0.600000,-0.600000,0.600000,-0.600000,0.600000,-0.600000,-0.600000,0.600000,-0.600000,-0.600000,-0.651523,-0.604795,0.600000,-0.600000,-0.600000,-0.611950,-0.600000,-0.600000,-0.600000,0.600000,-0.600000,-0.600000,-0.600000,-0.600000,-0.600000,0.600000,-0.000000,0.597599,0.600000,-0.600000,-0.600000,0.600000,-0.600000,0.600000,-0.600000,0.600000,0.600000,0.600000,-0.600000,-0.600000,-0.600000,0.600000,0.600000,-0.600000,0.600000,-0.600000,-0.600000,-0.600000,-0.600000,-0.600000,0.600000,-0.600000,-0.600000,-0.600000,-0.600000,0.600000,-0.600000,0.611950,0.600000,-0.600000,-0.600000,-0.600000
976,-0.600000,0.600000,-0.600000,1.000000,-0.600000,1.000000,-1.000000,-0.600000,0.600000,-0.600000,-0.600000,0.600000,-0.600000,0.600000,-0.600000,-0.600000,0.600000,-0.600000,-0.600000,-0.651523,-0.604795,0.600000,-0.600000,-0.600000,-0.611950,-0.600000,-0.600000,-0.600000,0.600000,-0.600000,-0.600000,-0.600000,-0.600000,-0.600000,0.600000,-0.000000,0.597599,0.600000,-0.600000,-0.600000,0.600000,-0.600000,0.600000,-0.600000,0.600000,0.600000,0.600000,-0.600000,-0.600000,-0.600000,0.600000,0.600000,-0.600000,0.600000,-0.600000,-0.600000,-0.600000,-0.600000,-0.600000,0.600000,-0.600000,-0.600000,-0.600000,-0.600000,0.600000,-0.600000,0.611950,0.600000,-0.600000,-0.600000,-0.600000
977,-0.600000,0.600000,-0.600000,1.000000,-0.600000,1.000000,-1.000000,-0.600000,0.600000,-0.600000,-0.600000,0.600000,-0.600000,0.600000,-0.600000,-0.600000,0.600000,-0.600000,-0.600000,-0.651523,-0.604795,0.600000,-0.600000,-0.600000,-0.611950,-0.600000,-0.600000,-0.600000,0.600000,-0.600000,-0.600000,-0.600000,-0.600000,-0.600000,0.600000,-0.000000,0.597599,0.600000,-0.600000,-0.600000,0.600000,-0.600000,0.600000,-0.600000,0.600000,0.600000,0.600000,-0.600000,-0.600000,-0.600000,0.600000,0.600000,-0.600000,0.600000,-0.600000,-0.600000,-0.600000,-0.600000,-0.600000,0.600000,-0.600000,-0.600000,-0.600000,-0.600000,0.600000,-0.600000,0.611950,0.600000,-0.600000,-0.600000,-0.600000
978,-0.600000,0.600000,-0.600000,1.000000,-0.600000,1.000000,-1.000000,-0.600000,0.600000,-0.600000,-0.600000,0.600000,-0.600000,0.600000,-0.600000,-0.600000,0.600000,-0.600000,-0.600000,-0.651523,-0.604795,0.600000,-0.600000,-0.600000,-0.611950,-0.600000,-0.600000,-0.600000,0.600000,-0.600000,-0.600000,-0.600000,-0.600000,-0.600000,0.600000,-0.000000,0.597599,0.600000,-0.600000,-0.600000,0.600000,-0.600000,0.600000,-0.600000,0.600000,0.600000,0.600000,-0.600000,-0.600000,-0.600000,0.600000,0.600000,-0.600000,0.600000,-0.600000,-0.600000,-0.600000,-0.600000,-0.600000,0.600000,-0.600000,-0.600000,-0.600000,-0.600000,0.600000,-0.600000,0.611950,0.600000,-0.600000,-0.600000,-0.600000
979,-0.600000,0.600000,-0.600000,1.000000,-0.600000,1.000000,-1.000000,-0.600000,0.600000,-0.600000,-0.600000,0.600000,-0.600000,0.600000,-0.600000,-0.600000,0.600000,-0.600000,-0.600000,-0.651523,-0.604795,0.600000,-0.600000,-0.600000,-0.611950,-0.600000,-0.600000,-0.600000,0.600000,-0.600000,-0.600000,-0.600000,-0.600000,-0.600000,0.600000,-0.000000,0.597599,0.600000,-0.600000,-0.600000,0.600000,-0.600000,0.600000,-0.600000,0.600000,0.600000,0.600000,-0.600000,-0.600000,-0.600000,0.600000,0.600000,-0.600000,0.600000,-0.600000,-0.600000,-0.600000,-0.600000,-0.600000,0.600000,-0.600000,-0.600000,-0.600000,-0.600000,0.600000,-0.600000,0.611950,0.600000,-0.600000,-0.600000,-0.600000
980,-0.600000,0.600000,-0.600000,1.000000,-0.600000,1.000000,-1.000000,-0.600000,0.600000,-0.600000,-0.600000,0.600000,-0.600000,0.600000,-0.600000,-0.600000,0.600000,-0.600000,-0.600000,-0.651523,-0.604795,0.600000,-0.600000,-0.600000,-0.611950,-0.600000,-0.600000,-0.600000,0.600000,-0.600000,-0.600000,-0.600000,-0.600000,-0.600000,0.600000,-0.000000,0.597599,0.600000,-0.600000,-0.600000,0.600000,-0.600000,0.600000,-0.600000,0.600000,0.600000,0.600000,-0.600000,-0.600000,-0.600000,0.600000,0.600000,-0.600000,0.600000,-0.600000,-0.600000,-0.600000,-0.600000,-0.600000,0.600000,-0.600000,-0.600000,-0.600000,-0.600000,0.600000,-0.600000,0.611950,0.600000,-0.600000,-0.600000,-0.600000
981,-0.600000,0.600000,-0.600000,1.000000,-0.600000,1.000000,-1.000000,-0.600000,0.600000,-0.600000,-0.600000,0.600000,-0.600000,0.600000,-0.600000,-0.600000,0.600000,-0.600000,-0.600000,-0.651523,-0.604795,0.600000,-0.600000,-0.600000,-0.611950,-0.600000,-0.600000,-0.600000,0.600000,-0.600000,-0.600000,-0.600000,-0.600000,-0.600000,0.600000,-0.000000,0.597599,0.600000,-0.600000,-0.600000,0.600000,-0.600000,0.600000,-0.600000,0.600000,0.600000,0.600000,-0.600000,-0.600000,-0.600000,0.600000,0.600000,-0.600000,0.600000,-0.600000,-0.600000,-0.600000,-0.600000,-0.600000,0.600000,-0.600000,-0.600000,-0.600000,-0.600000,0.600000,-0.600000,0.611950,0.600000,-0.600000,-0.600000,-0.600000
982,-0.600000,0.600000,-0.600000,1.000000,-0.600000,1.000000,-1.000000,-0.600000,0.600000,-0.600000,-0.600000,0.600000,-0.600000,0.600000,-0.600000,-0.600000,0.600000,-0.600000,-0.600000,-0.651523,-0.604795,0.600000,-0.600000,-0.600000,-0.611950,-0.600000,-0.600000,-0.600000,0.600000,-0.600000,-0.600000,-0.600000,-0.600000,-0.600000,0.600000,-0.000000,0.597599,0.600000,-0.600000,-0.600000,0.600000,-0.600000,0.600000,-0.600000,0.600000,0.600000,0.600000,-0.600000,-0.600000,-0.600000,0.600000,0.600000,-0.600000,0.600000,-0.600000,-0.600000,-0.600000,-0.600000,-0.600000,0.600000,-0.600000,-0.600000,-0.600000,-0.600000,0.600000,-0.600000,0.611950,0.600000,-0.600000,-0.600000,-0.600000
983,-0.600000,0.600000,-0.600000,1.000000,-0.600000,1.000000,-1.000000,-0.600000,0.600000,-0.600000,-0.600000,0.600000,-0.600000,0.600000,-0.600000,-0.600000,0.600000,-0.600000,-0.600000,-0.651523,-0.604795,0.600000,-0.600000,-0.600000,-0.611950,-0.600000,-0.600000,-0.600000,0.600000,-0.600000,-0.600000,-0.600000,-0.600000,-0.600000,0.600000,-0.000000,0.597599,0.600000,-0.600000,-0.600000,0.600000,-0.600000,0.600000,-0.600000,0.600000,0.600000,0.600000,-0.600000,-0.600000,-0.600000,0.600000,0.600000,-0.600000,0.600000,-0.600000,-0.600000,-0.600000,-0.600000,-0.600000,0.600000,-0.600000,-0.600000,-0.600000,-0.600000,0.600000,-0.600000,0.611950,0.600000,-0.600000,-0.600000,-0.600000
984,-0.600000,0.600000,-0.600000,1.000000,-0.600000,1.000000,-1.000000,-0.600000,0.600000,-0.600000,-0.600000,0.600000,-0.600000,0.600000,-0.600000,-0.600000,0.600000,-0.600000,-0.600000,-0.651523,-0.604795,0.600000,-0.600000,-0.600000,-0.611950,-0.600000,-0.600000,-0.600000,0.600000,-0.600000,-0.600000,-0.600000,-0.600000,-0.600000,0.600000,-0.000000,0.597599,0.600000,-0.600000,-0.600000,0.600000,-0.600000,0.600000,-0.600000,0.600000,0.600000,0.600000,-0.600000,-0.600000,-0.600000,0.600000,0.600000,-0.600000,0.600000,-0.600000,-0.600000,-0.600000,-0.600000,-0.600000,0.600000,-0.600000,-0.600000,-0.600000,-0.600000,0.600000,-0.600000,0.611950,0.600000,-0.600000,-0.600000,-0.600000
985,-0.600000,0.600000,-0.600000,1.000000,-0.600000,1.000000,-1.000000,-0.600000,0.600000,-0.600000,-0.600000,0.600000,-0.600000,0.600000,-0.600000,-0.600000,0.600000,-0.600000,-0.600000,-0.651523,-0.604795,0.600000,-0.600000,-0.600000,-0.611950,-0.600000,-0.600000,-0.600000,0.600000,-0.600000,-0.600000,-0.600000,-0.600000,-0.600000,0.600000,-0.000000,0.597599,0.600000,-0.600000,-0.600000,0.600000,-0.600000,0.600000,-0.600000,0.600000,0.600000,0.600000,-0.600000,-0.600000,-0.600000,0.600000,0.600000,-0.600000,0.600000,-0.600000,-0.600000,-0.600000,-0.600000,-0.600000,0.600000,-0.600000,-0.600000,-0.600000,-0.600000,0.600000,-0.600000,0.611950,0.600000,-0.600000,-0.600000,-0.600000
986,-0.600000,0.600000,-0.600000,1.000000,-0.600000,1.000000,-1.000000,-0.600000,0.600000,-0.600000,-0.600000,0.600000,-0.600000,0.600000,-0.600000,-0.600000,0.600000,-0.600000,-0.600000,-0.651523,-0.604795,0.600000,-0.600000,-0.600000,-0.611950,-0.600000,-0.600000,-0.600000,0.600000,-0.600000,-0.600000,-0.600000,-0.600000,-0.600000,0.600000,-0.000000,0.597599,0.600000,-0.600000,-0.600000,0.600000,-0.600000,0.600000,-0.600000,0.600000,0.600000,0.600000,-0.600000,-0.600000,-0.600000,0.600000,0.600000,-0.600000,0.600000,-0.600000,-0.600000,-0.600000,-0.600000,-0.600000,0.600000,-0.600000,-0.600000,-0.600000,-0.600000,0.600000,-0.600000,0.611950,0.600000,-0.600000,-0.600000,-0.600000
987,-0.600000,0.600000,-0.600000,1.000000,-0.600000,1.000000,-1.000000,-0.600000,0.600000,-0.600000,-0.600000,0.600000,-0.600000,0.600000,-0.600000,-0.600000,0.600000,-0.600000,-0.600000,-0.651523,-0.604795,0.600000,-0.600000,-0.600000,-0.611950,-0.600000,-0.600000,-0.600000,0.600000,-0.600000,-0.600000,-0.600000,-0.600000,-0.600000,0.600000,-0.000000,0.597599,0.600000,-0.600000,-0.600000,0.600000,-0.600000,0.600000,-0.600000,0.600000,0.600000,0.600000,-0.600000,-0.600000,-0.600000,0.600000,0.600000,-0.600000,0.600000,-0.600000,-0.600000,-0.600000,-0.600000,-0.600000,0.600000,-0.600000,-0.600000,-0.600000,-0.600000,0.600000,-0.600000,0.611950,0.600000,-0.600000,-0.600000,-0.600000
988,-0.600000,0.600000,-0.600000,1.000000,-0.600000,1.000000,-1.000000,-0.600000,0.600000,-0.600000,-0.600000,0.600000,-0.600000,0.600000,-0.600000,-0.600000,0.600000,-0.600000,-0.600000,-0.651523,-0.604795,0.600000,-0.600000,-0.600000,-0.611950,-0.600000,-0.600000,-0.600000,0.600000,-0.600000,-0.600000,-0.600000,-0.600000,-0.600000,0.600000,-0.000000,0.597599,0.600000,-0.600000,-0.600000,0.600000,-0.600000,0.600000,-0.600000,0.600000,0.600000,0.600000,-0.600000,-0.600000,-0.600000,0.600000,0.600000,-0.600000,0.600000,-0.600000,-0.600000,-0.600000,-0.600000,-0.600000,0.600000,-0.600000,-0.600000,-0.600000,-0.600000,0.600000,-0.600000,0.611950,0.600000,-0.600000,-0.600000,-0.600000
989,-0.600000,0.600000,-0.600000,1.000000,-0.600000,1.000000,-1.000000,-0.600000,0.600000,-0.600000,-0.600000,0.600000,-0.600000,0.600000,-0.600000,-0.600000,0.600000,-0.600000,-0.600000,-0.651523,-0.604795,0.600000,-0.600000,-0.600000,-0.611950,-0.600000,-0.600000,-0.600000,0.600000,-0.600000,-0.600000,-0.600000,-0.600000,-0.600000,0.600000,-0.000000,0.597599,0.600000,-0.600000,-0.600000,0.600000,-0.600000,0.600000,-0.600000,0.600000,0.600000,0.600000,-0.600000,-0.600000,-0.600000,0.600000,0.600000,-0.600000,0.600000,-0.600000,-0.600000,-0.600000,-0.600000,-0.600000,0.600000,-0.600000,-0.600000,-0.600000,-0.600000,0.600000,-0.600000,0.611950,0.600000,-0.600000,-0.600000,-0.600000
990,-0.600000,0.600000,-0.600000,1.000000,-0.600000,1.000000,-1.000000,-0.600000,0.600000,-0.600000,-0.600000,0.600000,-0.600000,0.600000,-0.600000,-0.600000,0.600000,-0.600000,-0.600000,-0.651523,-0.604795,0.600000,-0.600000,-0.600000,-0.611950,-0.600000,-0.600000,-0.600000,0.600000,-0.600000,-0.600000,-0.600000,-0.600000,-0.600000,0.600000,-0.000000,0.597599,0.600000,-0.600000,-0.600000,0.600000,-0.600000,0.600000,-0.600000,0.600000,0.600000,0.600000,-0.600000,-0.600000,-0.600000,0.600000,0.600000,-0.600000,0.600000,-0.600000,-0.600000,-0.600000,-0.600000,-0.600000,0.600000,-0.600000,-0.600000,-0.600000,-0.600000,0.600000,-0.600000,0.611950,0.600000,-0.600000,-0.600000,-0.600000
991,-0.600000,0.600000,-0.600000,1.000000,-0.600000,1.000000,-1.000000,-0.600000,0.600000,-0.600000,-0.600000,0.600000,-0.600000,0.600000,-0.600000,-0.600000,0.600000,-0.600000,-0.600000,-0.651523,-0.604795,0.600000,-0.600000,-0.600000,-0.611950,-0.600000,-0.600000,-0.600000,0.600000,-0.600000,-0.600000,-0.600000,-0.600000,-0.600000,0.600000,-0.000000,0.597599,0.600000,-0.600000,-0.600000,0.600000,-0.600000,0.600000,-0.600000,0.600000,0.600000,0.600000,-0.600000,-0.600000,-0.600000,0.600000,0.600000,-0.600000,0.600000,-0.600000,-0.600000,-0.600000,-0.600000,-0.600000,0.600000,-0.600000,-0.600000,-0.600000,-0.600000,0.600000,-0.600000,0.611950,0.600000,-0.600000,-0.600000,-0.600000
992,-0.600000,0.600000,-0.600000,1.000000,-0.600000,1.000000,-1.000000,-0.600000,0.600000,-0.600000,-0.600000,0.600000,-0.600000,0.600000,-0.600000,-0.600000,0.600000,-0.600000,-0.600000,-0.651523,-0.604795,0.600000,-0.600000,-0.600000,-0.611950,-0.600000,-0.600000,-0.600000,0.600000,-0.600000,-0.600000,-0.600000,-0.600000,-0.600000,0.600000,-0.000000,0.597599,0.600000,-0.600000,-0.600000,0.600000,-0.600000,0.600000,-0.600000,0.600000,0.600000,0.600000,-0.600000,-0.600000,-0.600000,0.600000,0.600000,-0.600000,0.600000,-0.600000,-0.600000,-0.600000,-0.600000,-0.600000,0.600000,-0.600000,-0.600000,-0.600000,-0.600000,0.600000,-0.600000,0.611950,0.600000,-0.600000,-0.600000,-0.600000
993,-0.600000,0.600000,-0.600000,1.000000,-0.600000,1.000000,-1.000000,-0.600000,0.600000,-0.600000,-0.600000,0.600000,-0.600000,0.600000,-0.600000,-0.600000,0.600000,-0.600000,-0.600000,-0.651523,-0.604795,0.600000,-0.600000,-0.600000,-0.611950,-0.600000,-0.600000,-0.600000,0.600000,-0.600000,-0.600000,-0.600000,-0.600000,-0.600000,0.600000,-0.000000,0.597599,0.600000,-0.600000,-0.600000,0.600000,-0.600000,0.600000,-0.600000,0.600000,0.600000,0.600000,-0.600000,-0.600000,-0.600000,0.600000,0.600000,-0.600000,0.600000,-0.600000,-0.600000,-0.600000,-0.600000,-0.600000,0.600000,-0.600000,-0.600000,-0.600000,-0.600000,0.600000,-0.600000,0.611950,0.600000,-0.600000,-0.600000,-0.600000
994,-0.600000,0.600000,-0.600000,1.000000,-0.600000,1.000000,-1.000000,-0.600000,0.600000,-0.600000,-0.600000,0.600000,-0.600000,0.600000,-0.600000,-0.600000,0.600000,-0.600000,-0.600000,-0.651523,-0.604795,0.600000,-0.600000,-0.600000,-0.611950,-0.600000,-0.600000,-0.600000,0.600000,-0.600000,-0.600000,-0.600000,-0.600000,-0.600000,0.600000,-0.000000,0.597599,0.600000,-0.600000,-0.600000,0.600000,-0.600000,0.600000,-0.600000,0.600000,0.600000,0.600000,-0.600000,-0.600000,-0.600000,0.600000,0.600000,-0.600000,0.600000,-0.600000,-0.600000,-0.600000,-0.600000,-0.600000,0.600000,-0.600000,-0.600000,-0.600000,-0.600000,0.600000,-0.600000,0.611950,0.600000,-0.600000,-0.600000,-0.600000
995,-0.600000,0.600000,-0.600000,1.000000,-0.600000,1.000000,-1.000000,-0.600000,0.600000,-0.600000,-0.600000,0.600000,-0.600000,0.600000,-0.600000,-0.600000,0.600000,-0.600000,-0.600000,-0.651523,-0.604795,0.600000,-0.600000,-0.600000,-0.611950,-0.600000,-0.600000,-0.600000,0.600000,-0.600000,-0.600000,-0.600000,-0.600000,-0.600000,0.600000,-0.000000,0.597599,0.600000,-0.600000,-0.600000,0.600000,-0.600000,0.600000,-0.600000,0.600000,0.600000,0.600000,-0.600000,-0.600000,-0.600000,0.600000,0.600000,-0.600000,0.600000,-0.600000,-0.600000,-0.600000,-0.600000,-0.600000,0.600000,-0.600000,-0.600000,-0.600000,-0.600000,0.600000,-0.600000,0.611950,0.600000,-0.600000,-0.600000,-0.600000
996,-0.600000,0.600000,-0.600000,1.000000,-0.600000,1.000000,-1.000000,-0.600000,0.600000,-0.600000,-0.600000,0.600000,-0.600000,0.600000,-0.600000,-0.600000,0.600000,-0.600000,-0.600000,-0.651523,-0.604795,0.600000,-0.600000,-0.600000,-0.611950,-0.600000,-0.600000,-0.600000,0.600000,-0.600000,-0.600000,-0.600000,-0.600000,-0.600000,0.600000,-0.000000,0.597599,0.600000,-0.600000,-0.600000,0.600000,-0.600000,0.600000,-0.600000,0.600000,0.600000,0.600000,-0.600000,-0.600000,-0.600000,0.600000,0.600000,-0.600000,0.600000,-0.600000,-0.600000,-0.600000,-0.600000,-0.600000,0.600000,-0.600000,-0.600000,-0.600000,-0.600000,0.600000,-0.600000,0.611950,0.600000,-0.600000,-0.600000,-0.600000
997,-0.600000,0.600000,-0.600000,1.000000,-0.600000,1.000000,-1.000000,-0.600000,0.600000,-0.600000,-0.600000,0.600000,-0.600000,0.600000,-0.600000,-0.600000,0.600000,-0.600000,-0.600000,-0.651523,-0.604795,0.600000,-0.600000,-0.600000,-0.611950,-0.600000,-0.600000,-0.600000,0.600000,-0.600000,-0.600000,-0.600000,-0.600000,-0.600000,0.600000,-0.000000,0.597599,0.600000,-0.600000,-0.600000,0.600000,-0.600000,0.600000,-0.600000,0.600000,0.600000,0.600000,-0.600000,-0.600000,-0.600000,0.600000,0.600000,-0.600000,0.600000,-0.600000,-0.600000,-0.600000,-0.600000,-0.600000,0.600000,-0.600000,-0.600000,-0.600000,-0.600000,0.600000,-0.600000,0.611950,0.600000,-0.600000,-0.600000,-0.600000
998,-0.600000,0.600000,-0.600000,1.000000,-0.600000,1.000000,-1.000000,-0.600000,0.600000,-0.600000,-0.600000,0.600000,-0.600000,0.600000,-0.600000,-0.600000,0.600000,-0.600000,-0.600000,-0.651523,-0.604795,0.600000,-0.600000,-0.600000,-0.611950,-0.600000,-0.600000,-0.600000,0.600000,-0.600000,-0.600000,-0.600000,-0.600000,-0.600000,0.600000,-0.000000,0.597599,0.600000,-0.600000,-0.600000,0.600000,-0.600000,0.600000,-0.600000,0.600000,0.600000,0.600000,-0.600000,-0.600000,-0.600000,0.600000,0.600000,-0.600000,0.600000,-0.600000,-0.600000,-0.600000,-0.600000,-0.600000,0.600000,-0.600000,-0.600000,-0.600000,-0.600000,0.600000,-0.600000,0.611950,0.600000,-0.600000,-0.600000,-0.600000
999,-0.600000,0.600000,-0.600000,1.000000,-0.600000,1.000000,-1.000000,-0.600000,0.600000,-0.600000,-0.600000,0.600000,-0.600000,0.600000,-0.600000,-0.600000,0.600000,-0.600000,-0.600000,-0.651523,-0.604795,0.600000,-0.600000,-0.600000,-0.611950,-0.600000,-0.600000,-0.600000,0.600000,-0.600000,-0.600000,-0.600000,-0.600000,-0.600000,0.600000,-0.000000,0.597599,0.600000,-0.600000,-0.600000,0.600000,-0.600000,0.600000,-0.600000,0.600000,0.600000,0.600000,-0.600000,-0.600000,-0.600000,0.600000,0.600000,-0.600000,0.600000,-0.600000,-0.600000,-0.600000,-0.600000,-0.600000,0.600000,-0.600000,-0.600000,-0.600000,-0.600000,0.600000,-0.600000,0.611950,0.600000,-0.600000,-0.600000,-0.600000
1000,-0.600000,0.600000,-0.600000,1.000000,-0.600000,1.000000,-1.000000,-0.600000,0.600000,-0.600000,-0.600000,0.600000,-0.600000,0.600000,-0.600000,-0.600000,0.600000,-0.600000,-0.600000,-0.651523,-0.604795,0.600000,-0.600000,-0.600000,-0.611950,-0.600000,-0.600000,-0.600000,0.600000,-0.600000,-0.600000,-0.600000,-0.600000,-0.600000,0.600000,-0.000000,0.597599,0.600000,-0.600000,-0.600000,0.600000,-0.600000,0.600000,-0.600000,0.600000,0.600000,0.600000,-0.600000,-0.600000,-0.600000,0.600000,0.600000,-0.600000,0.600000,-0.600000,-0.600000,-0.600000,-0.600000,-0.600000,0.600000,-0.600000,-0.600000,-0.600000,-0.600000,0.600000,-0.600000,0.611950,0.600000,-0.600000,-0.600000,-0.600000
