tick,energy,eats,distance,conn_1_6_weight,food_north_sensed,moved_north
0,30,0,0,0.100000,0,0
1,29,0,0,0.100000,0,0
2,27,0,1,0.100000,0,0
3,29,1,1,0.100000,0,0
4,27,1,2,0.100000,0,0
5,29,2,2,0.100000,0,0
6,27,2,3,0.100000,0,0
7,25,2,4,0.100000,0,1
8,23,2,5,0.100000,0,0
9,21,2,6,0.113595,0,1
10,19,2,7,0.114829,0,0
11,29,3,7,0.114829,0,0
12,27,3,8,0.114829,0,0
13,29,4,8,0.114829,0,0
14,27,4,9,0.114829,0,0
15,25,4,10,0.114829,0,0
16,23,4,11,0.114829,0,1
17,21,4,12,0.129607,0,0
18,19,4,13,0.130836,0,0
19,29,5,13,0.130836,0,0
20,27,5,14,0.130836,0,0
21,29,6,14,0.130836,0,0
22,27,6,15,0.130836,0,0
23,25,6,16,0.130836,0,0
24,23,6,17,0.130836,0,0
25,29,7,17,0.130836,0,0
26,27,7,18,0.130836,0,0
27,25,7,19,0.130836,0,0
28,23,7,20,0.130836,0,0
29,21,7,21,0.130836,0,0
30,19,7,22,0.130836,0,0
31,17,7,23,0.130836,0,0
32,29,8,23,0.130836,0,0
33,27,8,24,0.130836,0,1
34,25,8,25,0.130836,0,0
35,23,8,26,0.130836,0,0
36,21,8,27,0.130836,0,0
37,29,9,27,0.130836,0,0
38,27,9,28,0.130836,0,0
39,29,10,28,0.130836,0,0
40,27,10,29,0.130836,0,0
41,29,11,29,0.130836,0,0
42,27,11,30,0.130836,0,0
43,25,11,31,0.130836,0,0
44,29,12,31,0.130836,0,0
45,27,12,32,0.144327,1,1
46,25,12,33,0.145551,0,0
47,23,12,34,0.145551,0,1
48,21,12,35,0.145551,0,0
49,29,13,35,0.145551,0,0
50,27,13,36,0.145551,0,1
51,25,13,37,0.145551,0,0
52,23,13,38,0.145551,0,0
53,21,13,39,0.145551,0,0
54,29,14,39,0.145551,0,0
55,27,14,40,0.145551,0,0
56,29,15,40,0.145551,0,0
57,27,15,41,0.145551,0,0
58,29,16,41,0.145551,0,0
59,27,16,42,0.145551,0,1
60,25,16,43,0.145551,0,0
61,23,16,44,0.158985,0,1
62,21,16,45,0.160203,0,0
63,29,17,45,0.160203,0,0
64,27,17,46,0.160203,0,0
65,25,17,47,0.160203,0,0
66,23,17,48,0.160203,0,1
67,21,17,49,0.160203,0,0
68,29,18,49,0.160203,0,0
69,27,18,50,0.160203,0,0
70,25,18,51,0.160203,0,1
71,23,18,52,0.160203,0,0
72,21,18,53,0.160203,0,1
73,19,18,54,0.173573,0,0
74,17,18,55,0.174785,0,0
75,29,19,55,0.174785,0,0
76,27,19,56,0.174785,0,0
77,25,19,57,0.174785,0,0
78,29,20,57,0.174785,0,0
79,27,20,58,0.190496,1,1
80,25,20,59,0.191701,0,1
81,29,21,59,0.191701,0,0
82,27,21,60,0.191701,0,0
83,25,21,61,0.204913,1,0
84,29,22,61,0.219242,1,0
85,27,22,62,0.220432,0,0
86,25,22,63,0.245264,1,0
87,24,22,63,0.266298,1,0
88,22,22,64,0.267459,0,1
89,29,23,64,0.267459,0,0
90,27,23,65,0.267459,0,1
91,25,23,66,0.267459,0,1
92,23,23,67,0.267459,0,0
93,29,24,67,0.267459,0,0
94,27,24,68,0.267459,0,0
95,25,24,69,0.267459,0,0
96,29,25,69,0.267459,0,0
97,27,25,70,0.267459,0,0
98,25,25,71,0.291665,0,0
99,29,26,71,0.305333,0,0
100,27,26,72,0.306466,0,0
101,29,27,72,0.306466,0,0
102,27,27,73,0.306466,0,0
103,25,27,74,0.306466,0,1
104,23,27,75,0.306466,0,0
105,29,28,75,0.306466,0,0
106,27,28,76,0.306466,0,0
107,25,28,77,0.318877,1,0
108,29,29,77,0.334515,1,0
109,27,29,78,0.335625,0,0
110,25,29,79,0.335625,0,0
111,29,30,79,0.335625,0,0
112,27,30,80,0.335625,0,0
113,25,30,81,0.335625,0,0
114,23,30,82,0.335625,0,0
115,21,30,83,0.348873,0,0
116,19,30,84,0.349971,0,0
117,29,31,84,0.349971,0,0
118,27,31,85,0.349971,0,0
119,29,32,85,0.349971,0,0
120,27,32,86,0.349971,0,0
121,25,32,87,0.349971,0,0
122,23,32,88,0.349971,0,0
123,29,33,88,0.349971,0,0
124,27,33,89,0.349971,0,1
125,25,33,90,0.349971,0,0
126,23,33,91,0.349971,0,0
127,21,33,92,0.349971,0,0
128,19,33,93,0.349971,0,0
129,17,33,94,0.349971,0,0
130,29,34,94,0.349971,0,0
131,27,34,95,0.349971,0,1
132,25,34,96,0.349971,0,0
133,23,34,97,0.349971,0,1
134,21,34,98,0.349971,0,1
135,19,34,99,0.349971,0,0
136,17,34,100,0.349971,0,0
137,15,34,101,0.349971,0,0
138,29,35,101,0.349971,0,0
139,27,35,102,0.349971,0,0
140,25,35,103,0.349971,0,0
141,23,35,104,0.349971,0,0
142,21,35,105,0.349971,0,0
143,19,35,106,0.349971,0,0
144,29,36,106,0.349971,0,0
145,27,36,107,0.349971,0,0
146,25,36,108,0.349971,0,0
147,23,36,109,0.349971,0,0
148,21,36,110,0.349971,0,0
149,29,37,110,0.349971,0,0
150,27,37,111,0.349971,0,0
151,25,37,112,0.349971,0,0
152,23,37,113,0.361984,1,1
153,21,37,114,0.363070,0,1
154,29,38,114,0.363070,0,0
155,27,38,115,0.363070,0,0
156,25,38,116,0.380314,1,0
157,23,38,117,0.399402,1,0
158,21,38,118,0.400453,0,0
159,19,38,119,0.400453,0,0
160,17,38,120,0.400453,0,1
161,15,38,121,0.411940,0,0
162,13,38,122,0.412978,0,0
163,29,39,122,0.412978,0,0
164,27,39,123,0.412978,0,0
165,25,39,124,0.412978,0,0
166,29,40,124,0.412978,0,0
167,27,40,125,0.424323,0,0
168,29,41,125,0.437562,0,0
169,27,41,126,0.438573,0,0
170,29,42,126,0.438573,0,0
171,27,42,127,0.451610,1,0
172,25,42,128,0.463477,1,1
173,29,43,128,0.477114,1,0
174,27,43,129,0.478079,0,0
175,25,43,130,0.478079,0,0
176,29,44,130,0.478079,0,0
177,27,44,131,0.488623,1,0
178,25,44,132,0.489574,0,1
179,29,45,132,0.489574,0,0
180,27,45,133,0.489574,0,0
181,25,45,134,0.489574,0,1
182,23,45,135,0.489574,0,1
183,21,45,136,0.489574,0,0
184,29,46,136,0.489574,0,0
185,27,46,137,0.489574,0,0
186,29,47,137,0.489574,0,0
187,27,47,138,0.489574,0,0
188,25,47,139,0.489574,0,0
189,23,47,140,0.489574,0,0
190,21,47,141,0.489574,0,0
191,19,47,142,0.489574,0,0
192,17,47,143,0.489574,0,0
193,15,47,144,0.489574,0,0
194,13,47,145,0.489574,0,0
195,11,47,146,0.489574,0,0
196,29,48,146,0.489574,0,0
197,27,48,147,0.489574,0,1
198,25,48,148,0.489574,0,0
199,29,49,148,0.489574,0,0
200,27,49,149,0.489574,0,0
201,25,49,150,0.489574,0,0
202,23,49,151,0.489574,0,0
203,21,49,152,0.499964,1,0
204,29,50,152,0.511137,1,0
205,27,50,153,0.512061,0,0
206,25,50,154,0.512061,0,0
207,29,51,154,0.512061,0,0
208,27,51,155,0.512061,0,0
209,29,52,155,0.512061,0,0
210,27,52,156,0.512061,0,0
211,29,53,156,0.512061,0,0
212,27,53,157,0.512061,0,0
213,25,53,158,0.512061,0,0
214,23,53,159,0.523050,0,1
215,21,53,160,0.523958,0,1
216,29,54,160,0.523958,0,0
217,27,54,161,0.523958,0,0
218,25,54,162,0.523958,0,0
219,23,54,163,0.523958,0,0
220,21,54,164,0.535654,1,1
221,19,54,165,0.546271,0,1
222,29,55,165,0.556716,0,0
223,27,55,166,0.557578,0,0
224,29,56,166,0.557578,0,0
225,27,56,167,0.557578,0,0
226,25,56,168,0.557578,0,0
227,23,56,169,0.566987,1,1
228,21,56,170,0.567835,0,1
229,29,57,170,0.567835,0,0
230,27,57,171,0.577086,0,0
231,29,58,171,0.587011,0,0
232,27,58,172,0.587830,0,0
233,29,59,172,0.587830,0,0
234,27,59,173,0.601574,1,0
235,25,59,174,0.611066,1,1
236,23,59,175,0.611849,0,1
237,29,60,175,0.611849,0,0
238,27,60,176,0.611849,0,0
239,29,61,176,0.611849,0,0
240,27,61,177,0.611849,0,1
241,25,61,178,0.620386,1,0
242,23,61,179,0.621155,0,1
243,29,62,179,0.621155,0,0
244,27,62,180,0.621155,0,0
245,25,62,181,0.621155,0,1
246,23,62,182,0.621155,0,0
247,29,63,182,0.621155,0,0
248,27,63,183,0.621155,0,0
249,25,63,184,0.621155,0,0
250,29,64,184,0.621155,0,0
251,27,64,185,0.621155,0,0
252,29,65,185,0.621155,0,0
253,27,65,186,0.621155,0,0
254,25,65,187,0.621155,0,0
255,29,66,187,0.621155,0,0
256,27,66,188,0.621155,0,0
257,25,66,189,0.621155,0,0
258,23,66,190,0.621155,0,0
259,29,67,190,0.621155,0,0
260,27,67,191,0.621155,0,0
261,29,68,191,0.621155,0,0
262,27,68,192,0.621155,0,0
263,25,68,193,0.621155,0,0
264,23,68,194,0.621155,0,0
265,21,68,195,0.621155,0,1
266,19,68,196,0.621155,0,1
267,17,68,197,0.621155,0,0
268,15,68,198,0.629534,1,1
269,13,68,199,0.638511,0,1
270,29,69,199,0.647318,0,0
271,27,69,200,0.648044,0,1
272,29,70,200,0.648044,0,0
273,27,70,201,0.648044,0,1
274,25,70,202,0.648044,0,0
275,29,71,202,0.648044,0,0
276,27,71,203,0.648044,0,0
277,25,71,204,0.648044,0,0
278,29,72,204,0.648044,0,0
279,27,72,205,0.648044,0,0
280,25,72,206,0.648044,0,0
281,29,73,206,0.648044,0,0
282,27,73,207,0.648044,0,0
283,25,73,208,0.648044,0,0
284,23,73,209,0.648044,0,1
285,29,74,209,0.648044,0,0
286,27,74,210,0.648044,0,0
287,25,74,211,0.648044,0,0
288,23,74,212,0.648044,0,0
289,21,74,213,0.648044,0,0
290,29,75,213,0.648044,0,0
291,27,75,214,0.648044,0,0
292,25,75,215,0.648044,0,1
293,23,75,216,0.648044,0,0
294,21,75,217,0.655955,1,0
295,29,76,217,0.664424,1,0
296,27,76,218,0.665122,0,0
297,25,76,219,0.672726,1,0
298,23,76,220,0.673410,0,1
299,29,77,220,0.673410,0,0
300,27,77,221,0.673410,0,0
301,25,77,222,0.673410,0,1
302,23,77,223,0.673410,0,0
303,21,77,224,0.673410,0,0
304,29,78,224,0.673410,0,0
305,27,78,225,0.673410,0,0
306,29,79,225,0.673410,0,0
307,27,79,226,0.680861,1,1
308,25,79,227,0.681532,0,1
309,29,80,227,0.681532,0,0
310,27,80,228,0.688833,0,1
311,25,80,229,0.696641,1,0
312,23,80,230,0.706174,0,1
313,21,80,231,0.706801,0,1
314,29,81,231,0.706801,0,0
315,27,81,232,0.706801,0,0
316,29,82,232,0.706801,0,0
317,27,82,233,0.706801,0,1
318,25,82,234,0.713621,0,0
319,29,83,234,0.720910,0,0
320,27,83,235,0.721510,0,1
321,29,84,235,0.721510,0,0
322,27,84,236,0.721510,0,0
323,25,84,237,0.728043,1,0
324,23,84,238,0.735022,1,1
325,29,85,238,0.741849,1,0
326,27,85,239,0.742411,0,0
327,25,85,240,0.742411,0,0
328,23,85,241,0.748525,0,1
329,21,85,242,0.749075,0,1
330,29,86,242,0.749075,0,0
331,27,86,243,0.749075,0,0
332,29,87,243,0.749075,0,0
333,27,87,244,0.749075,0,1
334,25,87,245,0.749075,0,0
335,23,87,246,0.749075,0,0
336,21,87,247,0.749075,0,0
337,19,87,248,0.749075,0,1
338,17,87,249,0.749075,0,0
339,15,87,250,0.749075,0,0
340,13,87,251,0.749075,0,0
341,29,88,251,0.749075,0,0
342,27,88,252,0.749075,0,0
343,29,89,252,0.749075,0,0
344,27,89,253,0.749075,0,0
345,25,89,254,0.749075,0,0
346,29,90,254,0.749075,0,0
347,27,90,255,0.749075,0,0
348,29,91,255,0.749075,0,0
349,27,91,256,0.749075,0,1
350,25,91,257,0.755053,1,1
351,23,91,258,0.755591,0,0
352,21,91,259,0.755591,0,0
353,19,91,260,0.755591,0,0
354,17,91,261,0.755591,0,0
355,15,91,262,0.755591,0,1
356,13,91,263,0.755591,0,0
357,11,91,264,0.755591,0,0
358,9,91,265,0.755591,0,0
359,29,92,265,0.755591,0,0
360,27,92,266,0.755591,0,0
361,25,92,267,0.755591,0,0
362,23,92,268,0.755591,0,1
363,21,92,269,0.755591,0,0
364,19,92,270,0.755591,0,0
365,29,93,270,0.755591,0,0
366,27,93,271,0.755591,0,0
367,29,94,271,0.755591,0,0
368,27,94,272,0.761435,1,0
369,29,95,272,0.767672,1,0
370,27,95,273,0.768186,0,0
371,25,95,274,0.768186,0,0
372,29,96,274,0.768186,0,0
373,27,96,275,0.768186,0,0
374,29,97,275,0.768186,0,0
375,27,97,276,0.768186,0,0
376,29,98,276,0.768186,0,0
377,27,98,277,0.768186,0,0
378,29,99,277,0.768186,0,0
379,27,99,278,0.768186,0,0
380,29,100,278,0.768186,0,0
381,27,100,279,0.768186,0,0
382,25,100,280,0.768186,0,0
383,29,101,280,0.768186,0,0
384,27,101,281,0.768186,0,0
385,29,102,281,0.768186,0,0
386,27,102,282,0.768186,0,0
387,25,102,283,0.768186,0,0
388,23,102,284,0.768186,0,0
389,21,102,285,0.768186,0,0
390,19,102,286,0.768186,0,1
391,17,102,287,0.768186,0,0
392,15,102,288,0.768186,0,1
393,13,102,289,0.768186,0,0
394,29,103,289,0.768186,0,0
395,27,103,290,0.768186,0,0
396,29,104,290,0.768186,0,0
397,27,104,291,0.768186,0,0
398,25,104,292,0.768186,0,0
399,29,105,292,0.768186,0,0
400,27,105,293,0.768186,0,0
401,29,106,293,0.768186,0,0
402,27,106,294,0.768186,0,0
403,25,106,295,0.768186,0,0
404,23,106,296,0.768186,0,0
405,29,107,296,0.768186,0,0
406,27,107,297,0.768186,0,0
407,25,107,298,0.768186,0,0
408,29,108,298,0.768186,0,0
409,27,108,299,0.768186,0,0
410,29,109,299,0.768186,0,0
411,27,109,300,0.768186,0,0
412,25,109,301,0.768186,0,0
413,29,110,301,0.768186,0,0
414,27,110,302,0.768186,0,0
415,25,110,303,0.768186,0,0
416,23,110,304,0.768186,0,0
417,29,111,304,0.768186,0,0
418,27,111,305,0.768186,0,0
419,25,111,306,0.768186,0,0
420,29,112,306,0.768186,0,0
421,27,112,307,0.773768,1,0
422,29,113,307,0.779723,1,0
423,27,113,308,0.780213,0,1
424,29,114,308,0.780213,0,0
425,27,114,309,0.780213,0,0
426,25,114,310,0.780213,0,0
427,23,114,311,0.780213,0,0
428,21,114,312,0.780213,0,0
429,19,114,313,0.780213,0,0
430,17,114,314,0.785541,1,0
431,15,114,315,0.791223,0,1
432,29,115,315,0.796772,0,0
433,27,115,316,0.802189,1,1
434,29,116,316,0.807478,1,0
435,27,116,317,0.807913,0,1
436,25,116,318,0.807913,0,0
437,29,117,318,0.807913,0,0
438,27,117,319,0.807913,0,0
439,29,118,319,0.807913,0,0
440,27,118,320,0.812640,1,1
441,25,118,321,0.813065,0,1
442,29,119,321,0.813065,0,0
443,27,119,322,0.817678,1,1
444,25,119,323,0.818092,0,1
445,29,120,323,0.818092,0,0
446,27,120,324,0.822593,0,0
447,25,120,325,0.827389,1,1
448,29,121,325,0.832066,1,0
449,27,121,326,0.836629,0,1
450,25,121,327,0.837004,0,0
451,29,122,327,0.837004,0,0
452,27,122,328,0.841078,1,0
453,29,123,328,0.845417,1,0
454,27,123,329,0.845773,0,1
455,25,123,330,0.845773,0,0
456,29,124,330,0.845773,0,0
457,27,124,331,0.845773,0,0
458,29,125,331,0.845773,0,0
459,27,125,332,0.845773,0,1
460,25,125,333,0.845773,0,0
461,23,125,334,0.845773,0,0
462,21,125,335,0.845773,0,1
463,19,125,336,0.845773,0,1
464,17,125,337,0.849646,0,1
465,15,125,338,0.849994,0,1
466,29,126,338,0.849994,0,0
467,27,126,339,0.849994,0,0
468,29,127,339,0.849994,0,0
469,27,127,340,0.849994,0,0
470,29,128,340,0.849994,0,0
471,27,128,341,0.849994,0,0
472,25,128,342,0.849994,0,0
473,29,129,342,0.849994,0,0
474,27,129,343,0.849994,0,1
475,25,129,344,0.849994,0,0
476,23,129,345,0.849994,0,0
477,21,129,346,0.849994,0,0
478,19,129,347,0.849994,0,0
479,17,129,348,0.849994,0,0
480,15,129,349,0.849994,0,0
481,13,129,350,0.849994,0,0
482,29,130,350,0.849994,0,0
483,27,130,351,0.849994,0,0
484,29,131,351,0.849994,0,0
485,27,131,352,0.849994,0,0
486,25,131,353,0.849994,0,0
487,23,131,354,0.849994,0,0
488,29,132,354,0.849994,0,0
489,27,132,355,0.849994,0,0
490,25,132,356,0.849994,0,0
491,29,133,356,0.849994,0,0
492,27,133,357,0.849994,0,0
493,25,133,358,0.849994,0,0
494,23,133,359,0.849994,0,1
495,21,133,360,0.849994,0,0
496,19,133,361,0.853769,1,0
497,17,133,362,0.854108,0,1
498,29,134,362,0.854108,0,0
499,27,134,363,0.854108,0,0
500,29,135,363,0.854108,0,0
501,27,135,364,0.854108,0,0
502,25,135,365,0.854108,0,0
503,23,135,366,0.854108,0,0
504,29,136,366,0.854108,0,0
505,27,136,367,0.854108,0,0
506,25,136,368,0.854108,0,0
507,23,136,369,0.854108,0,0
508,29,137,369,0.854108,0,0
509,27,137,370,0.854108,0,0
510,25,137,371,0.854108,0,1
511,23,137,372,0.854108,0,0
512,21,137,373,0.854108,0,0
513,19,137,374,0.854108,0,0
514,17,137,375,0.854108,0,0
515,15,137,376,0.854108,0,0
516,13,137,377,0.854108,0,0
517,11,137,378,0.857788,1,1
518,9,137,379,0.858118,0,1
519,29,138,379,0.858118,0,0
520,27,138,380,0.858118,0,0
521,29,139,380,0.858118,0,0
522,27,139,381,0.858118,0,1
523,25,139,382,0.858118,0,0
524,29,140,382,0.858118,0,0
525,27,140,383,0.858118,0,1
526,25,140,384,0.858118,0,0
527,23,140,385,0.858118,0,1
528,21,140,386,0.858118,0,1
529,19,140,387,0.858118,0,0
530,29,141,387,0.858118,0,0
531,27,141,388,0.858118,0,0
532,25,141,389,0.858118,0,0
533,23,141,390,0.858118,0,1
534,21,141,391,0.858118,0,0
535,19,141,392,0.858118,0,0
536,17,141,393,0.858118,0,0
537,15,141,394,0.858118,0,0
538,13,141,395,0.858118,0,0
539,11,141,396,0.858118,0,1
540,9,141,397,0.861704,1,0
541,29,142,397,0.865521,1,0
542,27,142,398,0.869239,1,1
543,29,143,398,0.872862,1,0
544,27,143,399,0.873160,0,1
545,29,144,399,0.873160,0,0
546,27,144,400,0.876391,0,0
547,29,145,400,0.879829,0,0
548,27,145,401,0.880111,0,0
549,29,146,401,0.880111,0,0
550,27,146,402,0.883176,1,0
551,25,146,403,0.883451,0,1
552,29,147,403,0.883451,0,0
553,27,147,404,0.883451,0,0
554,25,147,405,0.883451,0,1
555,23,147,406,0.886437,0,0
556,21,147,407,0.886704,0,1
557,29,148,407,0.886704,0,0
558,27,148,408,0.886704,0,1
559,25,148,409,0.886704,0,0
560,29,149,409,0.886704,0,0
561,27,149,410,0.889611,1,1
562,25,149,411,0.889872,0,1
563,29,150,411,0.889872,0,0
564,27,150,412,0.889872,0,0
565,25,150,413,0.892702,1,0
566,29,151,413,0.895711,1,0
567,27,151,414,0.895958,0,1
568,29,152,414,0.895958,0,0
569,27,152,415,0.898640,1,0
570,29,153,415,0.901492,1,0
571,27,153,416,0.901726,0,0
572,25,153,417,0.901726,0,0
573,23,153,418,0.901726,0,0
574,21,153,419,0.901726,0,1
575,19,153,420,0.901726,0,0
576,17,153,421,0.901726,0,0
577,15,153,422,0.901726,0,0
578,13,153,423,0.901726,0,0
579,11,153,424,0.901726,0,1
580,9,153,425,0.904267,1,1
581,7,153,426,0.904495,0,1
582,29,154,426,0.904495,0,0
583,27,154,427,0.904495,0,0
584,25,154,428,0.904495,0,0
585,29,155,428,0.904495,0,0
586,27,155,429,0.904495,0,0
587,29,156,429,0.904495,0,0
588,27,156,430,0.904495,0,1
589,25,156,431,0.904495,0,0
590,29,157,431,0.904495,0,0
591,27,157,432,0.904495,0,1
592,25,157,433,0.904495,0,0
593,23,157,434,0.904495,0,0
594,21,157,435,0.904495,0,0
595,29,158,435,0.904495,0,0
596,27,158,436,0.906967,0,0
597,25,158,437,0.907189,0,0
598,29,159,437,0.907189,0,0
599,27,159,438,0.907189,0,0
600,29,160,438,0.907189,0,0
601,27,160,439,0.907189,0,0
602,29,161,439,0.907189,0,0
603,27,161,440,0.907189,0,0
604,25,161,441,0.907189,0,0
605,23,161,442,0.907189,0,0
606,21,161,443,0.907189,0,0
607,29,162,443,0.907189,0,0
608,27,162,444,0.907189,0,0
609,29,163,444,0.907189,0,0
610,27,163,445,0.907189,0,0
611,29,164,445,0.907189,0,0
612,27,164,446,0.907189,0,1
613,25,164,447,0.907189,0,1
614,23,164,448,0.907189,0,0
615,21,164,449,0.907189,0,1
616,19,164,450,0.907189,0,1
617,17,164,451,0.909596,0,0
618,29,165,451,0.912153,0,0
619,27,165,452,0.912363,0,0
620,25,165,453,0.914641,1,0
621,29,166,453,0.917062,1,0
622,27,166,454,0.917261,0,1
623,29,167,454,0.917261,0,0
624,27,167,455,0.919417,0,1
625,25,167,456,0.919611,0,1
626,29,168,456,0.919611,0,0
627,27,168,457,0.919611,0,0
628,29,169,457,0.919611,0,0
629,27,169,458,0.919611,0,1
630,25,169,459,0.919611,0,0
631,23,169,460,0.919611,0,0
632,21,169,461,0.919611,0,1
633,19,169,462,0.919611,0,1
634,17,169,463,0.919611,0,0
635,15,169,464,0.921708,1,1
636,13,169,465,0.921896,0,1
637,29,170,465,0.921896,0,0
638,27,170,466,0.921896,0,0
639,25,170,467,0.921896,0,0
640,23,170,468,0.923937,1,0
641,21,170,469,0.924119,0,1
642,29,171,469,0.924119,0,0
643,27,171,470,0.926104,1,0
644,25,171,471,0.926282,0,1
645,29,172,471,0.926282,0,0
646,27,172,472,0.926282,0,0
647,25,172,473,0.928385,1,0
648,23,172,474,0.930430,1,1
649,29,173,474,0.932419,1,0
650,27,173,475,0.934512,0,1
651,29,174,475,0.936388,0,0
652,27,174,476,0.938212,1,0
653,29,175,476,0.939985,1,0
654,27,175,477,0.941709,0,1
655,29,176,477,0.943385,0,0
656,27,176,478,0.943523,0,1
657,29,177,478,0.943523,0,0
658,27,177,479,0.943523,0,0
659,29,178,479,0.943523,0,0
660,27,178,480,0.943523,0,0
661,29,179,480,0.943523,0,0
662,27,179,481,0.943523,0,0
663,25,179,482,0.943523,0,0
664,29,180,482,0.943523,0,0
665,27,180,483,0.943523,0,1
666,29,181,483,0.943523,0,0
667,27,181,484,0.943523,0,0
668,25,181,485,0.945014,1,0
669,23,181,486,0.945148,0,1
670,29,182,486,0.945148,0,0
671,27,182,487,0.945148,0,0
672,29,183,487,0.945148,0,0
673,27,183,488,0.945148,0,1
674,25,183,489,0.945148,0,0
675,23,183,490,0.945148,0,0
676,21,183,491,0.945148,0,0
677,19,183,492,0.945148,0,1
678,17,183,493,0.945148,0,0
679,15,183,494,0.945148,0,1
680,13,183,495,0.946598,0,0
681,29,184,495,0.948137,0,0
682,27,184,496,0.949633,0,0
683,29,185,496,0.951087,0,0
684,27,185,497,0.951206,0,0
685,29,186,497,0.951206,0,0
686,27,186,498,0.952500,0,0
687,25,186,499,0.952616,0,0
688,29,187,499,0.952616,0,0
689,27,187,500,0.952616,0,0
690,25,187,501,0.952616,0,0
691,23,187,502,0.952616,0,0
692,21,187,503,0.952616,0,0
693,19,187,504,0.953873,1,0
694,17,187,505,0.953985,0,1
695,29,188,505,0.953985,0,0
696,27,188,506,0.953985,0,0
697,29,189,506,0.953985,0,0
698,27,189,507,0.953985,0,1
699,25,189,508,0.953985,0,0
700,23,189,509,0.953985,0,0
701,29,190,509,0.953985,0,0
702,27,190,510,0.953985,0,0
703,29,191,510,0.953985,0,0
704,27,191,511,0.955317,0,0
705,29,192,511,0.956822,0,0
706,27,192,512,0.956928,0,0
707,29,193,512,0.956928,0,0
708,27,193,513,0.956928,0,0
709,29,194,513,0.956928,0,0
710,27,194,514,0.958073,1,1
711,25,194,515,0.958176,0,1
712,29,195,515,0.958176,0,0
713,27,195,516,0.958176,0,0
714,29,196,516,0.958176,0,0
715,27,196,517,0.958176,0,0
716,25,196,518,0.958176,0,0
717,23,196,519,0.958176,0,0
718,21,196,520,0.958176,0,0
719,19,196,521,0.958176,0,0
720,17,196,522,0.958176,0,0
721,15,196,523,0.958176,0,0
722,29,197,523,0.958176,0,0
723,27,197,524,0.959288,0,1
724,25,197,525,0.959388,0,0
725,29,198,525,0.959388,0,0
726,27,198,526,0.959388,0,0
727,25,198,527,0.959388,0,0
728,23,198,528,0.959388,0,0
729,21,198,529,0.959388,0,0
730,19,198,530,0.959388,0,1
731,17,198,531,0.959388,0,0
732,15,198,532,0.959388,0,0
733,13,198,533,0.959388,0,0
734,11,198,534,0.959388,0,1
735,9,198,535,0.959388,0,0
736,7,198,536,0.960469,0,1
737,5,198,537,0.960566,0,0
738,29,199,537,0.960566,0,0
739,27,199,538,0.961616,0,1
740,25,199,539,0.961710,0,0
741,29,200,539,0.961710,0,0
742,27,200,540,0.961710,0,1
743,25,200,541,0.961710,0,0
744,29,201,541,0.961710,0,0
745,27,201,542,0.961710,0,0
746,29,202,542,0.961710,0,0
747,27,202,543,0.961710,0,1
748,25,202,544,0.961710,0,0
749,23,202,545,0.961710,0,0
750,21,202,546,0.961710,0,0
751,19,202,547,0.961710,0,0
752,17,202,548,0.961710,0,1
753,15,202,549,0.961710,0,0
754,13,202,550,0.961710,0,0
755,29,203,550,0.961710,0,0
756,27,203,551,0.961710,0,1
757,25,203,552,0.961710,0,1
758,23,203,553,0.961710,0,0
759,21,203,554,0.961710,0,0
760,19,203,555,0.961710,0,0
761,17,203,556,0.961710,0,0
762,15,203,557,0.961710,0,1
763,13,203,558,0.961710,0,1
764,11,203,559,0.961710,0,1
765,9,203,560,0.962731,0,1
766,7,203,561,0.962822,0,0
767,29,204,561,0.962822,0,0
768,27,204,562,0.962822,0,0
769,25,204,563,0.962822,0,1
770,23,204,564,0.963814,0,0
771,21,204,565,0.963903,0,1
772,29,205,565,0.963903,0,0
773,27,205,566,0.964866,1,1
774,25,205,567,0.964952,0,1
775,29,206,567,0.964952,0,0
776,27,206,568,0.964952,0,0
777,25,206,569,0.964952,0,0
778,23,206,570,0.964952,0,0
779,21,206,571,0.964952,0,0
780,19,206,572,0.964952,0,1
781,17,206,573,0.964952,0,0
782,15,206,574,0.964952,0,0
783,13,206,575,0.964952,0,1
784,11,206,576,0.964952,0,0
785,9,206,577,0.965888,1,0
786,7,206,578,0.965971,0,1
787,29,207,578,0.965971,0,0
788,27,207,579,0.965971,0,0
789,25,207,580,0.965971,0,0
790,23,207,581,0.965971,0,0
791,21,207,582,0.965971,0,0
792,19,207,583,0.965971,0,1
793,17,207,584,0.965971,0,0
794,15,207,585,0.966880,1,1
795,13,207,586,0.966962,0,1
796,29,208,586,0.966962,0,0
797,27,208,587,0.966962,0,1
798,25,208,588,0.966962,0,0
799,29,209,588,0.966962,0,0
800,27,209,589,0.966962,0,1
801,25,209,590,0.966962,0,0
802,23,209,591,0.966962,0,0
803,21,209,592,0.966962,0,1
804,19,209,593,0.967844,1,0
805,17,209,594,0.967924,0,1
806,29,210,594,0.967924,0,0
807,27,210,595,0.967924,0,1
808,25,210,596,0.967924,0,0
809,23,210,597,0.967924,0,0
810,21,210,598,0.967924,0,1
811,19,210,599,0.967924,0,0
812,17,210,600,0.967924,0,0
813,15,210,601,0.967924,0,0
814,13,210,602,0.967924,0,0
815,29,211,602,0.967924,0,0
816,27,211,603,0.967924,0,1
817,25,211,604,0.967924,0,0
818,23,211,605,0.967924,0,0
819,21,211,606,0.967924,0,0
820,19,211,607,0.968781,1,1
821,17,211,608,0.968858,0,1
822,29,212,608,0.968858,0,0
823,27,212,609,0.968858,0,1
824,25,212,610,0.969691,1,0
825,23,212,611,0.969765,0,0
826,21,212,612,0.970574,1,0
827,19,212,613,0.970647,0,1
828,29,213,613,0.970647,0,0
829,27,213,614,0.970647,0,0
830,25,213,615,0.970647,0,0
831,29,214,615,0.970647,0,0
832,27,214,616,0.970647,0,0
833,25,214,617,0.970647,0,0
834,23,214,618,0.970647,0,0
835,29,215,618,0.970647,0,0
836,27,215,619,0.970647,0,0
837,25,215,620,0.970647,0,0
838,29,216,620,0.970647,0,0
839,27,216,621,0.970647,0,1
840,25,216,622,0.970647,0,0
841,23,216,623,0.970647,0,0
842,21,216,624,0.970647,0,0
843,19,216,625,0.970647,0,0
844,17,216,626,0.970647,0,1
845,15,216,627,0.971433,1,0
846,29,217,627,0.972266,1,0
847,27,217,628,0.973076,0,1
848,29,218,628,0.973862,0,0
849,27,218,629,0.973927,0,1
850,29,219,629,0.973927,0,0
851,27,219,630,0.973927,0,0
852,29,220,630,0.973927,0,0
853,27,220,631,0.973927,0,0
854,29,221,631,0.973927,0,0
855,27,221,632,0.973927,0,0
856,29,222,632,0.973927,0,0
857,27,222,633,0.974626,1,0
858,25,222,634,0.974688,0,1
859,29,223,634,0.974688,0,0
860,27,223,635,0.974688,0,1
861,25,223,636,0.974688,0,0
862,23,223,637,0.974688,0,0
863,21,223,638,0.974688,0,0
864,19,223,639,0.974688,0,0
865,17,223,640,0.974688,0,0
866,15,223,641,0.974688,0,1
867,13,223,642,0.974688,0,0
868,11,223,643,0.974688,0,0
869,9,223,644,0.974688,0,0
870,7,223,645,0.974688,0,0
871,5,223,646,0.974688,0,0
872,29,224,646,0.974688,0,0
873,27,224,647,0.975367,0,0
874,29,225,647,0.976088,0,0
875,27,225,648,0.976147,0,1
876,29,226,648,0.976147,0,0
877,27,226,649,0.976147,0,0
878,29,227,649,0.976147,0,0
879,27,227,650,0.976147,0,0
880,29,228,650,0.976147,0,0
881,27,228,651,0.976147,0,0
882,29,229,651,0.976147,0,0
883,27,229,652,0.976147,0,0
884,25,229,653,0.976147,0,1
885,23,229,654,0.976147,0,0
886,21,229,655,0.976147,0,0
887,19,229,656,0.976147,0,0
888,17,229,657,0.976147,0,0
889,29,230,657,0.976147,0,0
890,27,230,658,0.976147,0,0
891,29,231,658,0.976147,0,0
892,27,231,659,0.976147,0,0
893,25,231,660,0.976147,0,0
894,29,232,660,0.976147,0,0
895,27,232,661,0.976147,0,0
896,25,232,662,0.976147,0,0
897,29,233,662,0.976147,0,0
898,27,233,663,0.976147,0,0
899,25,233,664,0.976147,0,0
900,29,234,664,0.976147,0,0
901,27,234,665,0.976147,0,0
902,29,235,665,0.976147,0,0
903,27,235,666,0.976147,0,0
904,29,236,666,0.976147,0,0
905,27,236,667,0.976147,0,1
906,25,236,668,0.976147,0,0
907,23,236,669,0.976147,0,1
908,21,236,670,0.976787,1,1
909,19,236,671,0.976844,0,1
910,29,237,671,0.976844,0,0
911,27,237,672,0.976844,0,0
912,29,238,672,0.976844,0,0
913,27,238,673,0.976844,0,0
914,25,238,674,0.976844,0,0
915,29,239,674,0.976844,0,0
916,27,239,675,0.976844,0,0
917,25,239,676,0.976844,0,0
918,29,240,676,0.976844,0,0
919,27,240,677,0.976844,0,0
920,25,240,678,0.976844,0,0
921,23,240,679,0.976844,0,1
922,21,240,680,0.976844,0,1
923,19,240,681,0.977466,0,1
924,17,240,682,0.977522,0,0
925,29,241,682,0.977522,0,0
926,27,241,683,0.978126,0,0
927,25,241,684,0.978180,0,1
928,29,242,684,0.978180,0,0
929,27,242,685,0.978180,0,0
930,25,242,686,0.978180,0,0
931,23,242,687,0.978180,0,0
932,21,242,688,0.978180,0,0
933,29,243,688,0.978180,0,0
934,27,243,689,0.978180,0,0
935,25,243,690,0.978180,0,0
936,29,244,690,0.978180,0,0
937,27,244,691,0.978180,0,0
938,25,244,692,0.978180,0,1
939,23,244,693,0.978180,0,1
940,21,244,694,0.978180,0,0
941,19,244,695,0.978180,0,0
942,17,244,696,0.978180,0,1
943,15,244,697,0.978180,0,0
944,13,244,698,0.978180,0,0
945,29,245,698,0.978180,0,0
946,27,245,699,0.978180,0,0
947,25,245,700,0.978180,0,0
948,29,246,700,0.978180,0,0
949,27,246,701,0.978180,0,1
950,25,246,702,0.978766,1,0
951,23,246,703,0.978818,0,1
952,29,247,703,0.978818,0,0
953,27,247,704,0.978818,0,0
954,29,248,704,0.978818,0,0
955,27,248,705,0.978818,0,0
956,25,248,706,0.978818,0,0
957,29,249,706,0.978818,0,0
958,27,249,707,0.978818,0,0
959,25,249,708,0.978818,0,0
960,23,249,709,0.978818,0,1
961,21,249,710,0.978818,0,0
962,19,249,711,0.978818,0,0
963,17,249,712,0.978818,0,0
964,29,250,712,0.978818,0,0
965,27,250,713,0.978818,0,1
966,25,250,714,0.978818,0,0
967,29,251,714,0.978818,0,0
968,27,251,715,0.979388,1,1
969,25,251,716,0.979992,1,1
970,29,252,716,0.980578,1,0
971,27,252,717,0.980626,0,1
972,29,253,717,0.980626,0,0
973,27,253,718,0.980626,0,1
974,25,253,719,0.981147,1,0
975,23,253,720,0.981194,0,1
976,29,254,720,0.981194,0,0
977,27,254,721,0.981194,0,0
978,25,254,722,0.981194,0,0
979,23,254,723,0.981194,0,0
980,21,254,724,0.981194,0,0
981,29,255,724,0.981194,0,0
982,27,255,725,0.981194,0,0
983,25,255,726,0.981194,0,0
984,23,255,727,0.981194,0,0
985,29,256,727,0.981194,0,0
986,27,256,728,0.981194,0,0
987,29,257,728,0.981194,0,0
988,27,257,729,0.981194,0,1
989,25,257,730,0.981194,0,0
990,23,257,731,0.981194,0,1
991,21,257,732,0.981700,1,0
992,29,258,732,0.982237,1,0
993,27,258,733,0.982281,0,1
994,29,259,733,0.982281,0,0
995,27,259,734,0.982281,0,0
996,25,259,735,0.982281,0,0
997,23,259,736,0.982281,0,0
998,21,259,737,0.982758,0,0
999,19,259,738,0.982800,0,1
1000,29,260,738,0.982800,0,0
1001,27,260,739,0.982800,0,0
1002,25,260,740,0.982800,0,0
1003,23,260,741,0.983264,1,1
1004,21,260,742,0.983305,0,1
1005,29,261,742,0.983305,0,0
1006,27,261,743,0.983755,1,0
1007,29,262,743,0.984232,1,0
1008,27,262,744,0.984271,0,1
1009,29,263,744,0.984271,0,0
1010,27,263,745,0.984271,0,0
1011,25,263,746,0.984271,0,0
1012,23,263,747,0.984695,0,0
1013,21,263,748,0.984733,0,1
1014,29,264,748,0.984733,0,0
1015,27,264,749,0.984733,0,1
1016,25,264,750,0.984733,0,0
1017,29,265,750,0.984733,0,0
1018,27,265,751,0.984733,0,0
1019,25,265,752,0.984733,0,0
1020,23,265,753,0.985144,1,0
1021,21,265,754,0.985181,0,1
1022,29,266,754,0.985181,0,0
1023,27,266,755,0.985181,0,0
1024,29,267,755,0.985181,0,0
1025,27,267,756,0.985581,1,0
1026,29,268,756,0.986004,1,0
1027,27,268,757,0.986039,0,1
1028,29,269,757,0.986039,0,0
1029,27,269,758,0.986039,0,1
1030,25,269,759,0.986416,1,1
1031,23,269,760,0.986449,0,1
1032,29,270,760,0.986449,0,0
1033,27,270,761,0.986449,0,0
1034,25,270,762,0.986449,0,0
1035,23,270,763,0.986815,1,0
1036,21,270,764,0.986848,0,1
1037,29,271,764,0.986848,0,0
1038,27,271,765,0.986848,0,0
1039,25,271,766,0.986848,0,1
1040,23,271,767,0.986848,0,1
1041,21,271,768,0.987203,1,0
1042,29,272,768,0.987579,1,0
1043,27,272,769,0.987610,0,1
1044,29,273,769,0.987610,0,0
1045,27,273,770,0.987610,0,0
1046,25,273,771,0.987610,0,0
1047,23,273,772,0.987610,0,1
1048,21,273,773,0.987610,0,0
1049,19,273,774,0.987610,0,0
1050,17,273,775,0.987944,0,0
1051,29,274,775,0.988299,0,0
1052,27,274,776,0.988328,0,0
1053,29,275,776,0.988328,0,0
1054,27,275,777,0.988643,1,1
1055,25,275,778,0.988672,0,1
1056,29,276,778,0.988672,0,0
1057,27,276,779,0.988977,1,0
1058,25,276,780,0.989005,0,1
1059,29,277,780,0.989005,0,0
1060,27,277,781,0.989005,0,0
1061,25,277,782,0.989005,0,1
1062,23,277,783,0.989005,0,0
1063,21,277,784,0.989005,0,0
1064,19,277,785,0.989005,0,1
1065,17,277,786,0.989302,0,0
1066,15,277,787,0.989328,0,0
1067,29,278,787,0.989328,0,0
1068,27,278,788,0.989328,0,0
1069,29,279,788,0.989328,0,0
1070,27,279,789,0.989328,0,0
1071,25,279,790,0.989328,0,0
1072,23,279,791,0.989328,0,1
1073,21,279,792,0.989328,0,0
1074,19,279,793,0.989328,0,0
1075,17,279,794,0.989328,0,0
1076,15,279,795,0.989328,0,0
1077,13,279,796,0.989328,0,0
1078,29,280,796,0.989328,0,0
1079,27,280,797,0.989328,0,1
1080,25,280,798,0.989328,0,1
1081,23,280,799,0.989328,0,0
1082,21,280,800,0.989617,1,0
1083,19,280,801,0.989643,0,1
1084,29,281,801,0.989643,0,0
1085,27,281,802,0.989643,0,0
1086,29,282,802,0.989643,0,0
1087,27,282,803,0.989643,0,0
1088,25,282,804,0.989643,0,1
1089,23,282,805,0.989643,0,0
1090,21,282,806,0.989643,0,0
1091,29,283,806,0.989643,0,0
1092,27,283,807,0.989643,0,0
1093,25,283,808,0.989923,1,0
1094,29,284,808,0.990219,1,0
1095,27,284,809,0.990244,0,1
1096,29,285,809,0.990244,0,0
1097,27,285,810,0.990244,0,1
1098,25,285,811,0.990244,0,0
1099,23,285,812,0.990244,0,1
1100,21,285,813,0.990244,0,0
1101,19,285,814,0.990507,1,0
1102,29,286,814,0.990787,1,0
1103,27,286,815,0.990810,0,1
1104,29,287,815,0.990810,0,0
1105,27,287,816,0.990810,0,0
1106,25,287,817,0.990810,0,0
1107,23,287,818,0.990810,0,1
1108,21,287,819,0.990810,0,0
1109,19,287,820,0.990810,0,0
1110,17,287,821,0.990810,0,0
1111,29,288,821,0.990810,0,0
1112,27,288,822,0.990810,0,0
1113,29,289,822,0.990810,0,0
1114,27,289,823,0.990810,0,1
1115,25,289,824,0.990810,0,0
1116,29,290,824,0.990810,0,0
1117,27,290,825,0.990810,0,1
1118,25,290,826,0.990810,0,0
1119,23,290,827,0.990810,0,0
1120,21,290,828,0.990810,0,0
1121,19,290,829,0.990810,0,0
1122,29,291,829,0.990810,0,0
1123,27,291,830,0.990810,0,0
1124,29,292,830,0.990810,0,0
1125,27,292,831,0.990810,0,0
1126,29,293,831,0.990810,0,0
1127,27,293,832,0.990810,0,0
1128,25,293,833,0.990810,0,0
1129,29,294,833,0.990810,0,0
1130,27,294,834,0.990810,0,0
1131,29,295,834,0.990810,0,0
1132,27,295,835,0.990810,0,0
1133,25,295,836,0.990810,0,0
1134,29,296,836,0.990810,0,0
1135,27,296,837,0.990810,0,0
1136,29,297,837,0.990810,0,0
1137,27,297,838,0.990810,0,0
1138,29,298,838,0.990810,0,0
1139,27,298,839,0.990810,0,0
1140,29,299,839,0.990810,0,0
1141,27,299,840,0.990810,0,0
1142,25,299,841,0.990810,0,0
1143,29,300,841,0.990810,0,0
1144,27,300,842,0.990810,0,1
1145,25,300,843,0.990810,0,0
1146,29,301,843,0.990810,0,0
1147,27,301,844,0.990810,0,0
1148,29,302,844,0.990810,0,0
1149,27,302,845,0.990810,0,0
1150,29,303,845,0.990810,0,0
1151,27,303,846,0.991058,1,0
1152,29,304,846,0.991322,1,0
1153,27,304,847,0.991577,1,1
1154,29,305,847,0.991826,1,0
1155,27,305,848,0.991846,0,1
1156,25,305,849,0.992067,0,0
1157,29,306,849,0.992300,0,0
1158,27,306,850,0.992527,0,1
1159,29,307,850,0.992748,0,0
1160,27,307,851,0.992766,0,0
1161,29,308,851,0.992766,0,0
1162,27,308,852,0.992766,0,1
1163,25,308,853,0.992962,0,0
1164,29,309,853,0.993169,0,0
1165,27,309,854,0.993371,1,1
1166,25,309,855,0.993387,0,1
1167,29,310,855,0.993387,0,0
1168,27,310,856,0.993387,0,0
1169,29,311,856,0.993387,0,0
1170,27,311,857,0.993387,0,0
1171,25,311,858,0.993387,0,0
1172,29,312,858,0.993387,0,0
1173,27,312,859,0.993387,0,0
1174,25,312,860,0.993387,0,0
1175,23,312,861,0.993387,0,0
1176,29,313,861,0.993387,0,0
1177,27,313,862,0.993387,0,0
1178,29,314,862,0.993387,0,0
1179,27,314,863,0.993387,0,0
1180,29,315,863,0.993387,0,0
1181,27,315,864,0.993387,0,0
1182,29,316,864,0.993387,0,0
1183,27,316,865,0.993387,0,0
1184,29,317,865,0.993387,0,0
1185,27,317,866,0.993387,0,0
1186,29,318,866,0.993387,0,0
1187,27,318,867,0.993566,1,0
1188,29,319,867,0.993756,1,0
1189,27,319,868,0.993940,0,0
1190,25,319,869,0.993955,0,1
1191,29,320,869,0.993955,0,0
1192,27,320,870,0.993955,0,0
1193,29,321,870,0.993955,0,0
1194,27,321,871,0.993955,0,0
1195,25,321,872,0.993955,0,1
1196,23,321,873,0.994119,1,0
1197,21,321,874,0.994134,0,1
1198,29,322,874,0.994134,0,0
1199,27,322,875,0.994292,1,0
1200,29,323,875,0.994461,1,0
1201,27,323,876,0.994475,0,0
1202,25,323,877,0.994475,0,0
1203,29,324,877,0.994475,0,0
1204,27,324,878,0.994475,0,0
1205,29,325,878,0.994475,0,0
1206,27,325,879,0.994475,0,0
1207,25,325,880,0.994475,0,0
1208,23,325,881,0.994624,1,0
1209,29,326,881,0.994783,1,0
1210,27,326,882,0.994796,0,1
1211,29,327,882,0.994796,0,0
1212,27,327,883,0.994796,0,0
1213,29,328,883,0.994796,0,0
1214,27,328,884,0.994796,0,0
1215,25,328,885,0.994796,0,0
1216,29,329,885,0.994796,0,0
1217,27,329,886,0.994796,0,1
1218,25,329,887,0.994796,0,0
1219,29,330,887,0.994796,0,0
1220,27,330,888,0.994937,1,0
1221,29,331,888,0.995086,1,0
1222,27,331,889,0.995099,0,0
1223,25,331,890,0.995099,0,1
1224,23,331,891,0.995231,1,0
1225,21,331,892,0.995243,0,1
1226,29,332,892,0.995243,0,0
1227,27,332,893,0.995243,0,0
1228,25,332,894,0.995243,0,0
1229,23,332,895,0.995243,0,1
1230,21,332,896,0.995243,0,0
1231,19,332,897,0.995243,0,0
1232,17,332,898,0.995243,0,0
1233,15,332,899,0.995243,0,1
1234,13,332,900,0.995243,0,0
1235,11,332,901,0.995243,0,1
1236,9,332,902,0.995372,0,1
1237,7,332,903,0.995384,0,0
1238,29,333,903,0.995384,0,0
1239,27,333,904,0.995384,0,0
1240,25,333,905,0.995384,0,0
1241,29,334,905,0.995384,0,0
1242,27,334,906,0.995384,0,0
1243,29,335,906,0.995384,0,0
1244,27,335,907,0.995384,0,1
1245,25,335,908,0.995384,0,1
1246,23,335,909,0.995384,0,0
1247,21,335,910,0.995384,0,0
1248,19,335,911,0.995384,0,0
1249,17,335,912,0.995384,0,1
1250,15,335,913,0.995384,0,0
1251,13,335,914,0.995384,0,0
1252,11,335,915,0.995384,0,0
1253,29,336,915,0.995384,0,0
1254,27,336,916,0.995384,0,0
1255,29,337,916,0.995384,0,0
1256,27,337,917,0.995384,0,1
1257,25,337,918,0.995384,0,0
1258,23,337,919,0.995384,0,0
1259,21,337,920,0.995384,0,0
1260,19,337,921,0.995509,0,0
1261,29,338,921,0.995641,0,0
1262,27,338,922,0.995652,0,1
1263,29,339,922,0.995652,0,0
1264,27,339,923,0.995652,0,0
1265,25,339,924,0.995652,0,0
1266,29,340,924,0.995652,0,0
1267,27,340,925,0.995652,0,0
1268,29,341,925,0.995652,0,0
1269,27,341,926,0.995652,0,0
1270,25,341,927,0.995652,0,0
1271,23,341,928,0.995770,1,0
1272,29,342,928,0.995895,1,0
1273,27,342,929,0.995905,0,1
1274,29,343,929,0.995905,0,0
1275,27,343,930,0.996016,0,0
1276,25,343,931,0.996134,0,0
1277,29,344,931,0.996248,0,0
1278,27,344,932,0.996359,1,0
1279,29,345,932,0.996467,1,0
1280,27,345,933,0.996571,0,1
1281,29,346,933,0.996672,0,0
1282,27,346,934,0.996681,0,1
1283,29,347,934,0.996681,0,0
1284,27,347,935,0.996771,1,0
1285,25,347,936,0.996866,0,1
1286,29,348,936,0.996959,0,0
1287,27,348,937,0.996966,0,1
1288,29,349,937,0.996966,0,0
1289,27,349,938,0.996966,0,0
1290,25,349,939,0.996966,0,0
1291,29,350,939,0.996966,0,0
1292,27,350,940,0.996966,0,0
1293,25,350,941,0.996966,0,0
1294,29,351,941,0.996966,0,0
1295,27,351,942,0.996966,0,1
1296,25,351,943,0.996966,0,0
1297,23,351,944,0.997048,0,0
1298,21,351,945,0.997056,0,1
1299,29,352,945,0.997056,0,0
1300,27,352,946,0.997056,0,0
1301,29,353,946,0.997056,0,0
1302,27,353,947,0.997056,0,0
1303,25,353,948,0.997056,0,0
1304,29,354,948,0.997056,0,0
1305,27,354,949,0.997056,0,0
1306,29,355,949,0.997056,0,0
1307,27,355,950,0.997136,1,0
1308,29,356,950,0.997220,1,0
1309,27,356,951,0.997227,0,1
1310,29,357,951,0.997227,0,0
1311,27,357,952,0.997227,0,0
1312,25,357,953,0.997227,0,0
1313,29,358,953,0.997227,0,0
1314,27,358,954,0.997227,0,0
1315,25,358,955,0.997227,0,0
1316,29,359,955,0.997227,0,0
1317,27,359,956,0.997302,1,0
1318,25,359,957,0.997309,0,1
1319,29,360,957,0.997309,0,0
1320,27,360,958,0.997382,1,0
1321,29,361,958,0.997459,1,0
1322,27,361,959,0.997535,1,1
1323,25,361,960,0.997541,0,1
1324,29,362,960,0.997541,0,0
1325,27,362,961,0.997541,0,0
1326,29,363,961,0.997541,0,0
1327,27,363,962,0.997541,0,1
1328,25,363,963,0.997607,0,0
1329,23,363,964,0.997678,1,1
1330,29,364,964,0.997747,1,0
1331,27,364,965,0.997752,0,1
1332,29,365,965,0.997752,0,0
1333,27,365,966,0.997752,0,0
1334,25,365,967,0.997752,0,0
1335,29,366,967,0.997752,0,0
1336,27,366,968,0.997752,0,0
1337,29,367,968,0.997752,0,0
1338,27,367,969,0.997752,0,0
1339,25,367,970,0.997752,0,0
1340,29,368,970,0.997752,0,0
1341,27,368,971,0.997752,0,0
1342,25,368,972,0.997752,0,0
1343,23,368,973,0.997752,0,0
1344,21,368,974,0.997752,0,0
1345,19,368,975,0.997813,0,0
1346,29,369,975,0.997878,0,0
1347,27,369,976,0.997883,0,1
1348,29,370,976,0.997883,0,0
1349,27,370,977,0.997883,0,0
1350,25,370,978,0.997883,0,0
1351,29,371,978,0.997883,0,0
1352,27,371,979,0.997883,0,0
1353,29,372,979,0.997883,0,0
1354,27,372,980,0.997883,0,0
1355,25,372,981,0.997883,0,0
1356,29,373,981,0.997883,0,0
1357,27,373,982,0.997883,0,0
1358,29,374,982,0.997883,0,0
1359,27,374,983,0.997883,0,1
1360,25,374,984,0.997941,0,0
1361,23,374,985,0.997946,0,1
1362,29,375,985,0.997946,0,0
1363,27,375,986,0.997946,0,0
1364,29,376,986,0.997946,0,0
1365,27,376,987,0.997946,0,0
1366,29,377,987,0.997946,0,0
1367,27,377,988,0.998002,1,0
1368,29,378,988,0.998061,1,0
1369,27,378,989,0.998118,1,1
1370,29,379,989,0.998178,1,0
1371,27,379,990,0.998183,0,1
1372,29,380,990,0.998183,0,0
1373,27,380,991,0.998232,1,0
1374,29,381,991,0.998284,1,0
1375,27,381,992,0.998335,0,1
1376,29,382,992,0.998384,0,0
1377,27,382,993,0.998388,0,1
1378,29,383,993,0.998388,0,0
1379,27,383,994,0.998388,0,1
1380,25,383,995,0.998432,0,0
1381,23,383,996,0.998482,0,0
1382,29,384,996,0.998527,0,0
1383,27,384,997,0.998531,0,0
1384,25,384,998,0.998531,0,0
1385,29,385,998,0.998531,0,0
1386,27,385,999,0.998531,0,0
1387,29,386,999,0.998531,0,0
1388,27,386,1000,0.998571,1,1
1389,25,386,1001,0.998574,0,1
1390,23,386,1002,0.998574,0,0
1391,29,387,1002,0.998574,0,0
1392,27,387,1003,0.998574,0,0
1393,29,388,1003,0.998574,0,0
1394,27,388,1004,0.998574,0,0
1395,25,388,1005,0.998574,0,0
1396,23,388,1006,0.998574,0,0
1397,29,389,1006,0.998574,0,0
1398,27,389,1007,0.998574,0,0
1399,25,389,1008,0.998574,0,0
1400,23,389,1009,0.998574,0,0
1401,21,389,1010,0.998574,0,0
1402,19,389,1011,0.998613,0,0
1403,17,389,1012,0.998616,0,0
1404,29,390,1012,0.998616,0,0
1405,27,390,1013,0.998616,0,0
1406,25,390,1014,0.998616,0,0
1407,23,390,1015,0.998616,0,0
1408,21,390,1016,0.998616,0,1
1409,19,390,1017,0.998616,0,0
1410,17,390,1018,0.998616,0,0
1411,29,391,1018,0.998616,0,0
1412,27,391,1019,0.998654,1,0
1413,29,392,1019,0.998694,1,0
1414,27,392,1020,0.998732,1,1
1415,29,393,1020,0.998770,1,0
1416,27,393,1021,0.998773,0,1
1417,29,394,1021,0.998773,0,0
1418,27,394,1022,0.998773,0,0
1419,29,395,1022,0.998773,0,0
1420,27,395,1023,0.998806,1,0
1421,25,395,1024,0.998809,0,1
1422,29,396,1024,0.998809,0,0
1423,27,396,1025,0.998809,0,0
1424,25,396,1026,0.998809,0,0
1425,23,396,1027,0.998809,0,0
1426,21,396,1028,0.998809,0,1
1427,19,396,1029,0.998809,0,0
1428,17,396,1030,0.998809,0,0
1429,15,396,1031,0.998809,0,0
1430,13,396,1032,0.998842,1,0
1431,29,397,1032,0.998876,1,0
1432,27,397,1033,0.998879,0,1
1433,29,398,1033,0.998879,0,0
1434,27,398,1034,0.998879,0,0
1435,25,398,1035,0.998879,0,1
1436,23,398,1036,0.998879,0,0
1437,21,398,1037,0.998879,0,0
1438,19,398,1038,0.998879,0,0
1439,29,399,1038,0.998879,0,0
1440,27,399,1039,0.998879,0,0
1441,25,399,1040,0.998909,1,0
1442,29,400,1040,0.998941,1,0
1443,27,400,1041,0.998944,0,1
1444,29,401,1041,0.998944,0,0
1445,27,401,1042,0.998944,0,0
1446,25,401,1043,0.998973,0,0
1447,23,401,1044,0.999003,1,1
1448,29,402,1044,0.999033,1,0
1449,27,402,1045,0.999035,0,0
1450,25,402,1046,0.999035,0,0
1451,23,402,1047,0.999035,0,1
1452,21,402,1048,0.999035,0,0
1453,19,402,1049,0.999035,0,0
1454,17,402,1050,0.999035,0,0
1455,29,403,1050,0.999035,0,0
1456,27,403,1051,0.999035,0,0
1457,25,403,1052,0.999035,0,0
1458,29,404,1052,0.999063,1,0
1459,27,404,1053,0.999091,1,1
1460,29,405,1053,0.999118,1,0
1461,27,405,1054,0.999120,0,1
1462,29,406,1054,0.999120,0,0
1463,27,406,1055,0.999120,0,0
1464,25,406,1056,0.999144,1,0
1465,29,407,1056,0.999169,1,0
1466,27,407,1057,0.999172,0,1
1467,25,407,1058,0.999172,0,1
1468,23,407,1059,0.999172,0,0
1469,29,408,1059,0.999172,0,0
1470,27,408,1060,0.999172,0,1
1471,25,408,1061,0.999194,1,0
1472,23,408,1062,0.999196,0,1
1473,29,409,1062,0.999196,0,0
1474,27,409,1063,0.999196,0,0
1475,29,410,1063,0.999196,0,0
1476,27,410,1064,0.999196,0,0
1477,25,410,1065,0.999196,0,0
1478,29,411,1065,0.999196,0,0
1479,27,411,1066,0.999196,0,0
1480,25,411,1067,0.999196,0,0
1481,23,411,1068,0.999196,0,1
1482,21,411,1069,0.999196,0,0
1483,19,411,1070,0.999196,0,0
1484,17,411,1071,0.999196,0,0
1485,15,411,1072,0.999196,0,0
1486,13,411,1073,0.999196,0,0
1487,29,412,1073,0.999196,0,0
1488,27,412,1074,0.999196,0,0
1489,29,413,1074,0.999196,0,0
1490,27,413,1075,0.999196,0,0
1491,25,413,1076,0.999196,0,0
1492,29,414,1076,0.999196,0,0
1493,27,414,1077,0.999196,0,0
1494,29,415,1077,0.999196,0,0
1495,27,415,1078,0.999196,0,0
1496,29,416,1078,0.999196,0,0
1497,27,416,1079,0.999196,0,0
1498,25,416,1080,0.999196,0,0
1499,29,417,1080,0.999196,0,0
1500,27,417,1081,0.999196,0,0
1501,25,417,1082,0.999196,0,0
1502,29,418,1082,0.999196,0,0
1503,27,418,1083,0.999218,1,0
1504,25,418,1084,0.999241,0,1
1505,29,419,1084,0.999263,0,0
1506,27,419,1085,0.999265,0,1
1507,29,420,1085,0.999265,0,0
1508,27,420,1086,0.999265,0,0
1509,29,421,1086,0.999265,0,0
1510,27,421,1087,0.999265,0,1
1511,25,421,1088,0.999265,0,0
1512,29,422,1088,0.999265,0,0
1513,27,422,1089,0.999265,0,0
1514,25,422,1090,0.999265,0,0
1515,23,422,1091,0.999265,0,0
1516,29,423,1091,0.999265,0,0
1517,27,423,1092,0.999265,0,0
1518,29,424,1092,0.999265,0,0
1519,27,424,1093,0.999265,0,0
1520,29,425,1093,0.999265,0,0
1521,27,425,1094,0.999265,0,0
1522,25,425,1095,0.999265,0,0
1523,29,426,1095,0.999265,0,0
1524,27,426,1096,0.999265,0,0
1525,29,427,1096,0.999265,0,0
1526,27,427,1097,0.999265,0,0
1527,25,427,1098,0.999285,1,0
1528,29,428,1098,0.999306,1,0
1529,27,428,1099,0.999308,0,1
1530,29,429,1099,0.999308,0,0
1531,27,429,1100,0.999308,0,0
1532,25,429,1101,0.999308,0,1
1533,23,429,1102,0.999327,1,0
1534,21,429,1103,0.999329,0,1
1535,29,430,1103,0.999329,0,0
1536,27,430,1104,0.999329,0,0
1537,25,430,1105,0.999329,0,0
1538,23,430,1106,0.999329,0,0
1539,21,430,1107,0.999329,0,0
1540,19,430,1108,0.999329,0,0
1541,17,430,1109,0.999329,0,0
1542,15,430,1110,0.999329,0,0
1543,13,430,1111,0.999347,0,0
1544,29,431,1111,0.999366,0,0
1545,27,431,1112,0.999368,0,1
1546,29,432,1112,0.999368,0,0
1547,27,432,1113,0.999385,0,0
1548,25,432,1114,0.999386,0,0
1549,29,433,1114,0.999386,0,0
1550,27,433,1115,0.999386,0,0
1551,25,433,1116,0.999386,0,0
1552,23,433,1117,0.999386,0,0
1553,29,434,1117,0.999386,0,0
1554,27,434,1118,0.999386,0,0
1555,29,435,1118,0.999386,0,0
1556,27,435,1119,0.999403,0,0
1557,29,436,1119,0.999421,0,0
1558,27,436,1120,0.999422,0,1
1559,29,437,1120,0.999422,0,0
1560,27,437,1121,0.999438,1,0
1561,29,438,1121,0.999455,1,0
1562,27,438,1122,0.999471,0,1
1563,29,439,1122,0.999486,0,0
1564,27,439,1123,0.999488,0,1
1565,29,440,1123,0.999488,0,0
1566,27,440,1124,0.999488,0,0
1567,25,440,1125,0.999501,1,0
1568,23,440,1126,0.999516,0,1
1569,29,441,1126,0.999531,0,0
1570,27,441,1127,0.999532,0,1
1571,29,442,1127,0.999532,0,0
1572,27,442,1128,0.999532,0,1
1573,25,442,1129,0.999532,0,0
1574,23,442,1130,0.999532,0,0
1575,21,442,1131,0.999532,0,0
1576,29,443,1131,0.999532,0,0
1577,27,443,1132,0.999544,1,0
1578,25,443,1133,0.999546,0,1
1579,29,444,1133,0.999546,0,0
1580,27,444,1134,0.999546,0,0
1581,25,444,1135,0.999546,0,0
1582,23,444,1136,0.999546,0,0
1583,29,445,1136,0.999546,0,0
1584,27,445,1137,0.999546,0,0
1585,25,445,1138,0.999546,0,1
1586,23,445,1139,0.999546,0,0
1587,21,445,1140,0.999546,0,0
1588,19,445,1141,0.999546,0,0
1589,29,446,1141,0.999546,0,0
1590,27,446,1142,0.999546,0,0
1591,29,447,1142,0.999546,0,0
1592,27,447,1143,0.999546,0,0
1593,29,448,1143,0.999546,0,0
1594,27,448,1144,0.999558,1,0
1595,29,449,1144,0.999571,1,0
1596,27,449,1145,0.999584,1,1
1597,29,450,1145,0.999596,1,0
1598,27,450,1146,0.999597,0,1
1599,29,451,1146,0.999597,0,0
1600,27,451,1147,0.999608,1,0
1601,29,452,1147,0.999620,1,0
1602,27,452,1148,0.999631,0,1
1603,29,453,1148,0.999642,0,0
1604,27,453,1149,0.999643,0,0
1605,29,454,1149,0.999643,0,0
1606,27,454,1150,0.999652,1,0
1607,25,454,1151,0.999653,0,1
1608,29,455,1151,0.999653,0,0
1609,27,455,1152,0.999653,0,1
1610,25,455,1153,0.999663,0,0
1611,23,455,1154,0.999673,0,0
1612,29,456,1154,0.999682,0,0
1613,27,456,1155,0.999683,0,1
1614,29,457,1155,0.999683,0,0
1615,27,457,1156,0.999683,0,0
1616,29,458,1156,0.999683,0,0
1617,27,458,1157,0.999683,0,1
1618,25,458,1158,0.999683,0,0
1619,29,459,1158,0.999683,0,0
1620,27,459,1159,0.999683,0,0
1621,25,459,1160,0.999683,0,0
1622,23,459,1161,0.999683,0,0
1623,21,459,1162,0.999683,0,0
1624,19,459,1163,0.999683,0,0
1625,29,460,1163,0.999683,0,0
1626,27,460,1164,0.999683,0,0
1627,29,461,1164,0.999683,0,0
1628,27,461,1165,0.999683,0,0
1629,29,462,1165,0.999683,0,0
1630,27,462,1166,0.999683,0,0
1631,25,462,1167,0.999683,0,0
1632,23,462,1168,0.999683,0,0
1633,21,462,1169,0.999683,0,0
1634,29,463,1169,0.999683,0,0
1635,27,463,1170,0.999683,0,1
1636,25,463,1171,0.999683,0,0
1637,23,463,1172,0.999683,0,1
1638,21,463,1173,0.999683,0,0
1639,19,463,1174,0.999683,0,0
1640,17,463,1175,0.999683,0,0
1641,29,464,1175,0.999683,0,0
1642,27,464,1176,0.999683,0,0
1643,29,465,1176,0.999683,0,0
1644,27,465,1177,0.999683,0,0
1645,29,466,1177,0.999683,0,0
1646,27,466,1178,0.999683,0,0
1647,25,466,1179,0.999683,0,0
1648,29,467,1179,0.999683,0,0
1649,27,467,1180,0.999683,0,0
1650,29,468,1180,0.999683,0,0
1651,27,468,1181,0.999683,0,0
1652,25,468,1182,0.999683,0,0
1653,29,469,1182,0.999683,0,0
1654,27,469,1183,0.999683,0,0
1655,29,470,1183,0.999683,0,0
1656,27,470,1184,0.999683,0,0
1657,29,471,1184,0.999683,0,0
1658,27,471,1185,0.999683,0,0
1659,29,472,1185,0.999683,0,0
1660,27,472,1186,0.999692,0,0
1661,25,472,1187,0.999692,0,0
1662,29,473,1187,0.999692,0,0
1663,27,473,1188,0.999692,0,0
1664,29,474,1188,0.999692,0,0
1665,27,474,1189,0.999692,0,0
1666,25,474,1190,0.999692,0,0
1667,23,474,1191,0.999692,0,0
1668,29,475,1191,0.999692,0,0
1669,27,475,1192,0.999692,0,1
1670,25,475,1193,0.999692,0,1
1671,23,475,1194,0.999692,0,0
1672,21,475,1195,0.999701,0,1
1673,19,475,1196,0.999702,0,1
1674,29,476,1196,0.999702,0,0
1675,27,476,1197,0.999710,0,0
1676,25,476,1198,0.999710,0,1
1677,29,477,1198,0.999710,0,0
1678,27,477,1199,0.999718,1,0
1679,29,478,1199,0.999727,1,0
1680,27,478,1200,0.999727,0,0
1681,25,478,1201,0.999727,0,0
1682,29,479,1201,0.999727,0,0
1683,27,479,1202,0.999727,0,0
1684,25,479,1203,0.999727,0,0
1685,29,480,1203,0.999727,0,0
1686,27,480,1204,0.999727,0,0
1687,29,481,1204,0.999727,0,0
1688,27,481,1205,0.999735,1,0
1689,29,482,1205,0.999743,1,0
1690,27,482,1206,0.999743,0,1
1691,29,483,1206,0.999743,0,0
1692,27,483,1207,0.999743,0,0
1693,29,484,1207,0.999743,0,0
1694,27,484,1208,0.999743,0,0
1695,25,484,1209,0.999743,0,0
1696,29,485,1209,0.999743,0,0
1697,27,485,1210,0.999743,0,0
1698,25,485,1211,0.999743,0,0
1699,23,485,1212,0.999743,0,0
1700,21,485,1213,0.999743,0,0
1701,19,485,1214,0.999743,0,0
1702,17,485,1215,0.999743,0,0
1703,29,486,1215,0.999743,0,0
1704,27,486,1216,0.999743,0,0
1705,25,486,1217,0.999750,1,1
1706,23,486,1218,0.999751,0,1
1707,29,487,1218,0.999751,0,0
1708,27,487,1219,0.999751,0,0
1709,25,487,1220,0.999751,0,0
1710,23,487,1221,0.999751,0,1
1711,21,487,1222,0.999758,1,0
1712,19,487,1223,0.999765,0,1
1713,29,488,1223,0.999772,0,0
1714,27,488,1224,0.999779,1,0
1715,25,488,1225,0.999786,0,1
1716,29,489,1225,0.999792,0,0
1717,27,489,1226,0.999792,0,1
1718,29,490,1226,0.999792,0,0
1719,27,490,1227,0.999792,0,1
1720,25,490,1228,0.999798,0,0
1721,23,490,1229,0.999799,0,0
1722,21,490,1230,0.999804,0,0
1723,29,491,1230,0.999810,0,0
1724,27,491,1231,0.999810,0,0
1725,29,492,1231,0.999810,0,0
1726,27,492,1232,0.999815,0,0
1727,25,492,1233,0.999816,0,1
1728,29,493,1233,0.999816,0,0
1729,27,493,1234,0.999816,0,1
1730,25,493,1235,0.999821,0,0
1731,29,494,1235,0.999826,0,0
1732,27,494,1236,0.999831,1,1
1733,29,495,1236,0.999836,1,0
1734,27,495,1237,0.999837,0,1
1735,29,496,1237,0.999837,0,0
1736,27,496,1238,0.999837,0,0
1737,29,497,1238,0.999837,0,0
1738,27,497,1239,0.999837,0,1
1739,25,497,1240,0.999837,0,0
1740,29,498,1240,0.999837,0,0
1741,27,498,1241,0.999837,0,0
1742,25,498,1242,0.999837,0,0
1743,23,498,1243,0.999837,0,0
1744,29,499,1243,0.999837,0,0
1745,27,499,1244,0.999837,0,0
1746,29,500,1244,0.999837,0,0
1747,27,500,1245,0.999837,0,0
1748,29,501,1245,0.999837,0,0
1749,27,501,1246,0.999837,0,0
1750,29,502,1246,0.999837,0,0
1751,27,502,1247,0.999837,0,0
1752,29,503,1247,0.999837,0,0
1753,27,503,1248,0.999837,0,0
1754,29,504,1248,0.999837,0,0
1755,27,504,1249,0.999841,1,0
1756,25,504,1250,0.999842,0,1
1757,23,504,1251,0.999846,1,0
1758,29,505,1251,0.999850,1,0
1759,27,505,1252,0.999851,0,1
1760,29,506,1252,0.999851,0,0
1761,27,506,1253,0.999851,0,0
1762,29,507,1253,0.999851,0,0
1763,27,507,1254,0.999851,0,0
1764,25,507,1255,0.999851,0,0
1765,29,508,1255,0.999851,0,0
1766,27,508,1256,0.999851,0,0
1767,29,509,1256,0.999851,0,0
1768,27,509,1257,0.999851,0,0
1769,25,509,1258,0.999851,0,0
1770,23,509,1259,0.999851,0,0
1771,21,509,1260,0.999851,0,1
1772,19,509,1261,0.999851,0,0
1773,17,509,1262,0.999855,1,0
1774,15,509,1263,0.999859,0,1
1775,13,509,1264,0.999860,0,1
1776,29,510,1264,0.999860,0,0
1777,27,510,1265,0.999860,0,0
1778,29,511,1265,0.999860,0,0
1779,27,511,1266,0.999863,1,0
1780,29,512,1266,0.999867,1,0
1781,27,512,1267,0.999871,1,1
1782,25,512,1268,0.999872,0,1
1783,29,513,1268,0.999872,0,0
1784,27,513,1269,0.999875,1,0
1785,29,514,1269,0.999879,1,0
1786,27,514,1270,0.999882,0,1
1787,25,514,1271,0.999883,0,1
1788,29,515,1271,0.999883,0,0
1789,27,515,1272,0.999883,0,0
1790,25,515,1273,0.999883,0,0
1791,29,516,1273,0.999883,0,0
1792,27,516,1274,0.999883,0,0
1793,29,517,1274,0.999883,0,0
1794,27,517,1275,0.999883,0,0
1795,25,517,1276,0.999883,0,0
1796,23,517,1277,0.999883,0,0
1797,21,517,1278,0.999883,0,0
1798,29,518,1278,0.999883,0,0
1799,27,518,1279,0.999883,0,0
1800,29,519,1279,0.999883,0,0
1801,27,519,1280,0.999883,0,0
1802,29,520,1280,0.999883,0,0
1803,27,520,1281,0.999886,1,0
1804,29,521,1281,0.999889,1,0
1805,27,521,1282,0.999890,0,1
1806,29,522,1282,0.999890,0,0
1807,27,522,1283,0.999890,0,0
1808,29,523,1283,0.999890,0,0
1809,27,523,1284,0.999890,0,0
1810,25,523,1285,0.999890,0,0
1811,29,524,1285,0.999890,0,0
1812,27,524,1286,0.999890,0,0
1813,29,525,1286,0.999890,0,0
1814,27,525,1287,0.999890,0,0
1815,25,525,1288,0.999890,0,0
1816,23,525,1289,0.999890,0,1
1817,21,525,1290,0.999890,0,1
1818,19,525,1291,0.999890,0,0
1819,29,526,1291,0.999890,0,0
1820,27,526,1292,0.999893,1,0
1821,29,527,1292,0.999896,1,0
1822,27,527,1293,0.999899,1,1
1823,29,528,1293,0.999902,1,0
1824,27,528,1294,0.999902,0,1
1825,29,529,1294,0.999902,0,0
1826,27,529,1295,0.999905,0,0
1827,25,529,1296,0.999908,1,1
1828,29,530,1296,0.999910,1,0
1829,27,530,1297,0.999910,0,1
1830,29,531,1297,0.999910,0,0
1831,27,531,1298,0.999910,0,0
1832,25,531,1299,0.999910,0,0
1833,29,532,1299,0.999910,0,0
1834,27,532,1300,0.999913,0,0
1835,29,533,1300,0.999916,0,0
1836,27,533,1301,0.999916,0,1
1837,29,534,1301,0.999916,0,0
1838,27,534,1302,0.999916,0,0
1839,25,534,1303,0.999916,0,0
1840,29,535,1303,0.999916,0,0
1841,27,535,1304,0.999916,0,0
1842,25,535,1305,0.999916,0,0
1843,29,536,1305,0.999916,0,0
1844,27,536,1306,0.999916,0,0
1845,25,536,1307,0.999918,0,0
1846,29,537,1307,0.999921,0,0
1847,27,537,1308,0.999921,0,1
1848,25,537,1309,0.999921,0,0
1849,23,537,1310,0.999921,0,0
1850,29,538,1310,0.999921,0,0
1851,27,538,1311,0.999921,0,0
1852,29,539,1311,0.999921,0,0
1853,27,539,1312,0.999921,0,0
1854,25,539,1313,0.999921,0,0
1855,29,540,1313,0.999921,0,0
1856,27,540,1314,0.999921,0,0
1857,25,540,1315,0.999921,0,0
1858,23,540,1316,0.999923,0,0
1859,29,541,1316,0.999925,0,0
1860,27,541,1317,0.999925,0,0
1861,29,542,1317,0.999925,0,0
1862,27,542,1318,0.999925,0,0
1863,29,543,1318,0.999925,0,0
1864,27,543,1319,0.999925,0,0
1865,25,543,1320,0.999925,0,0
1866,29,544,1320,0.999925,0,0
1867,27,544,1321,0.999925,0,0
1868,29,545,1321,0.999925,0,0
1869,27,545,1322,0.999925,0,0
1870,25,545,1323,0.999927,0,1
1871,23,545,1324,0.999928,0,1
1872,29,546,1324,0.999928,0,0
1873,27,546,1325,0.999928,0,0
1874,25,546,1326,0.999928,0,0
1875,29,547,1326,0.999928,0,0
1876,27,547,1327,0.999928,0,1
1877,25,547,1328,0.999928,0,0
1878,29,548,1328,0.999928,0,0
1879,27,548,1329,0.999928,0,0
1880,25,548,1330,0.999928,0,0
1881,29,549,1330,0.999928,0,0
1882,27,549,1331,0.999928,0,0
1883,25,549,1332,0.999928,0,0
1884,29,550,1332,0.999928,0,0
1885,27,550,1333,0.999928,0,1
1886,25,550,1334,0.999928,0,0
1887,23,550,1335,0.999928,0,0
1888,21,550,1336,0.999928,0,0
1889,19,550,1337,0.999930,0,0
1890,17,550,1338,0.999930,0,0
1891,29,551,1338,0.999930,0,0
1892,27,551,1339,0.999932,1,0
1893,29,552,1339,0.999934,1,0
1894,27,552,1340,0.999934,0,1
1895,29,553,1340,0.999934,0,0
1896,27,553,1341,0.999936,1,0
1897,25,553,1342,0.999936,0,0
1898,23,553,1343,0.999936,0,0
1899,21,553,1344,0.999936,0,0
1900,19,553,1345,0.999936,0,0
1901,17,553,1346,0.999936,0,0
1902,29,554,1346,0.999936,0,0
1903,27,554,1347,0.999936,0,0
1904,25,554,1348,0.999936,0,0
1905,29,555,1348,0.999936,0,0
1906,27,555,1349,0.999936,0,0
1907,25,555,1350,0.999936,0,1
1908,23,555,1351,0.999936,0,0
1909,29,556,1351,0.999936,0,0
1910,27,556,1352,0.999936,0,0
1911,25,556,1353,0.999936,0,0
1912,23,556,1354,0.999938,0,1
1913,21,556,1355,0.999939,1,0
1914,29,557,1355,0.999941,1,0
1915,27,557,1356,0.999941,0,1
1916,29,558,1356,0.999941,0,0
1917,27,558,1357,0.999941,0,0
1918,29,559,1357,0.999941,0,0
1919,27,559,1358,0.999941,0,1
1920,25,559,1359,0.999943,1,0
1921,23,559,1360,0.999943,0,1
1922,29,560,1360,0.999943,0,0
1923,27,560,1361,0.999943,0,0
1924,25,560,1362,0.999943,0,0
1925,23,560,1363,0.999943,0,0
1926,21,560,1364,0.999943,0,0
1927,19,560,1365,0.999943,0,0
1928,29,561,1365,0.999943,0,0
1929,27,561,1366,0.999945,0,0
1930,25,561,1367,0.999946,1,0
1931,29,562,1367,0.999948,1,0
1932,27,562,1368,0.999949,1,1
1933,29,563,1368,0.999951,1,0
1934,27,563,1369,0.999951,0,1
1935,29,564,1369,0.999951,0,0
1936,27,564,1370,0.999951,0,1
1937,25,564,1371,0.999951,0,0
1938,29,565,1371,0.999951,0,0
1939,27,565,1372,0.999952,1,0
1940,25,565,1373,0.999954,1,1
1941,29,566,1373,0.999955,1,0
1942,27,566,1374,0.999955,0,1
1943,29,567,1374,0.999955,0,0
1944,27,567,1375,0.999955,0,0
1945,25,567,1376,0.999955,0,0
1946,23,567,1377,0.999955,0,0
1947,21,567,1378,0.999955,0,0
1948,19,567,1379,0.999955,0,1
1949,17,567,1380,0.999955,0,0
1950,15,567,1381,0.999955,0,1
1951,13,567,1382,0.999955,0,0
1952,11,567,1383,0.999955,0,0
1953,29,568,1383,0.999955,0,0
1954,27,568,1384,0.999955,0,0
1955,25,568,1385,0.999955,0,0
1956,23,568,1386,0.999956,0,0
1957,29,569,1386,0.999958,0,0
1958,27,569,1387,0.999958,0,1
1959,29,570,1387,0.999958,0,0
1960,27,570,1388,0.999958,0,0
1961,25,570,1389,0.999958,0,0
1962,23,570,1390,0.999958,0,0
1963,21,570,1391,0.999959,1,0
1964,29,571,1391,0.999960,1,0
1965,27,571,1392,0.999960,0,1
1966,29,572,1392,0.999960,0,0
1967,27,572,1393,0.999960,0,0
1968,29,573,1393,0.999960,0,0
1969,27,573,1394,0.999960,0,0
1970,25,573,1395,0.999960,0,0
1971,29,574,1395,0.999960,0,0
1972,27,574,1396,0.999960,0,1
1973,25,574,1397,0.999960,0,0
1974,23,574,1398,0.999960,0,0
1975,29,575,1398,0.999960,0,0
1976,27,575,1399,0.999961,1,1
1977,25,575,1400,0.999961,0,1
1978,29,576,1400,0.999961,0,0
1979,27,576,1401,0.999963,1,0
1980,29,577,1401,0.999964,1,0
1981,27,577,1402,0.999964,0,0
1982,25,577,1403,0.999964,0,0
1983,23,577,1404,0.999964,0,0
1984,21,577,1405,0.999964,0,0
1985,19,577,1406,0.999964,0,0
1986,17,577,1407,0.999964,0,0
1987,29,578,1407,0.999964,0,0
1988,27,578,1408,0.999964,0,0
1989,29,579,1408,0.999964,0,0
1990,27,579,1409,0.999964,0,1
1991,25,579,1410,0.999964,0,0
1992,23,579,1411,0.999964,0,0
1993,21,579,1412,0.999964,0,0
1994,19,579,1413,0.999964,0,1
1995,17,579,1414,0.999964,0,0
1996,29,580,1414,0.999964,0,0
1997,27,580,1415,0.999964,0,0
1998,25,580,1416,0.999964,0,0
1999,29,581,1416,0.999964,0,0
2000,27,581,1417,0.999964,0,0
