tick,food_sensed_N,food_sensed_E,food_sensed_S,food_sensed_W,movement,food_consumed,energy,manhattan_dist,decision_made,conn_0_0,conn_0_1,conn_0_3,conn_0_4,conn_0_5,conn_0_6,conn_0_7,conn_0_10,conn_1_2,conn_1_4,conn_1_6,conn_1_7,conn_1_8,conn_1_10,conn_2_0,conn_2_1,conn_2_2,conn_2_3,conn_2_4,conn_2_9,conn_2_10,conn_3_0,conn_3_2,conn_3_3,conn_3_7,conn_3_8,conn_3_9,conn_3_10,conn_4_1,conn_4_2,conn_4_6,conn_4_7,conn_4_8,conn_4_9,conn_5_0,conn_5_1,conn_5_2,conn_5_4,conn_5_5,conn_6_1,conn_6_2,conn_6_4,conn_6_6,conn_6_7,conn_6_8,conn_7_0,conn_7_3,conn_7_4,conn_7_7,conn_7_8,conn_7_9,conn_7_10,conn_8_0,conn_8_2,conn_8_3,conn_8_4,conn_8_6,conn_8_7,conn_8_8,conn_8_9,conn_9_0,conn_9_1,conn_9_2,conn_9_4,conn_9_6,conn_10_0,conn_10_4,conn_10_5,conn_10_6,conn_10_7,conn_10_8
0,0,0,0,0,stay,0,30,0,0,-0.600000,0.600000,-0.600000,0.600000,1.000000,-0.600000,-0.600000,0.600000,-0.600000,0.600000,-0.600000,-0.600000,-0.600000,-0.600000,0.600000,0.600000,0.600000,0.600000,-0.600000,0.600000,-0.600000,-0.600000,-0.600000,0.600000,-0.600000,-0.600000,-0.600000,0.600000,-0.600000,-0.600000,0.600000,-0.600000,-0.600000,0.600000,-0.600000,-0.600000,0.600000,-0.600000,-0.600000,0.600000,-0.600000,-0.600000,0.600000,0.600000,-0.600000,-0.600000,-0.600000,-0.600000,-0.600000,-0.600000,-0.600000,-0.600000,-0.600000,0.600000,-0.600000,-0.600000,-0.600000,0.600000,-0.600000,0.600000,-0.600000,0.600000,-0.600000,0.600000,-0.600000,-0.600000,0.600000,-0.600000,-0.600000,-0.600000,-0.600000
1,1,0,1,0,stay,0,29,0,1,-0.603596,0.600000,-0.600000,0.578228,1.000000,-0.600000,-0.600000,0.600000,-0.549987,0.574567,-0.600000,-0.600000,-0.600000,-0.623756,0.600000,0.600000,0.600000,0.574567,-0.624929,0.600000,-0.600000,-0.600000,-0.600000,0.600000,-0.600000,-0.600000,-0.600000,0.600000,-0.600000,-0.600000,0.600000,-0.600000,-0.621405,0.600000,-0.600000,-0.600000,0.603596,-0.600000,-0.600000,0.600000,-0.575789,-0.600000,0.600000,0.600000,-0.600000,-0.600000,-0.574567,-0.600000,-0.600000,-0.624929,-0.600000,-0.600000,-0.600000,0.600000,-0.600000,-0.600000,-0.600000,0.600000,-0.624929,0.600000,-0.600000,0.600000,-0.603596,0.601200,-0.600000,-0.601200,0.600000,-0.600000,-0.600000,-0.600000,-0.623756
2,0,0,0,0,E,0,27,1,1,-0.603596,0.600000,-0.600000,0.575789,1.000000,-0.600000,-0.600000,0.600000,-0.520154,0.572122,-0.600000,-0.600000,-0.600000,-0.637738,0.600000,0.600000,0.600000,0.559845,-0.627272,0.609565,-0.600000,-0.600000,-0.600000,0.600000,-0.600000,-0.600000,-0.600000,0.600000,-0.609565,-0.600000,0.609565,-0.600000,-0.623756,0.600000,-0.600000,-0.600000,0.603596,-0.600000,-0.600000,0.600000,-0.561076,-0.600000,0.600000,0.600000,-0.600000,-0.600000,-0.559845,-0.600000,-0.600000,-0.627272,-0.600000,-0.587948,-0.600000,0.600000,-0.600000,-0.600000,-0.600000,0.600000,-0.627272,0.600000,-0.600000,0.600000,-0.603596,0.601200,-0.590367,-0.601200,0.600000,-0.600000,-0.600000,-0.600000,-0.637738
3,1,0,1,0,W,0,25,0,1,-0.610755,0.600000,-0.600000,0.557380,1.000000,-0.600000,-0.600000,0.600000,-0.467707,0.546254,-0.600000,-0.600000,-0.600000,-0.660525,0.600000,0.600000,0.600000,0.532593,-0.651492,0.611944,-0.600000,-0.600000,-0.600000,0.600000,-0.600000,-0.600000,-0.600000,0.600000,-0.611944,-0.600000,0.611944,-0.600000,-0.641199,0.600000,-0.600000,-0.600000,0.610755,-0.600000,-0.600000,0.600000,-0.536324,-0.600000,0.600000,0.600000,-0.600000,-0.600000,-0.532593,-0.600000,-0.600000,-0.651492,-0.600000,-0.586737,-0.600000,0.600000,-0.600000,-0.600000,-0.600000,0.600000,-0.651492,0.600000,-0.600000,0.600000,-0.610755,0.603596,-0.587948,-0.603596,0.600000,-0.600000,-0.600000,-0.600000,-0.660525
4,0,0,0,0,W,0,23,1,1,-0.610755,0.600000,-0.600000,0.542534,1.000000,-0.600000,-0.600000,0.600000,-0.439202,0.531348,-0.600000,-0.600000,-0.600000,-0.670550,0.600000,0.600000,0.600000,0.515137,-0.664999,0.613131,-0.600000,-0.600000,-0.600000,0.600000,-0.600000,-0.600000,-0.600000,0.600000,-0.613131,-0.600000,0.613131,-0.600000,-0.654892,0.600000,-0.600000,-0.600000,0.610755,-0.600000,-0.600000,0.600000,-0.525119,-0.600000,0.600000,0.600000,-0.600000,-0.600000,-0.515137,-0.600000,-0.600000,-0.664999,-0.600000,-0.584311,-0.600000,0.600000,-0.600000,-0.600000,-0.600000,0.600000,-0.664999,0.600000,-0.600000,0.600000,-0.610755,0.609565,-0.586737,-0.609565,0.600000,-0.600000,-0.600000,-0.600000,-0.670550
5,0,0,0,0,W,0,21,2,1,-0.610755,0.600000,-0.600000,0.542534,1.000000,-0.600000,-0.600000,0.600000,-0.409873,0.531348,-0.600000,-0.600000,-0.600000,-0.683678,0.600000,0.600000,0.600000,0.500142,-0.664999,0.627272,-0.600000,-0.600000,-0.600000,0.600000,-0.600000,-0.600000,-0.600000,0.600000,-0.627272,-0.600000,0.627272,-0.600000,-0.654892,0.600000,-0.600000,-0.600000,0.610755,-0.600000,-0.600000,0.600000,-0.510140,-0.600000,0.600000,0.600000,-0.600000,-0.600000,-0.500142,-0.600000,-0.600000,-0.664999,-0.600000,-0.569673,-0.600000,0.600000,-0.600000,-0.600000,-0.600000,0.600000,-0.664999,0.600000,-0.600000,0.600000,-0.610755,0.609565,-0.572122,-0.609565,0.600000,-0.600000,-0.600000,-0.600000,-0.683678
6,0,0,1,1,W,0,19,3,1,-0.610755,0.600000,-0.600000,0.516385,1.000000,-0.600000,-0.600000,0.600000,-0.357841,0.505142,-0.600000,-0.600000,-0.600000,-0.706995,0.600000,0.600000,0.600000,0.472667,-0.687991,0.629608,-0.600000,-0.600000,-0.600000,0.600000,-0.600000,-0.600000,-0.600000,0.600000,-0.629608,-0.600000,0.629608,-0.600000,-0.678242,0.600000,-0.600000,-0.600000,0.610755,-0.600000,-0.600000,0.600000,-0.482648,-0.600000,0.600000,0.600000,-0.600000,-0.600000,-0.472667,-0.600000,-0.600000,-0.687991,-0.600000,-0.568448,-0.600000,0.600000,-0.600000,-0.600000,-0.600000,0.600000,-0.687991,0.600000,-0.600000,0.600000,-0.610755,0.609565,-0.569673,-0.609565,0.600000,-0.600000,-0.600000,-0.600000,-0.706995
7,0,0,0,0,N,0,17,4,1,-0.610755,0.600000,-0.600000,0.506391,1.000000,-0.600000,-0.600000,0.600000,-0.332942,0.495142,-0.600000,-0.600000,-0.600000,-0.717255,0.600000,0.600000,0.600000,0.457739,-0.696520,0.633102,-0.600000,-0.600000,-0.600000,0.600000,-0.600000,-0.600000,-0.600000,0.600000,-0.633102,-0.600000,0.633102,-0.600000,-0.686916,0.600000,-0.600000,-0.600000,0.610755,-0.600000,-0.600000,0.600000,-0.470175,-0.600000,0.600000,0.600000,-0.600000,-0.600000,-0.457739,-0.600000,-0.600000,-0.696520,-0.600000,-0.563536,-0.600000,0.600000,-0.600000,-0.600000,-0.600000,0.600000,-0.696520,0.600000,-0.600000,0.600000,-0.610755,0.611944,-0.565994,-0.611944,0.600000,-0.600000,-0.600000,-0.600000,-0.717255
8,1,0,1,1,W,0,15,5,1,-0.615502,0.600000,-0.600000,0.485146,1.000000,-0.600000,-0.600000,0.600000,-0.285911,0.468930,-0.600000,-0.600000,-0.600000,-0.739045,0.600000,0.600000,0.600000,0.430581,-0.718269,0.635423,-0.600000,-0.600000,-0.600000,0.600000,-0.600000,-0.600000,-0.600000,0.600000,-0.635423,-0.600000,0.635423,-0.600000,-0.704917,0.600000,-0.600000,-0.600000,0.615502,-0.600000,-0.600000,0.600000,-0.442884,-0.600000,0.600000,0.600000,-0.600000,-0.600000,-0.430581,-0.600000,-0.600000,-0.718269,-0.600000,-0.562307,-0.600000,0.600000,-0.600000,-0.600000,-0.600000,0.600000,-0.718269,0.600000,-0.600000,0.600000,-0.615502,0.611944,-0.563536,-0.611944,0.600000,-0.600000,-0.600000,-0.600000,-0.739045
9,1,0,1,1,stay,0,14,5,1,-0.622581,0.600000,-0.600000,0.465195,1.000000,-0.600000,-0.600000,0.600000,-0.243084,0.441650,-0.600000,-0.600000,-0.600000,-0.759721,0.600000,0.600000,0.600000,0.403831,-0.740009,0.635423,-0.600000,-0.600000,-0.600000,0.600000,-0.600000,-0.600000,-0.600000,0.600000,-0.635423,-0.600000,0.635423,-0.600000,-0.721298,0.600000,-0.600000,-0.600000,0.622581,-0.600000,-0.600000,0.600000,-0.415930,-0.600000,0.600000,0.600000,-0.600000,-0.600000,-0.403831,-0.600000,-0.600000,-0.740009,-0.600000,-0.562307,-0.600000,0.600000,-0.600000,-0.600000,-0.600000,0.600000,-0.740009,0.600000,-0.600000,0.600000,-0.622581,0.611944,-0.563536,-0.611944,0.600000,-0.600000,-0.600000,-0.600000,-0.759721
10,0,0,0,0,E,0,12,4,1,-0.622581,0.600000,-0.600000,0.454017,1.000000,-0.600000,-0.600000,0.600000,-0.222501,0.430581,-0.600000,-0.600000,-0.600000,-0.769630,0.600000,0.600000,0.600000,0.389466,-0.748584,0.637738,-0.600000,-0.600000,-0.600000,0.600000,-0.600000,-0.600000,-0.600000,0.600000,-0.637738,-0.600000,0.637738,-0.600000,-0.730263,0.600000,-0.600000,-0.600000,0.622581,-0.600000,-0.600000,0.600000,-0.402628,-0.600000,0.600000,0.600000,-0.600000,-0.600000,-0.389466,-0.600000,-0.600000,-0.748584,-0.600000,-0.558612,-0.600000,0.600000,-0.600000,-0.600000,-0.600000,0.600000,-0.748584,0.600000,-0.600000,0.600000,-0.622581,0.613131,-0.561076,-0.613131,0.600000,-0.600000,-0.600000,-0.600000,-0.769630
11,1,0,1,1,W,0,10,5,1,-0.626101,0.600000,-0.600000,0.431808,1.000000,-0.600000,-0.600000,0.600000,-0.186669,0.405036,-0.600000,-0.600000,-0.600000,-0.788578,0.600000,0.600000,0.600000,0.363634,-0.767850,0.640047,-0.600000,-0.600000,-0.600000,0.600000,-0.600000,-0.600000,-0.600000,0.600000,-0.640047,-0.600000,0.640047,-0.600000,-0.747640,0.600000,-0.600000,-0.600000,0.626101,-0.600000,-0.600000,0.600000,-0.376463,-0.600000,0.600000,0.600000,-0.600000,-0.600000,-0.363634,-0.600000,-0.600000,-0.767850,-0.600000,-0.557380,-0.600000,0.600000,-0.600000,-0.600000,-0.600000,0.600000,-0.767850,0.600000,-0.600000,0.600000,-0.626101,0.613131,-0.558612,-0.613131,0.600000,-0.600000,-0.600000,-0.600000,-0.788578
12,0,0,0,1,N,0,8,6,1,-0.628441,0.600000,-0.600000,0.430580,1.000000,-0.600000,-0.600000,0.600000,-0.169783,0.400224,-0.600000,-0.600000,-0.600000,-0.798422,0.600000,0.600000,0.600000,0.350996,-0.770516,0.649216,-0.600000,-0.600000,-0.600000,0.600000,-0.598800,-0.600000,-0.600000,0.600000,-0.649216,-0.600000,0.649216,-0.600000,-0.748586,0.600000,-0.600000,-0.600000,0.628441,-0.600000,-0.600000,0.600000,-0.362477,-0.600000,0.598800,0.600000,-0.600000,-0.600000,-0.350996,-0.600000,-0.600000,-0.770516,-0.600000,-0.547493,-0.600000,0.600000,-0.600000,-0.600000,-0.600000,0.600000,-0.770516,0.601200,-0.600000,0.600000,-0.628441,0.611945,-0.548731,-0.613133,0.600000,-0.600000,-0.600000,-0.600000,-0.798422
13,1,1,1,0,W,0,6,7,1,-0.637738,0.600000,-0.600000,0.414715,1.000000,-0.600000,-0.600000,0.601200,-0.143338,0.375289,-0.600000,-0.600000,-0.600000,-0.813302,0.600000,0.600000,0.600000,0.327448,-0.788578,0.652627,-0.600000,-0.600000,-0.600000,0.600000,-0.598800,-0.600000,-0.598800,0.600000,-0.652627,-0.600000,0.652627,-0.600000,-0.760636,0.600000,-0.600000,-0.600000,0.638895,-0.600000,-0.600000,0.598800,-0.340807,-0.600000,0.598800,0.600000,-0.600000,-0.600000,-0.327448,-0.600000,-0.600000,-0.788578,-0.600000,-0.546254,-0.600000,0.600000,-0.600000,-0.600000,-0.600000,0.600000,-0.788578,0.601200,-0.600000,0.600000,-0.637738,0.614319,-0.545015,-0.614320,0.600000,-0.600000,-0.600000,-0.600000,-0.812540
14,1,0,1,0,N,0,4,8,1,-0.646934,0.600000,-0.600000,0.397823,1.000000,-0.600000,-0.600000,0.601200,-0.120945,0.349857,-0.600000,-0.600000,-0.600000,-0.825886,0.600000,0.600000,0.600000,0.303677,-0.806362,0.652627,-0.600000,-0.600000,-0.600000,0.600000,-0.598800,-0.600000,-0.598800,0.600000,-0.652627,-0.600000,0.652627,-0.600000,-0.773164,0.600000,-0.600000,-0.600000,0.648077,-0.600000,-0.600000,0.598800,-0.321962,-0.600000,0.598800,0.600000,-0.600000,-0.600000,-0.303677,-0.600000,-0.600000,-0.806362,-0.600000,-0.546254,-0.600000,0.600000,-0.600000,-0.600000,-0.600000,0.600000,-0.806362,0.601200,-0.600000,0.600000,-0.646934,0.620228,-0.545015,-0.620230,0.600000,-0.600000,-0.600000,-0.600000,-0.825164
15,1,1,1,0,S,0,2,7,1,-0.650355,0.600000,-0.600000,0.375288,1.000000,-0.600000,-0.600000,0.601200,-0.099358,0.325248,-0.600000,-0.600000,-0.600000,-0.841166,0.600000,0.600000,0.600000,0.280907,-0.822986,0.652627,-0.600000,-0.600000,-0.600000,0.600000,-0.598800,-0.600000,-0.598800,0.600000,-0.652627,-0.600000,0.652627,-0.600000,-0.789414,0.600000,-0.600000,-0.600000,0.651493,-0.600000,-0.600000,0.598800,-0.298411,-0.600000,0.598800,0.600000,-0.600000,-0.600000,-0.280907,-0.600000,-0.600000,-0.822986,-0.600000,-0.546254,-0.600000,0.600000,-0.600000,-0.600000,-0.600000,0.600000,-0.822986,0.601200,-0.600000,0.600000,-0.650355,0.620228,-0.545015,-0.620230,0.600000,-0.600000,-0.600000,-0.600000,-0.840496
16,1,1,1,0,stay,1,29,7,1,-0.654892,0.600000,-0.600000,0.354422,1.000000,-0.600000,-0.600000,0.601200,-0.082399,0.301564,-0.600000,-0.600000,-0.600000,-0.853472,0.600000,0.600000,0.600000,0.259208,-0.838471,0.652627,-0.600000,-0.600000,-0.600000,0.600000,-0.598800,-0.600000,-0.598800,0.600000,-0.652627,-0.600000,0.652627,-0.600000,-0.804007,0.600000,-0.600000,-0.600000,0.656024,-0.600000,-0.600000,0.598800,-0.278890,-0.600000,0.598800,0.600000,-0.600000,-0.600000,-0.259208,-0.600000,-0.600000,-0.838471,-0.600000,-0.546254,-0.600000,0.600000,-0.600000,-0.600000,-0.600000,0.600000,-0.838471,0.601200,-0.600000,0.600000,-0.654892,0.623757,-0.545015,-0.623759,0.600000,-0.600000,-0.600000,-0.600000,-0.852844
17,0,0,0,0,W,0,27,8,1,-0.654892,0.600000,-0.600000,0.350995,1.000000,-0.600000,-0.600000,0.601200,-0.073393,0.298411,-0.600000,-0.600000,-0.600000,-0.860830,0.600000,0.600000,0.600000,0.246908,-0.840496,0.658277,-0.600000,-0.600000,-0.600000,0.600000,-0.598800,-0.600000,-0.598800,0.600000,-0.658277,-0.600000,0.658277,-0.600000,-0.806363,0.600000,-0.600000,-0.600000,0.656024,-0.600000,-0.600000,0.598800,-0.266971,-0.600000,0.598800,0.600000,-0.600000,-0.600000,-0.246908,-0.600000,-0.600000,-0.840496,-0.600000,-0.533838,-0.600000,0.600000,-0.600000,-0.600000,-0.600000,0.600000,-0.840496,0.601200,-0.600000,0.600000,-0.654892,0.624931,-0.538810,-0.624932,0.600000,-0.600000,-0.600000,-0.600000,-0.860229
18,0,0,0,0,W,0,25,9,1,-0.654892,0.600000,-0.600000,0.350995,1.000000,-0.600000,-0.600000,0.601200,-0.065300,0.298411,-0.600000,-0.600000,-0.600000,-0.867876,0.600000,0.600000,0.600000,0.235006,-0.840496,0.670550,-0.600000,-0.600000,-0.600000,0.600000,-0.598800,-0.600000,-0.598800,0.600000,-0.670550,-0.600000,0.670550,-0.600000,-0.806363,0.600000,-0.600000,-0.600000,0.656024,-0.600000,-0.600000,0.598800,-0.255381,-0.600000,0.598800,0.600000,-0.600000,-0.600000,-0.235006,-0.600000,-0.600000,-0.840496,-0.600000,-0.517634,-0.600000,0.600000,-0.600000,-0.600000,-0.600000,0.600000,-0.840496,0.601200,-0.600000,0.600000,-0.654892,0.626103,-0.525119,-0.626104,0.600000,-0.600000,-0.600000,-0.600000,-0.867301
19,1,0,0,1,W,0,23,10,1,-0.666113,0.600000,-0.600000,0.362460,1.000000,-0.600000,-0.600000,0.601200,-0.060855,0.298411,-0.600000,-0.600000,-0.600000,-0.874618,0.600000,0.600000,0.600000,0.232317,-0.840496,0.681509,-0.600000,-0.600000,-0.600000,0.600000,-0.598800,-0.600000,-0.598800,0.600000,-0.681509,-0.600000,0.681509,-0.600000,-0.798449,0.600000,-0.600000,-0.600000,0.667226,-0.600000,-0.600000,0.598800,-0.244126,-0.600000,0.598800,0.600000,-0.600000,-0.600000,-0.232317,-0.600000,-0.600000,-0.840496,-0.600000,-0.513888,-0.600000,0.600000,-0.600000,-0.600000,-0.600000,0.600000,-0.840496,0.601200,-0.600000,0.600000,-0.666113,0.615516,-0.512639,-0.615518,0.600000,-0.600000,-0.600000,-0.600000,-0.874068
20,1,0,0,0,W,0,21,11,1,-0.676053,0.598800,-0.600000,0.372915,1.000000,-0.600000,-0.600000,0.600001,-0.056964,0.298409,-0.600000,-0.600000,-0.600000,-0.880537,0.600000,0.600000,0.600000,0.230536,-0.839825,0.691205,-0.600000,-0.600000,-0.598800,0.600000,-0.597599,-0.600000,-0.598800,0.600000,-0.691205,-0.600000,0.691205,-0.600000,-0.791121,0.600000,-0.600000,-0.600000,0.677150,-0.600000,-0.600000,0.598800,-0.234107,-0.600000,0.597599,0.600000,-0.600000,-0.598800,-0.229649,-0.600000,-0.600000,-0.839825,-0.600000,-0.510141,-0.600000,0.600000,-0.600000,-0.600000,-0.600000,0.600000,-0.840496,0.602399,-0.600000,0.601200,-0.676053,0.606013,-0.501392,-0.607208,0.600000,-0.600000,-0.600000,-0.600000,-0.880009
21,0,1,0,0,W,0,19,12,1,-0.677148,0.598800,-0.600000,0.374084,1.000000,-0.600000,-0.600000,0.600001,-0.051067,0.298409,-0.600000,-0.600000,-0.600000,-0.886718,0.600000,0.600000,0.600000,0.220911,-0.839825,0.701784,-0.600000,-0.600000,-0.598800,0.600000,-0.597599,-0.600000,-0.598800,0.600000,-0.701784,-0.600000,0.701784,-0.600000,-0.790294,0.600000,-0.600000,-0.600000,0.678243,-0.600000,-0.600000,0.598800,-0.223507,-0.600000,0.597599,0.600000,-0.600000,-0.598800,-0.220051,-0.600000,-0.600000,-0.839825,-0.600000,-0.496392,-0.600000,0.600000,-0.600000,-0.600000,-0.600000,0.600000,-0.840496,0.602399,-0.600000,0.601200,-0.677148,0.604819,-0.488893,-0.606015,0.600000,-0.600000,-0.600000,-0.600000,-0.886213
22,1,0,1,0,W,0,17,13,1,-0.683678,0.598800,-0.600000,0.356684,1.000000,-0.600000,-0.600000,0.600001,-0.041963,0.276879,-0.600000,-0.600000,-0.600000,-0.895933,0.600000,0.600000,0.600000,0.202535,-0.853474,0.703875,-0.600000,-0.600000,-0.598800,0.600000,-0.597599,-0.600000,-0.598800,0.600000,-0.703875,-0.600000,0.703875,-0.600000,-0.802471,0.600000,-0.600000,-0.600000,0.684760,-0.600000,-0.600000,0.598800,-0.207431,-0.600000,0.597599,0.600000,-0.600000,-0.598800,-0.201728,-0.600000,-0.600000,-0.853474,-0.600000,-0.495143,-0.600000,0.600000,-0.600000,-0.600000,-0.600000,0.600000,-0.854097,0.602399,-0.600000,0.601200,-0.683678,0.608400,-0.486395,-0.609593,0.600000,-0.600000,-0.600000,-0.600000,-0.895465
23,0,0,0,1,W,0,15,14,1,-0.683678,0.598800,-0.600000,0.339652,1.000000,-0.600000,-0.600000,0.600001,-0.034589,0.262100,-0.600000,-0.600000,-0.600000,-0.904912,0.600000,0.600000,0.600000,0.186840,-0.862623,0.704917,-0.600000,-0.600000,-0.598800,0.600000,-0.597599,-0.600000,-0.598800,0.600000,-0.704917,-0.600000,0.704917,-0.600000,-0.814108,0.600000,-0.600000,-0.600000,0.684760,-0.600000,-0.600000,0.598800,-0.191448,-0.600000,0.597599,0.600000,-0.600000,-0.598800,-0.186080,-0.600000,-0.600000,-0.862623,-0.600000,-0.488894,-0.600000,0.600000,-0.600000,-0.600000,-0.600000,0.600000,-0.863213,0.602399,-0.600000,0.601200,-0.683678,0.608400,-0.485146,-0.609593,0.600000,-0.600000,-0.600000,-0.600000,-0.904480
24,0,0,1,0,W,0,13,15,1,-0.683678,0.598800,-0.600000,0.316493,1.000000,-0.600000,-0.600000,0.600001,-0.028058,0.242281,-0.600000,-0.600000,-0.600000,-0.913587,0.600000,0.600000,0.600000,0.170675,-0.874620,0.705957,-0.600000,-0.600000,-0.598800,0.600000,-0.597599,-0.600000,-0.598800,0.600000,-0.705957,-0.600000,0.705957,-0.600000,-0.829501,0.600000,-0.600000,-0.600000,0.684760,-0.600000,-0.600000,0.598800,-0.175694,-0.600000,0.597599,0.600000,-0.600000,-0.598800,-0.169967,-0.600000,-0.600000,-0.874620,-0.600000,-0.487645,-0.600000,0.600000,-0.600000,-0.600000,-0.600000,0.600000,-0.875166,0.602399,-0.600000,0.601200,-0.683678,0.609592,-0.483897,-0.610783,0.600000,-0.600000,-0.600000,-0.600000,-0.913191
25,0,0,1,0,stay,1,29,15,1,-0.683678,0.598800,-0.600000,0.293169,1.000000,-0.600000,-0.600000,0.600001,-0.023183,0.222638,-0.600000,-0.600000,-0.600000,-0.920079,0.600000,0.600000,0.600000,0.155639,-0.886215,0.705957,-0.600000,-0.600000,-0.598800,0.600000,-0.597599,-0.600000,-0.598800,0.600000,-0.705957,-0.600000,0.705957,-0.600000,-0.844524,0.600000,-0.600000,-0.600000,0.684760,-0.600000,-0.600000,0.598800,-0.163702,-0.600000,0.597599,0.600000,-0.600000,-0.598800,-0.154982,-0.600000,-0.600000,-0.886215,-0.600000,-0.487645,-0.600000,0.600000,-0.600000,-0.600000,-0.600000,0.600000,-0.886718,0.602399,-0.600000,0.601200,-0.683678,0.615528,-0.483897,-0.616713,0.600000,-0.600000,-0.600000,-0.600000,-0.919710
26,0,0,1,0,S,0,27,14,1,-0.683678,0.598800,-0.600000,0.270880,1.000000,-0.600000,-0.600000,0.600001,-0.018949,0.204156,-0.600000,-0.600000,-0.600000,-0.926806,0.600000,0.600000,0.600000,0.141701,-0.896865,0.705957,-0.600000,-0.600000,-0.598800,0.600000,-0.597599,-0.600000,-0.598800,0.600000,-0.705957,-0.600000,0.705957,-0.600000,-0.858450,0.600000,-0.600000,-0.600000,0.684760,-0.600000,-0.600000,0.598800,-0.151087,-0.600000,0.597599,0.600000,-0.600000,-0.598800,-0.141093,-0.600000,-0.600000,-0.896865,-0.600000,-0.487645,-0.600000,0.600000,-0.600000,-0.600000,-0.600000,0.600000,-0.897326,0.602399,-0.600000,0.601200,-0.683678,0.619074,-0.483897,-0.620254,0.600000,-0.600000,-0.600000,-0.600000,-0.926465
27,1,0,0,0,S,0,25,13,1,-0.691205,0.597599,-0.600000,0.276837,1.000000,-0.600000,-0.600000,0.598801,-0.017255,0.203341,-0.600000,-0.600000,-0.600000,-0.930781,0.600000,0.600000,0.600000,0.138085,-0.896867,0.715220,-0.600000,-0.600000,-0.597599,0.600000,-0.596396,-0.600000,-0.598800,0.600000,-0.715220,-0.600000,0.715220,-0.600000,-0.854774,0.600000,-0.600000,-0.600000,0.692273,-0.600000,-0.600000,0.598800,-0.143538,-0.600000,0.596396,0.600000,-0.600000,-0.597599,-0.136897,-0.600000,-0.600000,-0.896867,-0.600000,-0.480152,-0.600000,0.600000,-0.600000,-0.600000,-0.600000,0.600000,-0.897787,0.603596,-0.600000,0.602399,-0.691205,0.613164,-0.472667,-0.615535,0.600000,-0.600000,-0.600000,-0.600000,-0.930458
28,0,1,0,0,W,0,23,14,1,-0.694400,0.596396,-0.600000,0.279846,1.000000,-0.600000,-0.600000,0.597600,-0.015632,0.203339,-0.600000,-0.600000,-0.600000,-0.934249,0.601200,0.600000,0.600000,0.133384,-0.895940,0.725305,-0.600000,-0.600000,-0.596396,0.600000,-0.595193,-0.600000,-0.598800,0.600000,-0.725305,-0.598800,0.725305,-0.600000,-0.852906,0.600000,-0.600000,-0.600000,0.695463,-0.600000,-0.600000,0.600001,-0.136306,-0.600000,0.595193,0.598800,-0.600000,-0.596396,-0.131657,-0.600000,-0.600000,-0.896404,-0.600000,-0.468930,-0.600000,0.600000,-0.600000,-0.600000,-0.600000,0.600000,-0.897787,0.604793,-0.600000,0.603596,-0.695461,0.610792,-0.460222,-0.614353,0.600000,-0.600000,-0.600000,-0.600000,-0.933941
29,1,0,0,0,W,0,21,15,1,-0.701784,0.596396,-0.600000,0.286946,1.000000,-0.600000,-0.600000,0.597600,-0.014587,0.203339,-0.600000,-0.600000,-0.600000,-0.936966,0.601200,0.600000,0.600000,0.130516,-0.895940,0.731248,-0.600000,-0.600000,-0.596396,0.600000,-0.595193,-0.600000,-0.598800,0.600000,-0.731248,-0.598800,0.731248,-0.600000,-0.848468,0.600000,-0.600000,-0.600000,0.702832,-0.600000,-0.600000,0.600001,-0.131085,-0.600000,0.595193,0.598800,-0.600000,-0.596396,-0.128820,-0.600000,-0.600000,-0.896404,-0.600000,-0.462708,-0.600000,0.600000,-0.600000,-0.600000,-0.600000,0.600000,-0.897787,0.604793,-0.600000,0.603596,-0.702830,0.606031,-0.452778,-0.609608,0.600000,-0.600000,-0.600000,-0.600000,-0.936669
30,0,0,0,0,W,0,19,16,1,-0.702830,0.596396,-0.600000,0.287969,1.000000,-0.600000,-0.600000,0.597600,-0.013016,0.203339,-0.600000,-0.600000,-0.600000,-0.940425,0.601200,0.600000,0.600000,0.124389,-0.895940,0.741931,-0.600000,-0.600000,-0.596396,0.600000,-0.595193,-0.600000,-0.598800,0.600000,-0.741931,-0.598800,0.741931,-0.600000,-0.847825,0.600000,-0.600000,-0.600000,0.703876,-0.600000,-0.600000,0.600001,-0.124389,-0.600000,0.595193,0.598800,-0.600000,-0.596396,-0.122761,-0.600000,-0.600000,-0.896404,-0.600000,-0.449063,-0.600000,0.600000,-0.600000,-0.600000,-0.600000,0.600000,-0.897787,0.604793,-0.600000,0.603596,-0.703875,0.604838,-0.439185,-0.608418,0.600000,-0.600000,-0.600000,-0.600000,-0.940144
31,0,0,0,0,W,0,17,17,1,-0.702830,0.596396,-0.600000,0.287969,1.000000,-0.600000,-0.600000,0.597600,-0.011554,0.203339,-0.600000,-0.600000,-0.600000,-0.943706,0.601200,0.600000,0.600000,0.117988,-0.895940,0.750463,-0.600000,-0.600000,-0.596396,0.600000,-0.595193,-0.600000,-0.598800,0.600000,-0.750463,-0.598800,0.750463,-0.600000,-0.847825,0.600000,-0.600000,-0.600000,0.703876,-0.600000,-0.600000,0.600001,-0.117988,-0.600000,0.595193,0.598800,-0.600000,-0.596396,-0.116433,-0.600000,-0.600000,-0.896404,-0.600000,-0.434264,-0.600000,0.600000,-0.600000,-0.600000,-0.600000,0.600000,-0.897787,0.604793,-0.600000,0.603596,-0.703875,0.604838,-0.428130,-0.608418,0.600000,-0.600000,-0.600000,-0.600000,-0.943440
32,0,0,0,0,W,0,15,18,1,-0.702830,0.596396,-0.600000,0.287969,1.000000,-0.600000,-0.600000,0.597600,-0.010153,0.203339,-0.600000,-0.600000,-0.600000,-0.947069,0.601200,0.600000,0.600000,0.111377,-0.895940,0.760633,-0.600000,-0.600000,-0.596396,0.600000,-0.595193,-0.600000,-0.598800,0.600000,-0.760633,-0.598800,0.760633,-0.600000,-0.847825,0.600000,-0.600000,-0.600000,0.703876,-0.600000,-0.600000,0.600001,-0.111377,-0.600000,0.595193,0.598800,-0.600000,-0.596396,-0.109899,-0.600000,-0.600000,-0.896404,-0.600000,-0.418363,-0.600000,0.600000,-0.600000,-0.600000,-0.600000,0.600000,-0.897787,0.604793,-0.600000,0.603596,-0.703875,0.604838,-0.414715,-0.608418,0.600000,-0.600000,-0.600000,-0.600000,-0.946817
33,0,0,0,0,W,0,13,19,1,-0.703875,0.596396,-0.600000,0.288995,1.000000,-0.600000,-0.600000,0.597600,-0.008921,0.203339,-0.600000,-0.600000,-0.600000,-0.950241,0.601200,0.600000,0.600000,0.105093,-0.895940,0.767850,-0.600000,-0.600000,-0.596396,0.600000,-0.595193,-0.600000,-0.598800,0.600000,-0.767850,-0.598800,0.767850,-0.600000,-0.847180,0.600000,-0.600000,-0.600000,0.704918,-0.600000,-0.600000,0.600001,-0.105093,-0.600000,0.595193,0.598800,-0.600000,-0.596396,-0.103688,-0.600000,-0.600000,-0.896404,-0.600000,-0.402628,-0.600000,0.600000,-0.600000,-0.600000,-0.600000,0.600000,-0.897787,0.604793,-0.600000,0.603596,-0.704917,0.604839,-0.405036,-0.608419,0.600000,-0.600000,-0.600000,-0.600000,-0.950004
34,0,0,0,0,W,0,11,20,1,-0.703875,0.596396,-0.600000,0.288995,1.000000,-0.600000,-0.600000,0.597600,-0.007916,0.203339,-0.600000,-0.600000,-0.600000,-0.953009,0.601200,0.600000,0.600000,0.099571,-0.895940,0.777522,-0.600000,-0.600000,-0.596396,0.600000,-0.595193,-0.600000,-0.598800,0.600000,-0.777522,-0.598800,0.777522,-0.600000,-0.847180,0.600000,-0.600000,-0.600000,0.704918,-0.600000,-0.600000,0.600001,-0.099571,-0.600000,0.595193,0.598800,-0.600000,-0.596396,-0.098232,-0.600000,-0.600000,-0.896404,-0.600000,-0.388278,-0.600000,0.600000,-0.600000,-0.600000,-0.600000,0.600000,-0.897787,0.604793,-0.600000,0.603596,-0.704917,0.604839,-0.391848,-0.608419,0.600000,-0.600000,-0.600000,-0.600000,-0.952784
35,0,0,0,0,W,0,9,21,1,-0.703875,0.596396,-0.600000,0.288995,1.000000,-0.600000,-0.600000,0.597600,-0.006884,0.203339,-0.600000,-0.600000,-0.600000,-0.956053,0.601200,0.600000,0.600000,0.093457,-0.895940,0.787742,-0.600000,-0.600000,-0.596396,0.600000,-0.595193,-0.600000,-0.598800,0.600000,-0.787742,-0.598800,0.787742,-0.600000,-0.847180,0.600000,-0.600000,-0.600000,0.704918,-0.600000,-0.600000,0.600001,-0.093457,-0.600000,0.595193,0.598800,-0.600000,-0.596396,-0.092191,-0.600000,-0.600000,-0.896404,-0.600000,-0.371777,-0.600000,0.600000,-0.600000,-0.600000,-0.600000,0.600000,-0.897787,0.604793,-0.600000,0.603596,-0.704917,0.604839,-0.377638,-0.608419,0.600000,-0.600000,-0.600000,-0.600000,-0.955842
36,1,0,0,0,W,0,7,22,1,-0.714200,0.596396,-0.600000,0.299365,1.000000,-0.600000,-0.600000,0.597600,-0.006388,0.203339,-0.600000,-0.600000,-0.600000,-0.958511,0.601200,0.600000,0.600000,0.092191,-0.895940,0.796806,-0.600000,-0.600000,-0.596396,0.600000,-0.595193,-0.600000,-0.598800,0.600000,-0.796806,-0.598800,0.796806,-0.600000,-0.840605,0.600000,-0.600000,-0.600000,0.715222,-0.600000,-0.600000,0.600001,-0.088486,-0.600000,0.595193,0.598800,-0.600000,-0.596396,-0.090941,-0.600000,-0.600000,-0.896404,-0.600000,-0.368278,-0.600000,0.600000,-0.600000,-0.600000,-0.600000,0.600000,-0.897787,0.604793,-0.600000,0.603596,-0.715220,0.594040,-0.364793,-0.597653,0.600000,-0.600000,-0.600000,-0.600000,-0.958312
37,1,0,1,0,W,0,5,23,1,-0.720290,0.596396,-0.600000,0.285896,1.000000,-0.600000,-0.600000,0.597600,-0.005391,0.188360,-0.600000,-0.600000,-0.600000,-0.961585,0.603596,0.600000,0.600000,0.084916,-0.903619,0.798422,-0.600000,-0.600000,-0.596396,0.600000,-0.595193,-0.600000,-0.598800,0.600000,-0.798422,-0.596396,0.798422,-0.600000,-0.849140,0.600000,-0.600000,-0.600000,0.721299,-0.600000,-0.600000,0.602400,-0.081475,-0.600000,0.595193,0.596396,-0.600000,-0.596396,-0.083755,-0.600000,-0.600000,-0.904916,-0.600000,-0.369440,-0.600000,0.600000,-0.600000,-0.600000,-0.600000,0.600000,-0.906197,0.604793,-0.600000,0.603596,-0.723308,0.596452,-0.362477,-0.600059,0.600000,-0.600000,-0.600000,-0.600000,-0.961400
38,0,1,0,1,N,0,3,24,1,-0.722303,0.595193,-0.600000,0.286917,1.000000,-0.600000,-0.600000,0.597601,-0.004854,0.187593,-0.600000,-0.600000,-0.600000,-0.963571,0.604793,0.600000,0.600000,0.081475,-0.903185,0.806362,-0.600000,-0.600000,-0.595193,0.600000,-0.593988,-0.600000,-0.597599,0.600000,-0.806362,-0.595193,0.806362,-0.600000,-0.848499,0.600000,-0.600000,-0.600000,0.724308,-0.600000,-0.600000,0.602401,-0.077086,-0.600000,0.593988,0.595193,-0.600000,-0.595193,-0.079990,-0.600000,-0.600000,-0.904918,-0.600000,-0.357861,-0.600000,0.600000,-0.600000,-0.600000,-0.600000,0.600000,-0.906622,0.605988,-0.600000,0.604793,-0.726303,0.595250,-0.350996,-0.598860,0.600000,-0.600000,-0.600000,-0.600000,-0.963217
39,0,1,0,1,W,0,1,25,1,-0.722303,0.595193,-0.600000,0.286917,1.000000,-0.600000,-0.600000,0.597601,-0.004305,0.187593,-0.600000,-0.600000,-0.600000,-0.965624,0.604793,0.600000,0.600000,0.077087,-0.903185,0.814061,-0.600000,-0.600000,-0.595193,0.600000,-0.593988,-0.600000,-0.597599,0.600000,-0.814061,-0.595193,0.814061,-0.600000,-0.848499,0.600000,-0.600000,-0.600000,0.724308,-0.600000,-0.600000,0.602401,-0.072915,-0.600000,0.593988,0.595193,-0.600000,-0.595193,-0.075675,-0.600000,-0.600000,-0.904918,-0.600000,-0.344184,-0.600000,0.600000,-0.600000,-0.600000,-0.600000,0.600000,-0.906622,0.605988,-0.600000,0.604793,-0.726303,0.595250,-0.339684,-0.598860,0.600000,-0.600000,-0.600000,-0.600000,-0.965290
40,0,1,1,0,W,0,0,26,1,-0.722303,0.595193,-0.600000,0.265900,1.000000,-0.600000,-0.600000,0.597601,-0.003489,0.172089,-0.600000,-0.600000,-0.600000,-0.968800,0.604793,0.600000,0.600000,0.069601,-0.912003,0.814818,-0.600000,-0.600000,-0.595193,0.600000,-0.593988,-0.600000,-0.597599,0.600000,-0.814818,-0.595193,0.814818,-0.600000,-0.861531,0.600000,-0.600000,-0.600000,0.724308,-0.600000,-0.600000,0.602401,-0.066424,-0.600000,0.593988,0.595193,-0.600000,-0.595193,-0.068316,-0.600000,-0.600000,-0.913593,-0.600000,-0.343055,-0.600000,0.600000,-0.600000,-0.600000,-0.600000,0.600000,-0.915156,0.605988,-0.600000,0.604793,-0.726303,0.597658,-0.338562,-0.601261,0.600000,-0.600000,-0.600000,-0.600000,-0.968496
