tick,food_sensed_N,food_sensed_E,food_sensed_S,food_sensed_W,movement,food_consumed,energy,manhattan_dist,decision_made,conn_0_0,conn_0_1,conn_0_3,conn_0_5,conn_0_6,conn_0_8,conn_0_10,conn_1_0,conn_1_1,conn_1_4,conn_1_5,conn_1_6,conn_1_7,conn_1_8,conn_1_10,conn_2_0,conn_2_3,conn_2_4,conn_2_5,conn_2_6,conn_3_0,conn_3_1,conn_3_2,conn_3_5,conn_3_7,conn_3_8,conn_3_10,conn_4_0,conn_4_2,conn_4_3,conn_4_4,conn_4_6,conn_4_7,conn_4_8,conn_4_9,conn_4_10,conn_5_0,conn_5_2,conn_5_3,conn_5_8,conn_6_0,conn_6_1,conn_6_6,conn_6_8,conn_6_9,conn_6_10,conn_7_0,conn_7_1,conn_7_2,conn_7_3,conn_7_4,conn_7_6,conn_7_7,conn_7_8,conn_7_10,conn_8_0,conn_8_2,conn_8_3,conn_8_4,conn_8_6,conn_9_0,conn_9_1,conn_9_3,conn_9_5,conn_9_8,conn_9_10,conn_10_3,conn_10_5,conn_10_6,conn_10_7,conn_10_8,conn_10_10
0,0,0,0,0,stay,0,30,0,0,0.600000,-0.600000,0.600000,1.000000,-0.600000,-0.600000,-0.600000,-0.600000,-0.600000,-0.600000,0.600000,-0.600000,-0.600000,-0.600000,-0.600000,-0.600000,-0.600000,-0.600000,-0.600000,-0.600000,0.600000,0.600000,-0.600000,-0.600000,-0.600000,0.600000,0.600000,-0.600000,-0.600000,-0.600000,-0.600000,-0.600000,0.600000,-0.600000,0.600000,-0.600000,-0.600000,-0.600000,0.600000,0.600000,-0.600000,0.600000,-0.600000,-0.600000,-0.600000,0.600000,-0.600000,-0.600000,-0.600000,-0.600000,0.600000,0.600000,-0.600000,-0.600000,0.600000,0.600000,-0.600000,-0.600000,-0.600000,-0.600000,-0.600000,-0.600000,0.600000,-0.600000,0.600000,-0.600000,0.600000,0.600000,0.600000,0.600000,-0.600000,-0.600000
1,0,0,0,0,stay,0,29,0,1,0.600000,-0.600000,0.600000,1.000000,-0.611944,-0.600000,-0.595193,-0.604793,-0.602399,-0.600000,0.595193,-0.595193,-0.611944,-0.600000,-0.600000,-0.600000,-0.600000,-0.600000,-0.600000,-0.585524,0.607187,0.605995,-0.611944,-0.600000,-0.614317,0.600000,0.608374,-0.595193,-0.600000,-0.592786,-0.585524,-0.595193,0.600000,-0.626104,0.585524,-0.585524,-0.608374,-0.600000,0.614317,0.595193,-0.600000,0.600000,-0.585524,-0.604793,-0.600000,0.585524,-0.604793,-0.611945,-0.608378,-0.590370,0.602399,0.600000,-0.600000,-0.604793,0.602399,0.600000,-0.600000,-0.597599,-0.591575,-0.595193,-0.600000,-0.607185,0.593990,-0.600000,0.600000,-0.595193,0.600000,0.573347,0.619058,0.614317,-0.600000,-0.600000
2,0,0,0,0,stay,0,28,0,1,0.600000,-0.600000,0.600000,1.000000,-0.619048,-0.600000,-0.595193,-0.604793,-0.602399,-0.600000,0.595193,-0.590367,-0.619048,-0.600000,-0.600000,-0.600000,-0.600000,-0.600000,-0.600000,-0.578228,0.614322,0.605995,-0.619048,-0.600000,-0.621405,0.600000,0.622581,-0.595193,-0.600000,-0.590375,-0.578228,-0.595193,0.600000,-0.640049,0.570898,-0.578228,-0.622581,-0.600000,0.628441,0.595193,-0.600000,0.600000,-0.570898,-0.604793,-0.600000,0.578228,-0.604793,-0.626102,-0.615506,-0.583099,0.602399,0.600000,-0.600000,-0.609565,0.602399,0.600000,-0.600000,-0.597599,-0.577009,-0.595193,-0.600000,-0.609574,0.593990,-0.600000,0.600000,-0.595193,0.600000,0.558615,0.640066,0.621405,-0.600000,-0.600000
3,0,0,0,0,stay,0,27,0,1,0.600000,-0.600000,0.600000,1.000000,-0.626101,-0.600000,-0.595193,-0.604793,-0.602399,-0.600000,0.593988,-0.585524,-0.626101,-0.600000,-0.600000,-0.600000,-0.600000,-0.600000,-0.600000,-0.572122,0.620233,0.604803,-0.626101,-0.600000,-0.627272,0.600000,0.634263,-0.595193,-0.600000,-0.587960,-0.572122,-0.595193,0.600000,-0.652630,0.558612,-0.572122,-0.634263,-0.600000,0.640047,0.593988,-0.600000,0.600000,-0.558612,-0.604793,-0.600000,0.572122,-0.604793,-0.637739,-0.621410,-0.575791,0.602399,0.600000,-0.600000,-0.614317,0.602399,0.600000,-0.600000,-0.597599,-0.564765,-0.593988,-0.600000,-0.611958,0.593993,-0.600000,0.600000,-0.595193,0.600000,0.545017,0.658304,0.627272,-0.600000,-0.600000
4,0,0,0,0,stay,0,26,0,1,0.600000,-0.600000,0.600000,1.000000,-0.636581,-0.600000,-0.595193,-0.604793,-0.602399,-0.600000,0.593988,-0.580664,-0.636581,-0.600000,-0.600000,-0.600000,-0.600000,-0.600000,-0.600000,-0.563536,0.630781,0.604803,-0.636581,-0.600000,-0.635423,0.600000,0.648076,-0.595193,-0.600000,-0.581896,-0.563536,-0.595193,0.600000,-0.670559,0.543775,-0.563536,-0.648076,-0.600000,0.653761,0.593988,-0.600000,0.600000,-0.543775,-0.604793,-0.600000,0.563536,-0.604793,-0.651493,-0.629613,-0.564768,0.602399,0.600000,-0.600000,-0.619048,0.602399,0.600000,-0.600000,-0.597599,-0.549968,-0.593988,-0.600000,-0.617885,0.593993,-0.600000,0.600000,-0.595193,0.600000,0.525123,0.681552,0.635423,-0.600000,-0.600000
5,0,0,0,0,stay,0,25,0,1,0.600000,-0.600000,0.600000,1.000000,-0.645790,-0.600000,-0.593988,-0.604793,-0.602399,-0.600000,0.592782,-0.574567,-0.645790,-0.600000,-0.600000,-0.600000,-0.600000,-0.600000,-0.600000,-0.552441,0.638901,0.607192,-0.645790,-0.600000,-0.645790,0.600000,0.659402,-0.595193,-0.600000,-0.578248,-0.552441,-0.595193,0.600000,-0.689083,0.528858,-0.552441,-0.659402,-0.600000,0.667225,0.592782,-0.600000,0.600000,-0.528858,-0.604793,-0.600000,0.552441,-0.605988,-0.665000,-0.637743,-0.554914,0.602399,0.600000,-0.600000,-0.624929,0.602399,0.600000,-0.600000,-0.597599,-0.537567,-0.592782,-0.600000,-0.621428,0.591580,-0.600000,0.600000,-0.593988,0.600000,0.503897,0.702887,0.645790,-0.600000,-0.600000
6,0,0,0,1,S,0,23,1,1,0.600000,-0.600000,0.600000,1.000000,-0.654892,-0.600000,-0.589158,-0.614317,-0.616685,-0.600000,0.585524,-0.573345,-0.654892,-0.600000,-0.600000,-0.600000,-0.600000,-0.600000,-0.600000,-0.538810,0.641213,0.610773,-0.654892,-0.600000,-0.658277,0.596396,0.659402,-0.585524,-0.600000,-0.569694,-0.538810,-0.585524,0.603596,-0.712181,0.522625,-0.538810,-0.659402,-0.600000,0.672757,0.585524,-0.600000,0.600000,-0.522625,-0.614317,-0.600000,0.538810,-0.610755,-0.657170,-0.644655,-0.559852,0.616685,0.600000,-0.600000,-0.626101,0.616685,0.603596,-0.600000,-0.583096,-0.537567,-0.585524,-0.600000,-0.629633,0.585529,-0.600000,0.600000,-0.589158,0.600000,0.480156,0.695543,0.658277,-0.600000,-0.600000
7,0,0,0,0,W,0,21,2,1,0.600000,-0.600000,0.600000,1.000000,-0.661646,-0.600000,-0.587948,-0.617867,-0.620227,-0.600000,0.583096,-0.568448,-0.661646,-0.600000,-0.600000,-0.600000,-0.600000,-0.600000,-0.600000,-0.530103,0.645807,0.609593,-0.661646,-0.600000,-0.666113,0.595193,0.669443,-0.581881,-0.600000,-0.567245,-0.530103,-0.581881,0.604793,-0.726333,0.511390,-0.530103,-0.669443,-0.600000,0.682594,0.583096,-0.600000,0.600000,-0.511390,-0.617867,-0.600000,0.530103,-0.611944,-0.663906,-0.652644,-0.556155,0.620227,0.600000,-0.600000,-0.630774,0.620227,0.604793,-0.600000,-0.579447,-0.526366,-0.583096,-0.600000,-0.631970,0.585532,-0.600000,0.600000,-0.587948,0.600000,0.463956,0.705011,0.666113,-0.600000,-0.600000
8,0,0,0,0,stay,1,29,2,1,0.600000,-0.600000,0.600000,1.000000,-0.670550,-0.600000,-0.581881,-0.624929,-0.624929,-0.600000,0.577009,-0.564765,-0.670550,-0.600000,-0.600000,-0.600000,-0.600000,-0.600000,-0.600000,-0.515137,0.649242,0.614355,-0.670550,-0.600000,-0.679333,0.592782,0.674957,-0.574567,-0.600000,-0.561102,-0.515137,-0.574567,0.607182,-0.747682,0.500142,-0.515137,-0.674957,-0.600000,0.692272,0.577009,-0.600000,0.600000,-0.500142,-0.624929,-0.600000,0.515137,-0.617867,-0.669471,-0.661670,-0.551217,0.624929,0.600000,-0.600000,-0.634263,0.624929,0.607182,-0.600000,-0.574567,-0.520130,-0.577009,-0.600000,-0.637773,0.580673,-0.600000,0.600000,-0.581881,0.600000,0.439188,0.712260,0.679333,-0.600000,-0.600000
9,0,0,0,0,stay,0,28,2,1,0.600000,-0.600000,0.600000,1.000000,-0.678242,-0.600000,-0.575789,-0.633102,-0.630774,-0.600000,0.570898,-0.558612,-0.678242,-0.600000,-0.600000,-0.600000,-0.600000,-0.600000,-0.600000,-0.497642,0.651526,0.621454,-0.678242,-0.600000,-0.694400,0.591575,0.681509,-0.565994,-0.600000,-0.558643,-0.497642,-0.565994,0.608374,-0.767898,0.485146,-0.497642,-0.681509,-0.600000,0.704917,0.570898,-0.600000,0.600000,-0.485146,-0.633102,-0.600000,0.497642,-0.623756,-0.677182,-0.670584,-0.548745,0.630774,0.600000,-0.600000,-0.640047,0.630774,0.608374,-0.600000,-0.568448,-0.512639,-0.570898,-0.600000,-0.640090,0.573356,-0.600000,0.600000,-0.575789,0.600000,0.413502,0.719403,0.694400,-0.600000,-0.600000
10,0,0,0,0,N,0,26,1,1,0.600000,-0.600000,0.600000,1.000000,-0.684759,-0.600000,-0.573345,-0.634263,-0.630774,-0.600000,0.564765,-0.556146,-0.684759,-0.600000,-0.600000,-0.600000,-0.600000,-0.600000,-0.600000,-0.487644,0.652670,0.622635,-0.684759,-0.600000,-0.702830,0.591575,0.689064,-0.564765,-0.600000,-0.553709,-0.487644,-0.564765,0.608374,-0.780159,0.471421,-0.487644,-0.689064,-0.600000,0.716239,0.564765,-0.600000,0.600000,-0.471421,-0.634263,-0.600000,0.487644,-0.626101,-0.689097,-0.674994,-0.541307,0.630774,0.600000,-0.600000,-0.642349,0.630774,0.608374,-0.600000,-0.568448,-0.503892,-0.564765,-0.600000,-0.644691,0.568460,-0.600000,0.600000,-0.573345,0.600000,0.396625,0.735296,0.702830,-0.600000,-0.600000
11,0,0,0,0,stay,0,25,1,1,0.600000,-0.600000,0.600000,1.000000,-0.694400,-0.600000,-0.568448,-0.640047,-0.634263,-0.600000,0.558612,-0.551205,-0.694400,-0.600000,-0.600000,-0.600000,-0.600000,-0.600000,-0.600000,-0.470175,0.657202,0.629669,-0.694400,-0.600000,-0.717255,0.590367,0.696520,-0.558612,-0.600000,-0.547526,-0.470175,-0.558612,0.609565,-0.800089,0.454017,-0.470175,-0.696520,-0.600000,0.730263,0.558612,-0.600000,0.600000,-0.454017,-0.640047,-0.600000,0.470175,-0.630774,-0.700772,-0.682639,-0.533852,0.634263,0.600000,-0.600000,-0.646934,0.634263,0.609565,-0.600000,-0.564765,-0.495142,-0.558612,-0.600000,-0.650404,0.559858,-0.600000,0.600000,-0.568448,0.600000,0.369435,0.749676,0.717255,-0.600000,-0.600000
12,1,0,0,1,W,0,23,2,1,0.600000,-0.600000,0.600000,1.000000,-0.702830,-0.600000,-0.561076,-0.649216,-0.648076,-0.600000,0.546254,-0.548731,-0.702830,-0.600000,-0.600000,-0.600000,-0.600000,-0.600000,-0.600000,-0.456497,0.654960,0.632015,-0.702830,-0.600000,-0.728287,0.587948,0.696520,-0.548731,-0.600000,-0.540086,-0.456497,-0.548731,0.611944,-0.816392,0.446589,-0.456497,-0.696520,-0.600000,0.736138,0.546254,-0.600000,0.600000,-0.446589,-0.649216,-0.600000,0.456497,-0.637738,-0.694456,-0.688044,-0.538829,0.648076,0.600000,-0.600000,-0.649216,0.648076,0.611944,-0.600000,-0.549968,-0.495142,-0.546254,-0.600000,-0.657203,0.552455,-0.600000,0.600000,-0.561076,0.600000,0.347573,0.744025,0.728287,-0.600000,-0.600000
13,0,0,0,0,E,0,21,1,1,0.600000,-0.600000,0.600000,1.000000,-0.709064,-0.600000,-0.557380,-0.652627,-0.649216,-0.600000,0.537567,-0.546254,-0.709064,-0.600000,-0.600000,-0.600000,-0.600000,-0.600000,-0.600000,-0.442884,0.653839,0.635507,-0.709064,-0.600000,-0.739045,0.586737,0.700735,-0.545015,-0.600000,-0.535116,-0.442884,-0.545015,0.613131,-0.829526,0.433035,-0.442884,-0.700735,-0.600000,0.746695,0.537567,-0.600000,0.600000,-0.433035,-0.652627,-0.600000,0.442884,-0.641199,-0.704973,-0.692334,-0.532612,0.649216,0.600000,-0.600000,-0.651492,0.649216,0.613131,-0.600000,-0.548731,-0.490143,-0.537567,-0.600000,-0.661702,0.543789,-0.600000,0.600000,-0.557380,0.600000,0.328539,0.756234,0.739045,-0.600000,-0.600000
14,0,0,0,0,stay,0,20,1,1,0.600000,-0.600000,0.600000,1.000000,-0.713177,-0.600000,-0.551205,-0.660525,-0.654892,-0.600000,0.530103,-0.543775,-0.713177,-0.600000,-0.600000,-0.600000,-0.600000,-0.600000,-0.600000,-0.425683,0.651580,0.641293,-0.713177,-0.600000,-0.752334,0.586737,0.705957,-0.536324,-0.600000,-0.532629,-0.425683,-0.536324,0.613131,-0.841898,0.419580,-0.425683,-0.705957,-0.600000,0.756968,0.530103,-0.600000,0.600000,-0.419580,-0.660525,-0.600000,0.425683,-0.646934,-0.711187,-0.700807,-0.533858,0.654892,0.600000,-0.600000,-0.653761,0.654892,0.613131,-0.600000,-0.542534,-0.483897,-0.530103,-0.600000,-0.663942,0.536340,-0.600000,0.600000,-0.551205,0.600000,0.308982,0.759013,0.752334,-0.600000,-0.600000
15,0,0,0,0,E,0,18,0,1,0.600000,-0.600000,0.600000,1.000000,-0.714200,-0.600000,-0.545015,-0.667225,-0.656023,-0.600000,0.526366,-0.543775,-0.714200,-0.600000,-0.600000,-0.600000,-0.600000,-0.600000,-0.600000,-0.413502,0.649310,0.649311,-0.714200,-0.600000,-0.761544,0.586737,0.705957,-0.528858,-0.600000,-0.531384,-0.413502,-0.528858,0.613131,-0.849097,0.413502,-0.413502,-0.705957,-0.600000,0.761544,0.526366,-0.600000,0.600000,-0.413502,-0.667225,-0.600000,0.413502,-0.652627,-0.715284,-0.706030,-0.533859,0.656023,0.600000,-0.600000,-0.653761,0.656023,0.613131,-0.600000,-0.541293,-0.483897,-0.526366,-0.600000,-0.665058,0.530119,-0.600000,0.600000,-0.545015,0.600000,0.297351,0.758101,0.761544,-0.600000,-0.600000
16,0,0,0,0,E,0,16,1,1,0.600000,-0.600000,0.600000,1.000000,-0.715220,-0.600000,-0.537567,-0.676053,-0.660525,-0.600000,0.522625,-0.543775,-0.715220,-0.600000,-0.600000,-0.600000,-0.600000,-0.600000,-0.600000,-0.400224,0.647033,0.657248,-0.715220,-0.600000,-0.771400,0.586737,0.705957,-0.518882,-0.600000,-0.530139,-0.400224,-0.518882,0.613131,-0.856640,0.408658,-0.400224,-0.705957,-0.600000,0.765161,0.522625,-0.600000,0.600000,-0.408658,-0.676053,-0.600000,0.400224,-0.659402,-0.715293,-0.713251,-0.537591,0.660525,0.600000,-0.600000,-0.653761,0.660525,0.613131,-0.600000,-0.536324,-0.483897,-0.522625,-0.600000,-0.666171,0.525135,-0.600000,0.600000,-0.537567,0.600000,0.284954,0.751635,0.771400,-0.600000,-0.600000
17,0,0,0,0,E,0,14,2,1,0.600000,-0.600000,0.600000,1.000000,-0.718269,-0.600000,-0.528858,-0.685838,-0.667225,-0.600000,0.516385,-0.543775,-0.718269,-0.600000,-0.600000,-0.600000,-0.600000,-0.600000,-0.600000,-0.384718,0.644753,0.662873,-0.718269,-0.600000,-0.782675,0.585524,0.705957,-0.507641,-0.600000,-0.526402,-0.384718,-0.507641,0.614317,-0.866790,0.405036,-0.384718,-0.705957,-0.600000,0.767850,0.516385,-0.600000,0.600000,-0.405036,-0.685838,-0.600000,0.384718,-0.667225,-0.712236,-0.723380,-0.541320,0.667225,0.600000,-0.600000,-0.653761,0.667225,0.614317,-0.600000,-0.528858,-0.483897,-0.516385,-0.600000,-0.669502,0.521393,-0.600000,0.600000,-0.528858,0.600000,0.268916,0.743155,0.782675,-0.600000,-0.600000
18,0,1,0,0,E,0,12,3,1,0.609565,-0.600000,0.600000,1.000000,-0.724306,-0.600000,-0.522625,-0.691205,-0.667225,-0.600000,0.510140,-0.541293,-0.724306,-0.600000,-0.600000,-0.600000,-0.600000,-0.600000,-0.600000,-0.371777,0.645906,0.661767,-0.724306,-0.600000,-0.791898,0.585524,0.706995,-0.501392,-0.600000,-0.521414,-0.371777,-0.501392,0.614317,-0.876319,0.395430,-0.371777,-0.706995,-0.600000,0.767857,0.510140,-0.600000,0.600000,-0.395430,-0.691205,-0.600000,0.371777,-0.672757,-0.720373,-0.727384,-0.523900,0.667225,0.600000,-0.600000,-0.656023,0.667225,0.614317,-0.600000,-0.528858,-0.482648,-0.510140,-0.600000,-0.673919,0.512655,-0.600000,0.609565,-0.522625,0.600000,0.245024,0.751665,0.785236,-0.600000,-0.600000
19,0,1,0,0,stay,0,11,3,1,0.614317,-0.600000,0.600000,1.000000,-0.729276,-0.600000,-0.521378,-0.694400,-0.669443,-0.600000,0.503892,-0.535081,-0.729276,-0.600000,-0.600000,-0.600000,-0.600000,-0.600000,-0.600000,-0.361322,0.645915,0.655034,-0.729276,-0.600000,-0.799227,0.585524,0.710096,-0.497642,-0.600000,-0.521416,-0.361322,-0.497642,0.614317,-0.883724,0.389466,-0.361322,-0.710096,-0.600000,0.768750,0.503892,-0.600000,0.600000,-0.389466,-0.694400,-0.600000,0.361322,-0.673858,-0.723392,-0.734288,-0.515165,0.669443,0.600000,-0.600000,-0.661646,0.669443,0.614317,-0.600000,-0.526366,-0.478903,-0.503892,-0.600000,-0.673929,0.510157,-0.600000,0.614317,-0.521378,0.600000,0.228726,0.756320,0.789435,-0.600000,-0.600000
20,0,1,1,0,E,0,9,4,1,0.615502,-0.600000,0.600000,1.000000,-0.736138,-0.600000,-0.518882,-0.695461,-0.669443,-0.600000,0.502642,-0.532593,-0.736138,-0.600000,-0.600000,-0.600000,-0.600000,-0.600000,-0.600000,-0.352137,0.652752,0.656163,-0.736138,-0.600000,-0.805578,0.585524,0.720290,-0.496392,-0.600000,-0.515175,-0.352137,-0.496392,0.614317,-0.891233,0.376463,-0.352137,-0.720290,-0.600000,0.777531,0.502642,-0.600000,0.600000,-0.376463,-0.695461,-0.600000,0.352137,-0.676053,-0.734274,-0.741069,-0.505170,0.669443,0.600000,-0.600000,-0.663883,0.669443,0.614317,-0.600000,-0.526366,-0.466440,-0.502642,-0.600000,-0.679405,0.508907,-0.600000,0.615502,-0.518882,0.600000,0.214892,0.771679,0.795205,-0.600000,-0.600000
21,0,1,1,0,stay,1,29,4,1,0.615502,-0.600000,0.600000,1.000000,-0.745746,-0.600000,-0.516385,-0.695461,-0.669443,-0.600000,0.495142,-0.527612,-0.745746,-0.600000,-0.600000,-0.600000,-0.600000,-0.600000,-0.600000,-0.332982,0.657286,0.662907,-0.745746,-0.600000,-0.818566,0.585524,0.731248,-0.496392,-0.600000,-0.507680,-0.332982,-0.496392,0.614317,-0.903681,0.352137,-0.332982,-0.731248,-0.600000,0.795188,0.495142,-0.600000,0.600000,-0.352137,-0.695461,-0.600000,0.332982,-0.678242,-0.754275,-0.747743,-0.492671,0.669443,0.600000,-0.600000,-0.668335,0.669443,0.614317,-0.600000,-0.526366,-0.452778,-0.495142,-0.600000,-0.685918,0.496408,-0.600000,0.615502,-0.516385,0.600000,0.192945,0.797893,0.808721,-0.600000,-0.600000
22,0,1,1,0,stay,0,28,4,1,0.615502,-0.600000,0.600000,1.000000,-0.750463,-0.600000,-0.513888,-0.695461,-0.669443,-0.600000,0.490143,-0.523872,-0.750463,-0.600000,-0.600000,-0.600000,-0.600000,-0.600000,-0.600000,-0.320870,0.658419,0.667365,-0.750463,-0.600000,-0.826605,0.585524,0.738079,-0.496392,-0.600000,-0.505181,-0.320870,-0.496392,0.614317,-0.910441,0.337443,-0.320870,-0.738079,-0.600000,0.805587,0.490143,-0.600000,0.600000,-0.337443,-0.695461,-0.600000,0.320870,-0.680422,-0.766138,-0.752440,-0.486424,0.669443,0.600000,-0.600000,-0.671654,0.669443,0.614317,-0.600000,-0.526366,-0.444119,-0.490143,-0.600000,-0.688076,0.488910,-0.600000,0.615502,-0.513888,0.600000,0.180767,0.812051,0.817098,-0.600000,-0.600000
23,0,1,1,0,stay,0,27,4,1,0.615502,-0.600000,0.600000,1.000000,-0.755122,-0.600000,-0.512639,-0.695461,-0.669443,-0.600000,0.487644,-0.522625,-0.755122,-0.600000,-0.600000,-0.600000,-0.600000,-0.600000,-0.600000,-0.310064,0.661791,0.669583,-0.755122,-0.600000,-0.833666,0.585524,0.746695,-0.496392,-0.600000,-0.500181,-0.310064,-0.496392,0.614317,-0.916388,0.324151,-0.310064,-0.746695,-0.600000,0.814826,0.487644,-0.600000,0.600000,-0.324151,-0.695461,-0.600000,0.310064,-0.681509,-0.776730,-0.758912,-0.480180,0.669443,0.600000,-0.600000,-0.672757,0.669443,0.614317,-0.600000,-0.526366,-0.433035,-0.487644,-0.600000,-0.692359,0.485162,-0.600000,0.615502,-0.512639,0.600000,0.169900,0.824713,0.824464,-0.600000,-0.600000
24,0,1,1,0,stay,0,26,4,1,0.615502,-0.600000,0.600000,1.000000,-0.760633,-0.600000,-0.508891,-0.695461,-0.669443,-0.600000,0.480151,-0.518882,-0.760633,-0.600000,-0.600000,-0.600000,-0.600000,-0.600000,-0.600000,-0.295277,0.661801,0.676192,-0.760633,-0.600000,-0.843163,0.585524,0.753265,-0.496392,-0.600000,-0.496431,-0.295277,-0.496392,0.614317,-0.923759,0.306861,-0.295277,-0.753265,-0.600000,0.826613,0.480151,-0.600000,0.600000,-0.306861,-0.695461,-0.600000,0.295277,-0.684759,-0.790315,-0.763467,-0.472696,0.669443,0.600000,-0.600000,-0.676053,0.669443,0.614317,-0.600000,-0.526366,-0.424460,-0.480151,-0.600000,-0.695554,0.473930,-0.600000,0.615502,-0.508891,0.600000,0.156227,0.840089,0.834381,-0.600000,-0.600000
25,0,1,1,0,stay,0,25,4,1,0.615502,-0.600000,0.600000,1.000000,-0.765161,-0.600000,-0.507641,-0.695461,-0.669443,-0.600000,0.477656,-0.516385,-0.765161,-0.600000,-0.600000,-0.600000,-0.600000,-0.600000,-0.600000,-0.284970,0.665157,0.679474,-0.765161,-0.600000,-0.849673,0.585524,0.760633,-0.496392,-0.600000,-0.492681,-0.284970,-0.496392,0.614317,-0.928892,0.294237,-0.284970,-0.760633,-0.600000,0.835058,0.477656,-0.600000,0.600000,-0.294237,-0.695461,-0.600000,0.284970,-0.685838,-0.800099,-0.768851,-0.466468,0.669443,0.600000,-0.600000,-0.678242,0.669443,0.614317,-0.600000,-0.526366,-0.414715,-0.477656,-0.600000,-0.698728,0.468946,-0.600000,0.615502,-0.507641,0.600000,0.146569,0.851211,0.841187,-0.600000,-0.600000
26,0,1,1,0,stay,0,24,4,1,0.615502,-0.600000,0.600000,1.000000,-0.770516,-0.600000,-0.505142,-0.695461,-0.669443,-0.600000,0.473914,-0.513888,-0.770516,-0.600000,-0.600000,-0.600000,-0.600000,-0.600000,-0.600000,-0.274881,0.668498,0.684899,-0.770516,-0.600000,-0.855960,0.585524,0.766060,-0.496392,-0.600000,-0.487683,-0.274881,-0.496392,0.614317,-0.934016,0.281920,-0.274881,-0.766060,-0.600000,0.843170,0.473914,-0.600000,0.600000,-0.281920,-0.695461,-0.600000,0.274881,-0.687991,-0.809537,-0.772394,-0.459009,0.669443,0.600000,-0.600000,-0.680422,0.669443,0.614317,-0.600000,-0.526366,-0.407449,-0.473914,-0.600000,-0.702930,0.461481,-0.600000,0.615502,-0.505142,0.600000,0.136814,0.862285,0.847764,-0.600000,-0.600000
27,0,1,1,0,stay,0,23,4,1,0.615502,-0.600000,0.600000,1.000000,-0.774038,-0.600000,-0.501392,-0.695461,-0.669443,-0.600000,0.467684,-0.512639,-0.774038,-0.600000,-0.600000,-0.600000,-0.600000,-0.600000,-0.600000,-0.264043,0.667397,0.690275,-0.774038,-0.600000,-0.862621,0.585524,0.770516,-0.496392,-0.600000,-0.483935,-0.264043,-0.496392,0.614317,-0.938504,0.269920,-0.264043,-0.770516,-0.600000,0.850955,0.467684,-0.600000,0.600000,-0.269920,-0.695461,-0.600000,0.264043,-0.691205,-0.818631,-0.775898,-0.454045,0.669443,0.600000,-0.600000,-0.681509,0.669443,0.614317,-0.600000,-0.526366,-0.401425,-0.467684,-0.600000,-0.706058,0.452794,-0.600000,0.615502,-0.501392,0.600000,0.128174,0.871537,0.854740,-0.600000,-0.600000
28,1,0,0,0,N,0,21,5,1,0.615502,-0.600000,0.600000,1.000000,-0.778387,-0.600000,-0.501392,-0.695461,-0.669443,-0.600000,0.449063,-0.508891,-0.778387,-0.600000,-0.600000,-0.600000,-0.600000,-0.600000,-0.600000,-0.250650,0.656225,0.684922,-0.778387,-0.600000,-0.870722,0.585524,0.773161,-0.496392,-0.600000,-0.481438,-0.250650,-0.496392,0.614317,-0.943775,0.257290,-0.250650,-0.773161,-0.600000,0.859027,0.449063,-0.600000,0.600000,-0.257290,-0.695461,-0.600000,0.250650,-0.691205,-0.828098,-0.779373,-0.447854,0.669443,0.600000,-0.600000,-0.684759,0.669443,0.614317,-0.600000,-0.526366,-0.397824,-0.449063,-0.600000,-0.708137,0.440431,-0.600000,0.615502,-0.501392,0.600000,0.117909,0.881305,0.863232,-0.600000,-0.600000
29,1,0,0,0,stay,0,20,5,1,0.615502,-0.600000,0.600000,1.000000,-0.783526,-0.600000,-0.500142,-0.695461,-0.669443,-0.600000,0.429355,-0.502642,-0.783526,-0.600000,-0.600000,-0.600000,-0.600000,-0.600000,-0.600000,-0.235907,0.644878,0.681697,-0.783526,-0.600000,-0.879479,0.585524,0.775785,-0.496392,-0.600000,-0.480188,-0.235907,-0.496392,0.614317,-0.949346,0.243203,-0.235907,-0.775785,-0.600000,0.867883,0.429355,-0.600000,0.600000,-0.243203,-0.695461,-0.600000,0.235907,-0.692272,-0.838530,-0.782817,-0.440446,0.669443,0.600000,-0.600000,-0.690136,0.669443,0.614317,-0.600000,-0.526366,-0.394235,-0.429355,-0.600000,-0.709182,0.425694,-0.600000,0.615502,-0.500142,0.600000,0.106920,0.891885,0.872422,-0.600000,-0.600000
30,0,0,0,0,W,0,18,4,1,0.615502,-0.600000,0.600000,1.000000,-0.786904,-0.600000,-0.491393,-0.699685,-0.670550,-0.600000,0.420799,-0.500142,-0.786904,-0.600000,-0.600000,-0.600000,-0.600000,-0.600000,-0.600000,-0.224377,0.641444,0.690324,-0.786904,-0.600000,-0.886213,0.585524,0.778387,-0.491393,-0.600000,-0.477692,-0.224377,-0.491393,0.614317,-0.953291,0.233211,-0.224377,-0.778387,-0.600000,0.874074,0.420799,-0.600000,0.600000,-0.233211,-0.699685,-0.600000,0.224377,-0.699685,-0.845197,-0.787055,-0.436750,0.670550,0.600000,-0.600000,-0.692272,0.670550,0.614317,-0.600000,-0.525119,-0.390656,-0.420799,-0.600000,-0.711246,0.415939,-0.600000,0.615502,-0.491393,0.600000,0.099054,0.896628,0.879496,-0.600000,-0.600000
31,1,1,0,0,N,0,16,5,1,0.622581,-0.600000,0.600000,1.000000,-0.790243,-0.600000,-0.487644,-0.701784,-0.670550,-0.600000,0.409867,-0.496392,-0.790243,-0.600000,-0.600000,-0.600000,-0.600000,-0.600000,-0.600000,-0.216632,0.635685,0.682802,-0.790243,-0.600000,-0.890681,0.585524,0.778387,-0.488893,-0.600000,-0.476443,-0.216632,-0.488893,0.614317,-0.956108,0.228764,-0.216632,-0.778387,-0.600000,0.873525,0.409867,-0.600000,0.600000,-0.228764,-0.701784,-0.600000,0.216632,-0.702830,-0.848445,-0.790397,-0.424486,0.670550,0.600000,-0.600000,-0.695461,0.670550,0.614317,-0.600000,-0.525119,-0.390656,-0.409867,-0.600000,-0.712280,0.409876,-0.600000,0.622581,-0.487644,0.600000,0.090869,0.899839,0.881086,-0.600000,-0.600000
32,0,0,0,0,E,0,14,6,1,0.622581,-0.600000,0.600000,1.000000,-0.795179,-0.600000,-0.478903,-0.706995,-0.672757,-0.600000,0.405036,-0.496392,-0.795179,-0.600000,-0.600000,-0.600000,-0.600000,-0.600000,-0.600000,-0.203345,0.638005,0.688200,-0.795179,-0.600000,-0.898245,0.585524,0.788578,-0.482648,-0.600000,-0.468965,-0.203345,-0.482648,0.614317,-0.960512,0.216632,-0.203345,-0.788578,-0.600000,0.881073,0.405036,-0.600000,0.600000,-0.216632,-0.706995,-0.600000,0.203345,-0.710096,-0.856015,-0.801777,-0.419605,0.672757,0.600000,-0.600000,-0.695461,0.672757,0.614317,-0.600000,-0.522625,-0.376463,-0.405036,-0.600000,-0.718395,0.407457,-0.600000,0.622581,-0.478903,0.600000,0.082157,0.905567,0.889231,-0.600000,-0.600000
33,0,0,0,0,stay,1,29,6,1,0.622581,-0.600000,0.600000,1.000000,-0.798422,-0.600000,-0.468930,-0.714200,-0.678242,-0.600000,0.399023,-0.495142,-0.798422,-0.600000,-0.600000,-0.600000,-0.600000,-0.600000,-0.600000,-0.190674,0.636857,0.698852,-0.798422,-0.600000,-0.905342,0.585524,0.791898,-0.473914,-0.600000,-0.465230,-0.190674,-0.473914,0.614317,-0.964145,0.207431,-0.190674,-0.791898,-0.600000,0.886727,0.399023,-0.600000,0.600000,-0.207431,-0.714200,-0.600000,0.190674,-0.718269,-0.859689,-0.808850,-0.420818,0.678242,0.600000,-0.600000,-0.696520,0.678242,0.614317,-0.600000,-0.516385,-0.371777,-0.399023,-0.600000,-0.721425,0.399030,-0.600000,0.622581,-0.468930,0.600000,0.074907,0.906861,0.896883,-0.600000,-0.600000
34,0,0,0,1,N,0,27,7,1,0.622581,-0.600000,0.600000,1.000000,-0.798422,-0.600000,-0.466440,-0.725305,-0.699685,-0.600000,0.397824,-0.495142,-0.798422,-0.600000,-0.600000,-0.600000,-0.600000,-0.600000,-0.600000,-0.183065,0.635701,0.699906,-0.798422,-0.600000,-0.909549,0.585524,0.791898,-0.460222,-0.600000,-0.465230,-0.183065,-0.460222,0.614317,-0.965838,0.207431,-0.183065,-0.791898,-0.600000,0.886727,0.397824,-0.600000,0.600000,-0.207431,-0.725305,-0.600000,0.183065,-0.720290,-0.847210,-0.816473,-0.445357,0.699685,0.600000,-0.600000,-0.696520,0.699685,0.614317,-0.600000,-0.491393,-0.371777,-0.397824,-0.600000,-0.721425,0.399030,-0.600000,0.622581,-0.466440,0.600000,0.071508,0.892967,0.901425,-0.600000,-0.600000
35,0,0,0,0,E,0,25,8,1,0.622581,-0.600000,0.600000,1.000000,-0.798422,-0.600000,-0.461465,-0.731248,-0.704917,-0.600000,0.395430,-0.495142,-0.798422,-0.600000,-0.600000,-0.600000,-0.600000,-0.600000,-0.600000,-0.177881,0.633383,0.703057,-0.798422,-0.600000,-0.912393,0.585524,0.791898,-0.452778,-0.600000,-0.465230,-0.177881,-0.452778,0.614317,-0.966976,0.206609,-0.177881,-0.791898,-0.600000,0.887229,0.395430,-0.600000,0.600000,-0.206609,-0.731248,-0.600000,0.177881,-0.724306,-0.844610,-0.820935,-0.451539,0.704917,0.600000,-0.600000,-0.696520,0.704917,0.614317,-0.600000,-0.485146,-0.371777,-0.395430,-0.600000,-0.721425,0.397831,-0.600000,0.622581,-0.461465,0.600000,0.069214,0.888103,0.904498,-0.600000,-0.600000
36,0,0,0,0,E,0,23,9,1,0.622581,-0.600000,0.600000,1.000000,-0.800829,-0.600000,-0.455257,-0.734189,-0.706995,-0.600000,0.389466,-0.492642,-0.800829,-0.600000,-0.600000,-0.600000,-0.600000,-0.600000,-0.600000,-0.171385,0.631064,0.708263,-0.800829,-0.600000,-0.915931,0.585524,0.792722,-0.449063,-0.600000,-0.463985,-0.171385,-0.449063,0.614317,-0.968844,0.201728,-0.171385,-0.792722,-0.600000,0.890202,0.389466,-0.600000,0.600000,-0.201728,-0.734189,-0.600000,0.171385,-0.729276,-0.847226,-0.823870,-0.450299,0.706995,0.600000,-0.600000,-0.698632,0.706995,0.614317,-0.600000,-0.482648,-0.370609,-0.389466,-0.600000,-0.722434,0.391854,-0.600000,0.622581,-0.455257,0.600000,0.065439,0.890092,0.908323,-0.600000,-0.600000
37,0,0,1,0,E,0,21,10,1,0.622581,-0.600000,0.600000,1.000000,-0.802422,-0.600000,-0.450300,-0.735165,-0.708031,-0.600000,0.383535,-0.491393,-0.802422,-0.600000,-0.600000,-0.600000,-0.600000,-0.600000,-0.600000,-0.163018,0.627570,0.714432,-0.802422,-0.600000,-0.920447,0.585524,0.796806,-0.447826,-0.600000,-0.462741,-0.163018,-0.447826,0.614317,-0.970894,0.192224,-0.163018,-0.796806,-0.600000,0.895941,0.383535,-0.600000,0.600000,-0.192224,-0.735165,-0.600000,0.163018,-0.733211,-0.854224,-0.827477,-0.449061,0.708031,0.600000,-0.600000,-0.699685,0.708031,0.614317,-0.600000,-0.481400,-0.364793,-0.383535,-0.600000,-0.723439,0.383541,-0.600000,0.622581,-0.450300,0.600000,0.061276,0.895842,0.913208,-0.600000,-0.600000
38,0,0,1,0,stay,0,20,10,1,0.622581,-0.600000,0.600000,1.000000,-0.805578,-0.600000,-0.447826,-0.735165,-0.708031,-0.600000,0.378814,-0.488893,-0.805578,-0.600000,-0.600000,-0.600000,-0.600000,-0.600000,-0.600000,-0.154327,0.627576,0.718501,-0.805578,-0.600000,-0.925088,0.585524,0.804793,-0.447826,-0.600000,-0.460255,-0.154327,-0.447826,0.614317,-0.973208,0.180088,-0.154327,-0.804793,-0.600000,0.903181,0.378814,-0.600000,0.600000,-0.180088,-0.735165,-0.600000,0.154327,-0.735165,-0.863923,-0.832429,-0.444117,0.708031,0.600000,-0.600000,-0.701784,0.708031,0.614317,-0.600000,-0.481400,-0.353279,-0.378814,-0.600000,-0.725442,0.376468,-0.600000,0.622581,-0.447826,0.600000,0.056554,0.904835,0.918234,-0.600000,-0.600000
39,0,0,1,0,stay,0,19,10,1,0.622581,-0.600000,0.600000,1.000000,-0.808696,-0.600000,-0.445354,-0.735165,-0.708031,-0.600000,0.375289,-0.487644,-0.808696,-0.600000,-0.600000,-0.600000,-0.600000,-0.600000,-0.600000,-0.145396,0.628749,0.722533,-0.808696,-0.600000,-0.929807,0.585524,0.813302,-0.447826,-0.600000,-0.456529,-0.145396,-0.447826,0.614317,-0.975464,0.168558,-0.145396,-0.813302,-0.600000,0.909968,0.375289,-0.600000,0.600000,-0.168558,-0.735165,-0.600000,0.145396,-0.737110,-0.873073,-0.838625,-0.439184,0.708031,0.600000,-0.600000,-0.702830,0.708031,0.614317,-0.600000,-0.481400,-0.340807,-0.375289,-0.600000,-0.728425,0.370615,-0.600000,0.622581,-0.445354,0.600000,0.051926,0.913127,0.923348,-0.600000,-0.600000
40,0,0,1,0,stay,0,18,10,1,0.622581,-0.600000,0.600000,1.000000,-0.812540,-0.600000,-0.440417,-0.735165,-0.708031,-0.600000,0.365953,-0.485146,-0.812540,-0.600000,-0.600000,-0.600000,-0.600000,-0.600000,-0.600000,-0.135131,0.625251,0.730491,-0.812540,-0.600000,-0.935167,0.585524,0.819309,-0.447826,-0.600000,-0.452808,-0.135131,-0.447826,0.614317,-0.977971,0.154982,-0.135131,-0.819309,-0.600000,0.917847,0.365953,-0.600000,0.600000,-0.154982,-0.735165,-0.600000,0.135131,-0.740971,-0.883767,-0.841990,-0.433034,0.708031,0.600000,-0.600000,-0.704917,0.708031,0.614317,-0.600000,-0.481400,-0.331872,-0.365953,-0.600000,-0.731390,0.356722,-0.600000,0.622581,-0.440417,0.600000,0.046756,0.922570,0.929164,-0.600000,-0.600000
41,0,0,0,0,N,0,16,11,1,0.622581,-0.600000,0.600000,1.000000,-0.813302,-0.600000,-0.436723,-0.739045,-0.711125,-0.600000,0.362477,-0.483897,-0.813302,-0.600000,-0.600000,-0.600000,-0.600000,-0.600000,-0.600000,-0.131085,0.622908,0.734420,-0.813302,-0.600000,-0.937261,0.585524,0.820049,-0.442884,-0.600000,-0.452808,-0.131085,-0.442884,0.614317,-0.978819,0.151731,-0.131085,-0.820049,-0.600000,0.919717,0.362477,-0.600000,0.600000,-0.151731,-0.739045,-0.600000,0.131085,-0.743843,-0.884798,-0.843983,-0.435489,0.711125,0.600000,-0.600000,-0.705957,0.711125,0.614317,-0.600000,-0.477656,-0.330763,-0.362477,-0.600000,-0.731393,0.352142,-0.600000,0.622581,-0.436723,0.600000,0.045001,0.922222,0.931438,-0.600000,-0.600000
42,0,0,0,0,E,0,14,12,1,0.622581,-0.600000,0.600000,1.000000,-0.813302,-0.600000,-0.428130,-0.747640,-0.718269,-0.600000,0.356716,-0.482648,-0.813302,-0.600000,-0.600000,-0.600000,-0.600000,-0.600000,-0.600000,-0.124389,0.617021,0.737357,-0.813302,-0.600000,-0.940706,0.585524,0.820787,-0.431808,-0.600000,-0.454046,-0.124389,-0.431808,0.614317,-0.980030,0.150446,-0.124389,-0.820787,-0.600000,0.920453,0.356716,-0.600000,0.600000,-0.150446,-0.747640,-0.600000,0.124389,-0.750463,-0.882235,-0.851108,-0.444109,0.718269,0.600000,-0.600000,-0.706995,0.718269,0.614317,-0.600000,-0.468930,-0.329656,-0.356716,-0.600000,-0.730410,0.351000,-0.600000,0.622581,-0.428130,0.600000,0.042487,0.917063,0.935180,-0.600000,-0.600000
43,0,1,1,0,S,0,12,11,1,0.622581,-0.600000,0.600000,1.000000,-0.818566,-0.600000,-0.423239,-0.747640,-0.718269,-0.600000,0.347584,-0.478903,-0.818566,-0.600000,-0.600000,-0.600000,-0.600000,-0.600000,-0.600000,-0.115406,0.615849,0.745989,-0.818566,-0.600000,-0.945283,0.585524,0.827321,-0.431808,-0.600000,-0.449090,-0.115406,-0.431808,0.614317,-0.982255,0.136897,-0.115406,-0.827321,-0.600000,0.928160,0.347584,-0.600000,0.600000,-0.136897,-0.747640,-0.600000,0.115406,-0.754195,-0.893212,-0.853636,-0.435484,0.718269,0.600000,-0.600000,-0.710096,0.718269,0.614317,-0.600000,-0.468930,-0.319781,-0.347584,-0.600000,-0.734342,0.336329,-0.600000,0.622581,-0.423239,0.600000,0.037851,0.927476,0.940156,-0.600000,-0.600000
44,0,0,0,0,E,0,10,12,1,0.622581,-0.600000,0.600000,1.000000,-0.821522,-0.600000,-0.422018,-0.747640,-0.718269,-0.600000,0.346450,-0.478903,-0.821522,-0.600000,-0.600000,-0.600000,-0.600000,-0.600000,-0.600000,-0.105565,0.619395,0.745989,-0.821522,-0.600000,-0.950241,0.585524,0.841166,-0.431808,-0.600000,-0.444146,-0.105565,-0.431808,0.614317,-0.984236,0.125484,-0.105565,-0.841166,-0.600000,0.934562,0.346450,-0.600000,0.600000,-0.125484,-0.747640,-0.600000,0.105565,-0.755122,-0.902400,-0.865715,-0.430572,0.718269,0.600000,-0.600000,-0.710096,0.718269,0.614317,-0.600000,-0.468930,-0.298411,-0.346450,-0.600000,-0.738230,0.336329,-0.600000,0.622581,-0.422018,0.600000,0.033703,0.935167,0.945552,-0.600000,-0.600000
45,0,0,0,0,stay,1,29,12,1,0.622581,-0.600000,0.600000,1.000000,-0.823715,-0.600000,-0.420799,-0.747640,-0.718269,-0.600000,0.345318,-0.478903,-0.823715,-0.600000,-0.600000,-0.600000,-0.600000,-0.600000,-0.600000,-0.100022,0.621753,0.747881,-0.823715,-0.600000,-0.953009,0.585524,0.848389,-0.431808,-0.600000,-0.440445,-0.100022,-0.431808,0.614317,-0.985361,0.118510,-0.100022,-0.848389,-0.600000,0.938435,0.345318,-0.600000,0.600000,-0.118510,-0.747640,-0.600000,0.100022,-0.756046,-0.907988,-0.871434,-0.426897,0.718269,0.600000,-0.600000,-0.710096,0.718269,0.614317,-0.600000,-0.468930,-0.287014,-0.345318,-0.600000,-0.741121,0.334098,-0.600000,0.622581,-0.420799,0.600000,0.031338,0.939865,0.948567,-0.600000,-0.600000
46,0,0,0,0,stay,0,28,12,1,0.622581,-0.600000,0.600000,1.000000,-0.824441,-0.600000,-0.414715,-0.752334,-0.721298,-0.600000,0.340807,-0.477656,-0.824441,-0.600000,-0.600000,-0.600000,-0.600000,-0.600000,-0.600000,-0.096035,0.618222,0.750714,-0.824441,-0.600000,-0.954988,0.585524,0.849673,-0.425683,-0.600000,-0.440444,-0.096035,-0.425683,0.614317,-0.986067,0.116433,-0.096035,-0.849673,-0.600000,0.939583,0.340807,-0.600000,0.600000,-0.116433,-0.752334,-0.600000,0.096035,-0.760633,-0.908409,-0.875316,-0.429343,0.721298,0.600000,-0.600000,-0.711125,0.721298,0.614317,-0.600000,-0.465195,-0.284970,-0.340807,-0.600000,-0.741124,0.331874,-0.600000,0.622581,-0.414715,0.600000,0.029852,0.939016,0.950723,-0.600000,-0.600000
47,0,0,0,0,N,0,26,13,1,0.622581,-0.600000,0.600000,1.000000,-0.825886,-0.600000,-0.407449,-0.756046,-0.722303,-0.600000,0.332982,-0.475161,-0.825886,-0.600000,-0.600000,-0.600000,-0.600000,-0.600000,-0.600000,-0.091773,0.612311,0.754459,-0.825886,-0.600000,-0.957094,0.585524,0.851583,-0.420799,-0.600000,-0.440443,-0.091773,-0.420799,0.614317,-0.986870,0.112373,-0.091773,-0.851583,-0.600000,0.941819,0.332982,-0.600000,0.600000,-0.112373,-0.756046,-0.600000,0.091773,-0.766060,-0.911285,-0.878036,-0.428117,0.722303,0.600000,-0.600000,-0.713177,0.722303,0.614317,-0.600000,-0.463951,-0.281920,-0.332982,-0.600000,-0.741128,0.326345,-0.600000,0.622581,-0.407449,0.600000,0.028158,0.940438,0.953018,-0.600000,-0.600000
48,0,0,0,0,E,0,24,14,1,0.622581,-0.600000,0.600000,1.000000,-0.825886,-0.600000,-0.396627,-0.763357,-0.727295,-0.600000,0.327448,-0.475161,-0.825886,-0.600000,-0.600000,-0.600000,-0.600000,-0.600000,-0.600000,-0.087281,0.606363,0.759993,-0.825886,-0.600000,-0.959301,0.585524,0.851583,-0.411078,-0.600000,-0.440443,-0.087281,-0.411078,0.614317,-0.987565,0.111377,-0.087281,-0.851583,-0.600000,0.942365,0.327448,-0.600000,0.600000,-0.111377,-0.763357,-0.600000,0.087281,-0.774038,-0.910071,-0.882784,-0.434247,0.727295,0.600000,-0.600000,-0.713177,0.727295,0.614317,-0.600000,-0.457739,-0.281920,-0.327448,-0.600000,-0.741128,0.324149,-0.600000,0.622581,-0.396627,0.600000,0.026688,0.937288,0.955426,-0.600000,-0.600000
49,1,0,0,0,N,0,22,15,1,0.622581,-0.600000,0.600000,1.000000,-0.828036,-0.600000,-0.396627,-0.763357,-0.727295,-0.600000,0.314362,-0.467684,-0.828036,-0.600000,-0.600000,-0.600000,-0.600000,-0.600000,-0.600000,-0.082989,0.595581,0.754511,-0.828036,-0.600000,-0.961400,0.585524,0.854097,-0.411078,-0.600000,-0.444140,-0.082989,-0.411078,0.614317,-0.988398,0.106515,-0.082989,-0.854097,-0.600000,0.945028,0.314362,-0.600000,0.600000,-0.106515,-0.763357,-0.600000,0.082989,-0.774038,-0.914088,-0.885371,-0.430564,0.727295,0.600000,-0.600000,-0.719281,0.727295,0.614317,-0.600000,-0.457739,-0.277884,-0.314362,-0.600000,-0.738251,0.317598,-0.600000,0.622581,-0.396627,0.600000,0.024925,0.941014,0.957715,-0.600000,-0.600000
50,0,0,0,0,S,0,20,14,1,0.622581,-0.600000,0.600000,1.000000,-0.829457,-0.600000,-0.388277,-0.767850,-0.729276,-0.600000,0.310064,-0.466440,-0.829457,-0.600000,-0.600000,-0.600000,-0.600000,-0.600000,-0.600000,-0.079622,0.593174,0.762771,-0.829457,-0.600000,-0.963039,0.585524,0.855341,-0.405036,-0.600000,-0.442905,-0.079622,-0.405036,0.614317,-0.989014,0.102760,-0.079622,-0.855341,-0.600000,0.947073,0.310064,-0.600000,0.600000,-0.102760,-0.767850,-0.600000,0.079622,-0.780109,-0.916423,-0.886893,-0.430562,0.729276,0.600000,-0.600000,-0.720290,0.729276,0.614317,-0.600000,-0.455257,-0.275880,-0.310064,-0.600000,-0.739219,0.311126,-0.600000,0.622581,-0.388277,0.600000,0.023619,0.941850,0.959505,-0.600000,-0.600000
51,1,0,0,0,N,0,18,15,1,0.622581,-0.600000,0.600000,1.000000,-0.831572,-0.600000,-0.384718,-0.769630,-0.730263,-0.600000,0.295277,-0.458980,-0.831572,-0.600000,-0.600000,-0.600000,-0.600000,-0.600000,-0.600000,-0.074630,0.579845,0.759164,-0.831572,-0.600000,-0.965457,0.585524,0.857802,-0.402628,-0.600000,-0.446606,-0.074630,-0.402628,0.614317,-0.989902,0.097789,-0.074630,-0.857802,-0.600000,0.949769,0.295277,-0.600000,0.600000,-0.097789,-0.769630,-0.600000,0.074630,-0.782675,-0.920183,-0.890385,-0.428111,0.730263,0.600000,-0.600000,-0.726301,0.730263,0.614317,-0.600000,-0.454017,-0.271898,-0.295277,-0.600000,-0.736327,0.303659,-0.600000,0.622581,-0.384718,0.600000,0.021732,0.944802,0.962145,-0.600000,-0.600000
52,0,0,0,0,S,0,16,14,1,0.622581,-0.600000,0.600000,1.000000,-0.832273,-0.600000,-0.374117,-0.778387,-0.736138,-0.600000,0.290096,-0.457739,-0.832273,-0.600000,-0.600000,-0.600000,-0.600000,-0.600000,-0.600000,-0.070254,0.574968,0.767317,-0.832273,-0.600000,-0.967565,0.585524,0.857802,-0.390656,-0.600000,-0.446605,-0.070254,-0.390656,0.614317,-0.990580,0.095601,-0.070254,-0.857802,-0.600000,0.950951,0.290096,-0.600000,0.600000,-0.095601,-0.778387,-0.600000,0.070254,-0.790243,-0.919824,-0.894241,-0.434239,0.736138,0.600000,-0.600000,-0.727295,0.736138,0.614317,-0.600000,-0.446589,-0.271898,-0.290096,-0.600000,-0.736330,0.298394,-0.600000,0.622581,-0.374117,0.600000,0.020289,0.942147,0.964448,-0.600000,-0.600000
53,1,0,0,0,N,0,14,15,1,0.622581,-0.600000,0.600000,1.000000,-0.832970,-0.600000,-0.369443,-0.779249,-0.736138,-0.600000,0.279897,-0.455257,-0.832970,-0.600000,-0.600000,-0.600000,-0.600000,-0.600000,-0.600000,-0.067365,0.563940,0.766449,-0.832970,-0.600000,-0.968951,0.585524,0.859626,-0.389466,-0.600000,-0.447840,-0.067365,-0.389466,0.614317,-0.991036,0.092191,-0.067365,-0.859626,-0.600000,0.952788,0.279897,-0.600000,0.600000,-0.092191,-0.779249,-0.600000,0.067365,-0.793544,-0.922730,-0.896136,-0.433011,0.736138,0.600000,-0.600000,-0.729276,0.736138,0.614317,-0.600000,-0.446589,-0.268935,-0.279897,-0.600000,-0.735361,0.293177,-0.600000,0.622581,-0.369443,0.600000,0.019317,0.944295,0.965962,-0.600000,-0.600000
54,0,0,0,0,S,0,12,14,1,0.622581,-0.600000,0.600000,1.000000,-0.833666,-0.600000,-0.362477,-0.783526,-0.740009,-0.600000,0.277884,-0.454017,-0.833666,-0.600000,-0.600000,-0.600000,-0.600000,-0.600000,-0.600000,-0.065195,0.562711,0.772666,-0.833666,-0.600000,-0.969990,0.585524,0.859626,-0.383535,-0.600000,-0.447839,-0.065195,-0.383535,0.614317,-0.991386,0.090941,-0.065195,-0.859626,-0.600000,0.953460,0.277884,-0.600000,0.600000,-0.090941,-0.783526,-0.600000,0.065195,-0.798422,-0.922378,-0.897988,-0.436695,0.740009,0.600000,-0.600000,-0.730263,0.740009,0.614317,-0.600000,-0.441650,-0.268935,-0.277884,-0.600000,-0.735364,0.290075,-0.600000,0.622581,-0.362477,0.600000,0.018572,0.942973,0.967097,-0.600000,-0.600000
55,1,0,0,0,N,0,10,15,1,0.622581,-0.600000,0.600000,1.000000,-0.833666,-0.600000,-0.355569,-0.786063,-0.740971,-0.600000,0.270908,-0.454017,-0.833666,-0.600000,-0.600000,-0.600000,-0.600000,-0.600000,-0.600000,-0.063089,0.554084,0.775303,-0.833666,-0.600000,-0.970994,0.585524,0.859626,-0.379992,-0.600000,-0.447839,-0.063089,-0.379992,0.614317,-0.991680,0.089298,-0.063089,-0.859626,-0.600000,0.954341,0.270908,-0.600000,0.600000,-0.089298,-0.786063,-0.600000,0.063089,-0.803215,-0.923449,-0.899362,-0.437925,0.740971,0.600000,-0.600000,-0.730263,0.740971,0.614317,-0.600000,-0.440417,-0.268935,-0.270908,-0.600000,-0.735364,0.285969,-0.600000,0.622581,-0.355569,0.600000,0.017943,0.942976,0.968195,-0.600000,-0.600000
56,0,1,0,1,N,0,8,16,1,0.623756,-0.600000,0.600000,1.000000,-0.837110,-0.600000,-0.350996,-0.792722,-0.757888,-0.600000,0.266971,-0.452778,-0.837110,-0.600000,-0.600000,-0.600000,-0.600000,-0.600000,-0.600000,-0.059067,0.555322,0.773571,-0.837110,-0.600000,-0.972906,0.585524,0.865562,-0.370609,-0.600000,-0.442897,-0.059067,-0.370609,0.614317,-0.992431,0.085698,-0.059067,-0.865562,-0.600000,0.956057,0.266971,-0.600000,0.600000,-0.085698,-0.792722,-0.600000,0.059067,-0.806362,-0.920217,-0.905972,-0.452739,0.757888,0.600000,-0.600000,-0.731248,0.757888,0.614317,-0.600000,-0.418362,-0.259208,-0.266971,-0.600000,-0.739244,0.286981,-0.600000,0.623756,-0.350996,0.600000,0.016258,0.939680,0.970142,-0.600000,-0.600000
57,0,1,0,1,stay,1,29,16,1,0.624929,-0.600000,0.600000,1.000000,-0.837110,-0.600000,-0.344188,-0.798422,-0.769630,-0.600000,0.266971,-0.452778,-0.837110,-0.600000,-0.600000,-0.600000,-0.600000,-0.600000,-0.600000,-0.057418,0.555322,0.778790,-0.837110,-0.600000,-0.973688,0.585524,0.865562,-0.362477,-0.600000,-0.442897,-0.057418,-0.362477,0.614317,-0.992653,0.085306,-0.057418,-0.865562,-0.600000,0.956058,0.266971,-0.600000,0.600000,-0.085306,-0.798422,-0.600000,0.057418,-0.811010,-0.915709,-0.908086,-0.467640,0.769630,0.600000,-0.600000,-0.731248,0.769630,0.614317,-0.600000,-0.402628,-0.259208,-0.266971,-0.600000,-0.739244,0.285958,-0.600000,0.624929,-0.344188,0.600000,0.015707,0.934086,0.970860,-0.600000,-0.600000
58,0,0,0,0,E,0,27,17,1,0.624929,-0.600000,0.600000,1.000000,-0.841834,-0.600000,-0.340807,-0.802422,-0.774038,-0.600000,0.265017,-0.451539,-0.841834,-0.600000,-0.600000,-0.600000,-0.600000,-0.600000,-0.600000,-0.053993,0.561489,0.779670,-0.841834,-0.600000,-0.975307,0.585524,0.872404,-0.356716,-0.600000,-0.435505,-0.053993,-0.356716,0.614317,-0.993350,0.080730,-0.053993,-0.872404,-0.600000,0.958516,0.265017,-0.600000,0.600000,-0.080730,-0.802422,-0.600000,0.053993,-0.813302,-0.918383,-0.913388,-0.465149,0.774038,0.600000,-0.600000,-0.732231,0.774038,0.614317,-0.600000,-0.396627,-0.247840,-0.265017,-0.600000,-0.744995,0.285950,-0.600000,0.624929,-0.340807,0.600000,0.014229,0.936821,0.972648,-0.600000,-0.600000
59,0,0,0,0,stay,1,29,17,1,0.624929,-0.600000,0.600000,1.000000,-0.843163,-0.600000,-0.331872,-0.806362,-0.775785,-0.600000,0.260170,-0.450300,-0.843163,-0.600000,-0.600000,-0.600000,-0.600000,-0.600000,-0.600000,-0.050041,0.557795,0.788158,-0.843163,-0.600000,-0.977166,0.585524,0.875713,-0.350996,-0.600000,-0.434275,-0.050041,-0.350996,0.614317,-0.993920,0.076026,-0.050041,-0.875713,-0.600000,0.961030,0.260170,-0.600000,0.600000,-0.076026,-0.806362,-0.600000,0.050041,-0.819309,-0.922423,-0.916894,-0.465149,0.775785,0.600000,-0.600000,-0.733211,0.775785,0.614317,-0.600000,-0.394235,-0.242283,-0.260170,-0.600000,-0.745947,0.278849,-0.600000,0.624929,-0.331872,0.600000,0.013017,0.939161,0.974702,-0.600000,-0.600000
60,0,0,0,0,N,0,27,18,1,0.624929,-0.600000,0.600000,1.000000,-0.843163,-0.600000,-0.327448,-0.811010,-0.780109,-0.600000,0.258247,-0.450300,-0.843163,-0.600000,-0.600000,-0.600000,-0.600000,-0.600000,-0.600000,-0.048631,0.555328,0.790663,-0.843163,-0.600000,-0.977827,0.585524,0.875713,-0.344188,-0.600000,-0.434275,-0.048631,-0.344188,0.614317,-0.994099,0.075675,-0.048631,-0.875713,-0.600000,0.961218,0.258247,-0.600000,0.600000,-0.075675,-0.811010,-0.600000,0.048631,-0.822256,-0.920985,-0.918785,-0.471372,0.780109,0.600000,-0.600000,-0.733211,0.780109,0.614317,-0.600000,-0.388277,-0.242283,-0.258247,-0.600000,-0.745947,0.277844,-0.600000,0.624929,-0.327448,0.600000,0.012636,0.936247,0.975433,-0.600000,-0.600000
61,0,0,0,0,E,0,25,19,1,0.624929,-0.600000,0.600000,1.000000,-0.843163,-0.600000,-0.319781,-0.815572,-0.784374,-0.600000,0.257290,-0.450300,-0.843163,-0.600000,-0.600000,-0.600000,-0.600000,-0.600000,-0.600000,-0.047033,0.554093,0.796408,-0.843163,-0.600000,-0.978575,0.585524,0.875713,-0.337443,-0.600000,-0.434275,-0.047033,-0.337443,0.614317,-0.994302,0.075325,-0.047033,-0.875713,-0.600000,0.961404,0.257290,-0.600000,0.600000,-0.075325,-0.815572,-0.600000,0.047033,-0.827321,-0.919522,-0.921000,-0.477605,0.784374,0.600000,-0.600000,-0.733211,0.784374,0.614317,-0.600000,-0.382353,-0.242283,-0.257290,-0.600000,-0.745947,0.276841,-0.600000,0.624929,-0.319781,0.600000,0.012206,0.933203,0.976260,-0.600000,-0.600000
62,1,0,0,0,N,0,23,20,1,0.624929,-0.600000,0.600000,1.000000,-0.844483,-0.600000,-0.316524,-0.817074,-0.785219,-0.600000,0.245978,-0.444119,-0.844483,-0.600000,-0.600000,-0.600000,-0.600000,-0.600000,-0.600000,-0.044410,0.541713,0.793174,-0.844483,-0.600000,-0.979801,0.585524,0.877339,-0.335209,-0.600000,-0.437961,-0.044410,-0.335209,0.614317,-0.994686,0.072580,-0.044410,-0.877339,-0.600000,0.962865,0.245978,-0.600000,0.600000,-0.072580,-0.817074,-0.600000,0.044410,-0.829457,-0.922081,-0.923528,-0.476357,0.785219,0.600000,-0.600000,-0.738079,0.785219,0.614317,-0.600000,-0.381172,-0.239536,-0.245978,-0.600000,-0.743102,0.271851,-0.600000,0.624929,-0.316524,0.600000,0.011388,0.935362,0.977615,-0.600000,-0.600000
63,0,0,0,0,S,0,21,19,1,0.624929,-0.600000,0.600000,1.000000,-0.846447,-0.600000,-0.310064,-0.820049,-0.786063,-0.600000,0.241365,-0.442884,-0.846447,-0.600000,-0.600000,-0.600000,-0.600000,-0.600000,-0.600000,-0.042535,0.539231,0.798062,-0.846447,-0.600000,-0.980674,0.585524,0.879479,-0.330763,-0.600000,-0.435500,-0.042535,-0.330763,0.614317,-0.994994,0.069603,-0.042535,-0.879479,-0.600000,0.964444,0.241365,-0.600000,0.600000,-0.069603,-0.820049,-0.600000,0.042535,-0.833666,-0.924913,-0.924936,-0.473863,0.786063,0.600000,-0.600000,-0.739045,0.786063,0.614317,-0.600000,-0.379992,-0.235907,-0.241365,-0.600000,-0.745011,0.266923,-0.600000,0.624929,-0.310064,0.600000,0.010730,0.937455,0.978581,-0.600000,-0.600000
64,1,0,0,0,N,0,19,20,1,0.624929,-0.600000,0.600000,1.000000,-0.847744,-0.600000,-0.308994,-0.820787,-0.786063,-0.600000,0.235006,-0.439185,-0.847744,-0.600000,-0.600000,-0.600000,-0.600000,-0.600000,-0.600000,-0.041129,0.533016,0.797273,-0.847744,-0.600000,-0.981328,0.585524,0.880537,-0.329656,-0.600000,-0.436727,-0.041129,-0.329656,0.614317,-0.995214,0.067365,-0.041129,-0.880537,-0.600000,0.965628,0.235006,-0.600000,0.600000,-0.067365,-0.820787,-0.600000,0.041129,-0.834359,-0.927312,-0.925639,-0.471370,0.786063,0.600000,-0.600000,-0.741931,0.786063,0.614317,-0.600000,-0.379992,-0.234107,-0.235006,-0.600000,-0.744066,0.262050,-0.600000,0.624929,-0.308994,0.600000,0.010262,0.939767,0.979304,-0.600000,-0.600000
65,0,0,0,0,S,0,17,19,1,0.624929,-0.600000,0.600000,1.000000,-0.848389,-0.600000,-0.300511,-0.825886,-0.790243,-0.600000,0.229649,-0.436723,-0.848389,-0.600000,-0.600000,-0.600000,-0.600000,-0.600000,-0.600000,-0.039009,0.526790,0.802105,-0.848389,-0.600000,-0.982312,0.585524,0.881063,-0.321962,-0.600000,-0.437956,-0.039009,-0.321962,0.614317,-0.995492,0.065808,-0.039009,-0.881063,-0.600000,0.966450,0.229649,-0.600000,0.600000,-0.065808,-0.825886,-0.600000,0.039009,-0.839823,-0.927320,-0.928025,-0.476355,0.790243,0.600000,-0.600000,-0.743843,0.790243,0.614317,-0.600000,-0.374117,-0.233211,-0.229649,-0.600000,-0.743116,0.258194,-0.600000,0.624929,-0.300511,0.600000,0.009669,0.938056,0.980392,-0.600000,-0.600000
66,1,0,0,0,N,0,15,20,1,0.624929,-0.600000,0.600000,1.000000,-0.848389,-0.600000,-0.295277,-0.827321,-0.791072,-0.600000,0.224377,-0.435493,-0.848389,-0.600000,-0.600000,-0.600000,-0.600000,-0.600000,-0.600000,-0.037897,0.519307,0.804493,-0.848389,-0.600000,-0.982827,0.585524,0.881063,-0.319781,-0.600000,-0.439187,-0.037897,-0.319781,0.614317,-0.995625,0.064587,-0.037897,-0.881063,-0.600000,0.967094,0.224377,-0.600000,0.600000,-0.064587,-0.827321,-0.600000,0.037897,-0.843163,-0.928328,-0.928697,-0.477603,0.791072,0.600000,-0.600000,-0.744796,0.791072,0.614317,-0.600000,-0.372946,-0.233211,-0.224377,-0.600000,-0.742161,0.254377,-0.600000,0.624929,-0.295277,0.600000,0.009385,0.938349,0.980962,-0.600000,-0.600000
67,1,0,0,0,N,0,13,21,1,0.624929,-0.600000,0.600000,1.000000,-0.852215,-0.600000,-0.294237,-0.827321,-0.791072,-0.600000,0.219192,-0.434264,-0.852215,-0.600000,-0.600000,-0.600000,-0.600000,-0.600000,-0.600000,-0.036816,0.519308,0.801345,-0.852215,-0.600000,-0.983327,0.585524,0.885707,-0.319781,-0.600000,-0.433037,-0.036816,-0.319781,0.614317,-0.995880,0.061624,-0.036816,-0.885707,-0.600000,0.968652,0.219192,-0.600000,0.600000,-0.061624,-0.827321,-0.600000,0.036816,-0.843824,-0.931591,-0.930343,-0.470122,0.791072,0.600000,-0.600000,-0.745746,0.791072,0.614317,-0.600000,-0.372946,-0.225250,-0.219192,-0.600000,-0.746924,0.253426,-0.600000,0.624929,-0.294237,0.600000,0.008842,0.942835,0.981516,-0.600000,-0.600000
68,1,0,0,0,stay,1,29,21,1,0.624929,-0.600000,0.600000,1.000000,-0.854097,-0.600000,-0.293198,-0.827321,-0.791072,-0.600000,0.211577,-0.430581,-0.854097,-0.600000,-0.600000,-0.600000,-0.600000,-0.600000,-0.600000,-0.035249,0.511816,0.799777,-0.854097,-0.600000,-0.984051,0.585524,0.887220,-0.319781,-0.600000,-0.433034,-0.035249,-0.319781,0.614317,-0.996119,0.059067,-0.035249,-0.887220,-0.600000,0.969993,0.211577,-0.600000,0.600000,-0.059067,-0.827321,-0.600000,0.035249,-0.844483,-0.934410,-0.931323,-0.466387,0.791072,0.600000,-0.600000,-0.748584,0.791072,0.614317,-0.600000,-0.372946,-0.222639,-0.211577,-0.600000,-0.746931,0.247781,-0.600000,0.624929,-0.293198,0.600000,0.008330,0.945995,0.982317,-0.600000,-0.600000
69,1,0,0,0,stay,0,28,21,1,0.624929,-0.600000,0.600000,1.000000,-0.854097,-0.600000,-0.287014,-0.830165,-0.792722,-0.600000,0.203345,-0.428130,-0.854097,-0.600000,-0.600000,-0.600000,-0.600000,-0.600000,-0.600000,-0.033584,0.499319,0.800609,-0.854097,-0.600000,-0.984819,0.585524,0.887720,-0.315442,-0.600000,-0.435490,-0.033584,-0.315442,0.614317,-0.996308,0.057418,-0.033584,-0.887720,-0.600000,0.970856,0.203345,-0.600000,0.600000,-0.057418,-0.830165,-0.600000,0.033584,-0.848389,-0.935630,-0.932916,-0.468876,0.792722,0.600000,-0.600000,-0.750463,0.792722,0.614317,-0.600000,-0.370609,-0.221774,-0.203345,-0.600000,-0.745039,0.243142,-0.600000,0.624929,-0.287014,0.600000,0.007926,0.946000,0.983167,-0.600000,-0.600000
70,0,0,0,0,S,0,26,20,1,0.624929,-0.600000,0.600000,1.000000,-0.854720,-0.600000,-0.277884,-0.835051,-0.795994,-0.600000,0.200120,-0.426906,-0.854720,-0.600000,-0.600000,-0.600000,-0.600000,-0.600000,-0.600000,-0.032307,0.495569,0.807711,-0.854720,-0.600000,-0.985407,0.585524,0.887720,-0.307927,-0.600000,-0.435489,-0.032307,-0.307927,0.614317,-0.996471,0.056343,-0.032307,-0.887720,-0.600000,0.971418,0.200120,-0.600000,0.600000,-0.056343,-0.835051,-0.600000,0.032307,-0.854097,-0.935635,-0.934164,-0.472612,0.795994,0.600000,-0.600000,-0.751400,0.795994,0.614317,-0.600000,-0.365953,-0.221774,-0.200120,-0.600000,-0.745041,0.239476,-0.600000,0.624929,-0.277884,0.600000,0.007579,0.944455,0.983818,-0.600000,-0.600000
71,0,0,0,0,E,0,24,21,1,0.624929,-0.600000,0.600000,1.000000,-0.854720,-0.600000,-0.270908,-0.839148,-0.799227,-0.600000,0.197726,-0.426906,-0.854720,-0.600000,-0.600000,-0.600000,-0.600000,-0.600000,-0.600000,-0.031380,0.491819,0.811575,-0.854720,-0.600000,-0.985833,0.585524,0.887720,-0.301564,-0.600000,-0.435489,-0.031380,-0.301564,0.614317,-0.996575,0.056077,-0.031380,-0.887720,-0.600000,0.971557,0.197726,-0.600000,0.600000,-0.056077,-0.839148,-0.600000,0.031380,-0.858412,-0.934729,-0.935689,-0.477599,0.799227,0.600000,-0.600000,-0.751400,0.799227,0.614317,-0.600000,-0.361322,-0.221774,-0.197726,-0.600000,-0.745041,0.238565,-0.600000,0.624929,-0.270908,0.600000,0.007356,0.942052,0.984289,-0.600000,-0.600000
72,1,0,0,0,E,0,22,22,1,0.624929,-0.600000,0.600000,1.000000,-0.855960,-0.600000,-0.265017,-0.841166,-0.800029,-0.600000,0.191448,-0.424460,-0.855960,-0.600000,-0.600000,-0.600000,-0.600000,-0.600000,-0.600000,-0.029892,0.484323,0.813880,-0.855960,-0.600000,-0.986516,0.585524,0.888715,-0.298411,-0.600000,-0.435488,-0.029892,-0.298411,0.614317,-0.996774,0.054249,-0.029892,-0.888715,-0.600000,0.972510,0.191448,-0.600000,0.600000,-0.054249,-0.841166,-0.600000,0.029892,-0.862026,-0.936541,-0.937190,-0.476351,0.800029,0.600000,-0.600000,-0.753265,0.800029,0.614317,-0.600000,-0.360168,-0.220051,-0.191448,-0.600000,-0.745046,0.234043,-0.600000,0.624929,-0.265017,0.600000,0.006929,0.943410,0.985046,-0.600000,-0.600000
73,1,0,0,0,stay,0,21,22,1,0.624929,-0.600000,0.600000,1.000000,-0.855960,-0.600000,-0.264043,-0.841166,-0.800029,-0.600000,0.185323,-0.419580,-0.855960,-0.600000,-0.600000,-0.600000,-0.600000,-0.600000,-0.600000,-0.028751,0.474339,0.812378,-0.855960,-0.600000,-0.987039,0.585524,0.888715,-0.298411,-0.600000,-0.440409,-0.028751,-0.298411,0.614317,-0.996901,0.052978,-0.028751,-0.888715,-0.600000,0.973172,0.185323,-0.600000,0.600000,-0.052978,-0.841166,-0.600000,0.028751,-0.862621,-0.938014,-0.938074,-0.476351,0.800029,0.600000,-0.600000,-0.756968,0.800029,0.614317,-0.600000,-0.360168,-0.220051,-0.185323,-0.600000,-0.741233,0.229585,-0.600000,0.624929,-0.264043,0.600000,0.006659,0.944733,0.985625,-0.600000,-0.600000
74,0,0,0,0,S,0,19,21,1,0.624929,-0.600000,0.600000,1.000000,-0.855960,-0.600000,-0.257290,-0.845140,-0.803215,-0.600000,0.184568,-0.419580,-0.855960,-0.600000,-0.600000,-0.600000,-0.600000,-0.600000,-0.600000,-0.027923,0.473093,0.818412,-0.855960,-0.600000,-0.987419,0.585524,0.888715,-0.292162,-0.600000,-0.440409,-0.027923,-0.292162,0.614317,-0.996992,0.052477,-0.027923,-0.888715,-0.600000,0.973433,0.184568,-0.600000,0.600000,-0.052477,-0.845140,-0.600000,0.027923,-0.866723,-0.937434,-0.939231,-0.481342,0.803215,0.600000,-0.600000,-0.756968,0.803215,0.614317,-0.600000,-0.355569,-0.220051,-0.184568,-0.600000,-0.741233,0.227819,-0.600000,0.624929,-0.257290,0.600000,0.006463,0.942611,0.986045,-0.600000,-0.600000
75,0,0,1,0,E,0,17,22,1,0.624929,-0.600000,0.600000,1.000000,-0.855960,-0.600000,-0.249711,-0.846447,-0.804793,-0.600000,0.179350,-0.419580,-0.855960,-0.600000,-0.600000,-0.600000,-0.600000,-0.600000,-0.600000,-0.026208,0.464376,0.828607,-0.855960,-0.600000,-0.988203,0.585524,0.888715,-0.290096,-0.600000,-0.440409,-0.026208,-0.290096,0.614317,-0.997181,0.049331,-0.026208,-0.888715,-0.600000,0.975067,0.179350,-0.600000,0.600000,-0.049331,-0.846447,-0.600000,0.026208,-0.871285,-0.940591,-0.939232,-0.483839,0.804793,0.600000,-0.600000,-0.756968,0.804793,0.614317,-0.600000,-0.353279,-0.220051,-0.179350,-0.600000,-0.741233,0.216572,-0.600000,0.624929,-0.249711,0.600000,0.006058,0.945004,0.986914,-0.600000,-0.600000
76,0,0,0,0,N,0,15,23,1,0.624929,-0.600000,0.600000,1.000000,-0.855960,-0.600000,-0.243203,-0.849032,-0.806362,-0.600000,0.177150,-0.418362,-0.855960,-0.600000,-0.600000,-0.600000,-0.600000,-0.600000,-0.600000,-0.025327,0.460646,0.834232,-0.855960,-0.600000,-0.988605,0.585524,0.888715,-0.285991,-0.600000,-0.441641,-0.025327,-0.285991,0.614317,-0.997278,0.048399,-0.025327,-0.888715,-0.600000,0.975550,0.177150,-0.600000,0.600000,-0.048399,-0.849032,-0.600000,0.025327,-0.875166,-0.941151,-0.940088,-0.486336,0.806362,0.600000,-0.600000,-0.757888,0.806362,0.614317,-0.600000,-0.350996,-0.220051,-0.177150,-0.600000,-0.740274,0.213193,-0.600000,0.624929,-0.243203,0.600000,0.005850,0.944485,0.987359,-0.600000,-0.600000
77,0,0,0,1,N,0,13,24,1,0.624929,-0.600000,0.600000,1.000000,-0.855960,-0.600000,-0.233211,-0.855960,-0.815572,-0.600000,0.177150,-0.418362,-0.855960,-0.600000,-0.600000,-0.600000,-0.600000,-0.600000,-0.600000,-0.023884,0.460646,0.841711,-0.855960,-0.600000,-0.989263,0.585524,0.888715,-0.274881,-0.600000,-0.441641,-0.023884,-0.274881,0.614317,-0.997437,0.048399,-0.023884,-0.888715,-0.600000,0.975550,0.177150,-0.600000,0.600000,-0.048399,-0.855960,-0.600000,0.023884,-0.881063,-0.937746,-0.943387,-0.501332,0.815572,0.600000,-0.600000,-0.757888,0.815572,0.614317,-0.600000,-0.337443,-0.220051,-0.177150,-0.600000,-0.740274,0.213193,-0.600000,0.624929,-0.233211,0.600000,0.005510,0.938167,0.988088,-0.600000,-0.600000
78,0,0,0,0,E,0,11,25,1,0.624929,-0.600000,0.600000,1.000000,-0.855960,-0.600000,-0.222639,-0.863213,-0.824441,-0.600000,0.177150,-0.418362,-0.855960,-0.600000,-0.600000,-0.600000,-0.600000,-0.600000,-0.600000,-0.022521,0.460646,0.849556,-0.855960,-0.600000,-0.989883,0.585524,0.888715,-0.263071,-0.600000,-0.441641,-0.022521,-0.263071,0.614317,-0.997586,0.048399,-0.022521,-0.888715,-0.600000,0.975550,0.177150,-0.600000,0.600000,-0.048399,-0.863213,-0.600000,0.022521,-0.887220,-0.934158,-0.946514,-0.516327,0.824441,0.600000,-0.600000,-0.757888,0.824441,0.614317,-0.600000,-0.324151,-0.220051,-0.177150,-0.600000,-0.740274,0.213193,-0.600000,0.624929,-0.222639,0.600000,0.005190,0.930862,0.988776,-0.600000,-0.600000
79,0,0,1,0,E,0,9,26,1,0.624929,-0.600000,0.600000,1.000000,-0.855960,-0.600000,-0.214094,-0.864978,-0.826605,-0.600000,0.172097,-0.418362,-0.855960,-0.600000,-0.600000,-0.600000,-0.600000,-0.600000,-0.600000,-0.021131,0.451961,0.858917,-0.855960,-0.600000,-0.990516,0.585524,0.888715,-0.260170,-0.600000,-0.441641,-0.021131,-0.260170,0.614317,-0.997738,0.045704,-0.021131,-0.888715,-0.600000,0.976944,0.172097,-0.600000,0.600000,-0.045704,-0.864978,-0.600000,0.021131,-0.892136,-0.936880,-0.946767,-0.520072,0.826605,0.600000,-0.600000,-0.757888,0.826605,0.614317,-0.600000,-0.320870,-0.220051,-0.172097,-0.600000,-0.740274,0.203287,-0.600000,0.624929,-0.214094,0.600000,0.004865,0.932778,0.989477,-0.600000,-0.600000
80,0,1,0,0,N,0,7,27,1,0.624929,-0.600000,0.600000,1.000000,-0.855960,-0.600000,-0.209082,-0.864978,-0.826605,-0.600000,0.166463,-0.418362,-0.855960,-0.600000,-0.600000,-0.600000,-0.600000,-0.600000,-0.600000,-0.019922,0.442071,0.864881,-0.855960,-0.600000,-0.991064,0.585524,0.888715,-0.260170,-0.600000,-0.441641,-0.019922,-0.260170,0.614317,-0.997870,0.043151,-0.019922,-0.888715,-0.600000,0.978260,0.166463,-0.600000,0.600000,-0.043151,-0.864978,-0.600000,0.019922,-0.894995,-0.940344,-0.946767,-0.520072,0.826605,0.600000,-0.600000,-0.757888,0.826605,0.614317,-0.600000,-0.320870,-0.220051,-0.166463,-0.600000,-0.740274,0.193728,-0.600000,0.624929,-0.209082,0.600000,0.004582,0.936451,0.990085,-0.600000,-0.600000
81,1,0,0,0,N,0,5,28,1,0.624929,-0.600000,0.600000,1.000000,-0.855960,-0.600000,-0.204158,-0.864978,-0.826605,-0.600000,0.159629,-0.417146,-0.855960,-0.600000,-0.600000,-0.600000,-0.600000,-0.600000,-0.600000,-0.018967,0.429773,0.867796,-0.855960,-0.600000,-0.991497,0.585524,0.888715,-0.260170,-0.600000,-0.442874,-0.018967,-0.260170,0.614317,-0.997974,0.041327,-0.018967,-0.888715,-0.600000,0.979199,0.159629,-0.600000,0.600000,-0.041327,-0.864978,-0.600000,0.018967,-0.897787,-0.942824,-0.947023,-0.520072,0.826605,0.600000,-0.600000,-0.758806,0.826605,0.614317,-0.600000,-0.320870,-0.220051,-0.159629,-0.600000,-0.739312,0.186785,-0.600000,0.624929,-0.204158,0.600000,0.004359,0.939083,0.990565,-0.600000,-0.600000
82,0,1,0,0,S,0,3,27,1,0.634263,-0.600000,0.600000,1.000000,-0.855960,-0.600000,-0.198521,-0.867876,-0.826605,-0.600000,0.157624,-0.415930,-0.855960,-0.600000,-0.600000,-0.600000,-0.600000,-0.600000,-0.600000,-0.018235,0.426100,0.867802,-0.855960,-0.600000,-0.991829,0.585524,0.888715,-0.255381,-0.600000,-0.444108,-0.018235,-0.255381,0.614317,-0.998053,0.040540,-0.018235,-0.888715,-0.600000,0.978789,0.157624,-0.600000,0.600000,-0.040540,-0.867876,-0.600000,0.018235,-0.900960,-0.943895,-0.948023,-0.510083,0.826605,0.600000,-0.600000,-0.759721,0.826605,0.614317,-0.600000,-0.320870,-0.220051,-0.157624,-0.600000,-0.738349,0.183762,-0.600000,0.634263,-0.198521,0.600000,0.004024,0.938798,0.990566,-0.600000,-0.600000
83,0,0,0,0,E,0,1,28,1,0.634263,-0.600000,0.600000,1.000000,-0.857802,-0.600000,-0.195354,-0.870157,-0.828036,-0.600000,0.155639,-0.414715,-0.857802,-0.600000,-0.600000,-0.600000,-0.600000,-0.600000,-0.600000,-0.016770,0.426097,0.868953,-0.857802,-0.600000,-0.992491,0.585524,0.896863,-0.251592,-0.600000,-0.441639,-0.016770,-0.251592,0.614317,-0.998239,0.037173,-0.016770,-0.896863,-0.600000,0.980583,0.155639,-0.600000,0.600000,-0.037173,-0.870157,-0.600000,0.016770,-0.902734,-0.947994,-0.951839,-0.508833,0.828036,0.600000,-0.600000,-0.760633,0.828036,0.614317,-0.600000,-0.318693,-0.205790,-0.155639,-0.600000,-0.740281,0.183007,-0.600000,0.634263,-0.195354,0.600000,0.003642,0.942982,0.991330,-0.600000,-0.600000
84,0,0,1,0,N,0,0,29,1,0.634263,-0.600000,0.600000,1.000000,-0.859020,-0.600000,-0.190674,-0.870157,-0.828036,-0.600000,0.151087,-0.413502,-0.859020,-0.600000,-0.600000,-0.600000,-0.600000,-0.600000,-0.600000,-0.015807,0.419991,0.874005,-0.859020,-0.600000,-0.992926,0.585524,0.898245,-0.251592,-0.600000,-0.440406,-0.015807,-0.251592,0.614317,-0.998358,0.034910,-0.015807,-0.898245,-0.600000,0.981786,0.151087,-0.600000,0.600000,-0.034910,-0.870157,-0.600000,0.015807,-0.905342,-0.951114,-0.952298,-0.506334,0.828036,0.600000,-0.600000,-0.761544,0.828036,0.614317,-0.600000,-0.318693,-0.203345,-0.151087,-0.600000,-0.741244,0.175638,-0.600000,0.634263,-0.190674,0.600000,0.003395,0.946894,0.991832,-0.600000,-0.600000
