tick,food_sensed_N,food_sensed_E,food_sensed_S,food_sensed_W,movement,food_consumed,energy,manhattan_dist,decision_made,conn_0_0,conn_0_3,conn_0_4,conn_0_5,conn_0_7,conn_0_8,conn_1_0,conn_1_1,conn_1_2,conn_1_3,conn_1_4,conn_1_6,conn_1_10,conn_2_0,conn_2_1,conn_2_2,conn_2_3,conn_2_4,conn_2_8,conn_2_9,conn_3_0,conn_3_1,conn_3_7,conn_3_10,conn_4_0,conn_4_1,conn_4_2,conn_4_3,conn_4_6,conn_4_8,conn_4_9,conn_5_0,conn_5_2,conn_5_4,conn_5_5,conn_5_9,conn_5_10,conn_6_1,conn_6_2,conn_6_3,conn_6_4,conn_6_6,conn_6_7,conn_6_8,conn_6_10,conn_7_3,conn_7_4,conn_7_7,conn_7_8,conn_7_9,conn_7_10,conn_8_0,conn_8_1,conn_8_2,conn_8_3,conn_8_5,conn_8_6,conn_8_7,conn_8_9,conn_8_10,conn_9_0,conn_9_1,conn_9_3,conn_9_4,conn_9_5,conn_9_6,conn_9_8,conn_9_10,conn_10_1,conn_10_2,conn_10_3
0,0,0,0,0,stay,0,30,0,0,0.600000,-0.600000,-0.600000,1.000000,-0.600000,-0.600000,-0.600000,-0.600000,-0.600000,-0.600000,-0.600000,0.600000,-0.600000,-0.600000,-0.600000,-0.600000,-0.600000,-0.600000,-0.600000,-0.600000,-0.600000,0.600000,-0.600000,0.600000,-0.600000,-0.600000,-0.600000,-0.600000,0.600000,0.600000,0.600000,0.600000,0.600000,-0.600000,-0.600000,0.600000,0.600000,-0.600000,-0.600000,0.600000,-0.600000,-0.600000,-0.600000,-0.600000,-0.600000,0.600000,-0.600000,-0.600000,-0.600000,0.600000,-0.600000,0.600000,-0.600000,-0.600000,-0.600000,0.600000,-0.600000,0.600000,0.600000,-0.600000,-0.600000,-0.600000,0.600000,0.600000,-0.600000,-0.600000,0.600000,-0.600000,0.600000,0.600000,-0.600000
1,0,0,0,0,stay,0,29,0,1,0.600000,-0.609565,-0.600000,1.000000,-0.600000,-0.600000,-0.609565,-0.600000,-0.600000,-0.600000,-0.609565,0.600000,-0.595193,-0.595193,-0.600000,-0.600000,-0.600000,-0.595193,-0.597599,-0.600000,-0.595193,0.600000,-0.600000,0.600000,-0.600000,-0.600000,-0.600000,-0.600000,0.600000,0.600000,0.604793,0.600000,0.600000,-0.600000,-0.600000,0.604793,0.600000,-0.600000,-0.600000,0.600000,-0.600000,-0.600000,-0.595193,-0.602399,-0.600000,0.597599,-0.604793,-0.597599,-0.600000,0.600000,-0.604793,0.604793,-0.604793,-0.595193,-0.604793,0.600000,-0.600000,0.600000,0.600000,-0.595193,-0.600000,-0.600000,0.590367,0.590367,-0.600000,-0.600000,0.600000,-0.600000,0.600000,0.600000,-0.600000
2,0,0,0,1,N,0,27,1,1,0.600000,-0.611944,-0.600000,1.000000,-0.600000,-0.600000,-0.600011,-0.604793,-0.600000,-0.604793,-0.611944,0.600000,-0.593988,-0.593988,-0.600000,-0.600000,-0.586737,-0.595193,-0.597599,-0.600000,-0.593988,0.600000,-0.600000,0.604793,-0.600000,-0.600000,-0.600000,-0.595193,0.600000,0.600000,0.609565,0.600000,0.600000,-0.600000,-0.600000,0.601205,0.600000,-0.600000,-0.600000,0.600000,-0.600000,-0.600000,-0.593988,-0.602399,-0.611944,0.597599,-0.605988,-0.597599,-0.600000,0.586737,-0.591580,0.604793,-0.605988,-0.593988,-0.610755,0.600000,-0.600000,0.600000,0.600000,-0.593988,-0.600000,-0.586737,0.587948,0.587948,-0.587948,-0.593988,0.613131,-0.600000,0.600000,0.623768,-0.600000
3,0,0,0,0,S,0,25,0,1,0.600000,-0.616685,-0.600000,1.000000,-0.600000,-0.600000,-0.598816,-0.607182,-0.600000,-0.607182,-0.616685,0.600000,-0.591575,-0.592784,-0.600000,-0.600000,-0.584311,-0.592782,-0.595193,-0.600000,-0.591575,0.600000,-0.601200,0.607182,-0.601200,-0.602399,-0.600000,-0.592782,0.600000,0.600000,0.614317,0.601200,0.600000,-0.600000,-0.598800,0.601207,0.600000,-0.600000,-0.600000,0.600000,-0.600000,-0.600000,-0.591575,-0.603598,-0.616685,0.593988,-0.608374,-0.596398,-0.597599,0.584311,-0.592791,0.608374,-0.607183,-0.591575,-0.615502,0.600000,-0.600000,0.600000,0.600000,-0.591575,-0.600000,-0.584311,0.583096,0.583096,-0.584311,-0.591575,0.615502,-0.601200,0.600000,0.630789,-0.600000
4,0,0,0,1,N,0,23,1,1,0.600000,-0.619048,-0.600000,1.000000,-0.600000,-0.600000,-0.589176,-0.611944,-0.600000,-0.611944,-0.619048,0.600000,-0.591575,-0.592784,-0.600000,-0.600000,-0.570898,-0.592782,-0.595193,-0.600000,-0.591575,0.600000,-0.601200,0.611944,-0.601200,-0.602399,-0.600000,-0.587948,0.600000,0.600000,0.619048,0.601200,0.600000,-0.600000,-0.598800,0.596405,0.600000,-0.600000,-0.600000,0.600000,-0.600000,-0.600000,-0.591575,-0.603598,-0.628441,0.593988,-0.608374,-0.596398,-0.597599,0.570898,-0.579455,0.608374,-0.607183,-0.591575,-0.620227,0.600000,-0.600000,0.600000,0.600000,-0.591575,-0.600000,-0.570898,0.580664,0.580664,-0.572122,-0.585524,0.628441,-0.601200,0.600000,0.653790,-0.600000
5,0,0,0,0,W,0,21,2,1,0.600000,-0.624929,-0.600000,1.000000,-0.600000,-0.600000,-0.581901,-0.614317,-0.600000,-0.614317,-0.624929,0.600000,-0.590367,-0.595197,-0.600000,-0.600000,-0.567221,-0.591575,-0.595193,-0.600000,-0.590367,0.600000,-0.604793,0.614317,-0.604793,-0.610757,-0.600000,-0.585524,0.600000,0.600000,0.622581,0.605988,0.600000,-0.600000,-0.593988,0.595203,0.600000,-0.600000,-0.600000,0.600000,-0.590367,-0.600000,-0.590367,-0.589167,-0.636581,0.598806,-0.609565,-0.601205,-0.589159,0.567221,-0.581895,0.613133,-0.603603,-0.590367,-0.614326,0.600000,-0.600000,0.600000,0.600000,-0.580665,-0.600000,-0.567221,0.574567,0.574567,-0.577016,-0.583096,0.631939,-0.605988,0.600000,0.661680,-0.590367
6,0,0,0,0,stay,1,29,2,1,0.600000,-0.638893,-0.600000,1.000000,-0.600000,-0.600000,-0.595225,-0.614317,-0.600000,-0.614317,-0.638893,0.600000,-0.586737,-0.597609,-0.600000,-0.600000,-0.567221,-0.585524,-0.593988,-0.600000,-0.586737,0.600000,-0.610755,0.614317,-0.610755,-0.617870,-0.600000,-0.585524,0.600000,0.600000,0.628441,0.607182,0.600000,-0.600000,-0.592782,0.598813,0.600000,-0.600000,-0.600000,0.600000,-0.587948,-0.600000,-0.586737,-0.586747,-0.636581,0.598807,-0.613131,-0.601206,-0.581883,0.567221,-0.589179,0.624936,-0.605995,-0.586737,-0.615513,0.600000,-0.600000,0.600000,0.600000,-0.574568,-0.600000,-0.567221,0.559845,0.559845,-0.585539,-0.583096,0.631939,-0.607182,0.600000,0.661680,-0.587948
7,0,0,0,0,N,0,27,3,1,0.600000,-0.646934,-0.600000,1.000000,-0.600000,-0.600000,-0.603633,-0.614317,-0.600000,-0.614317,-0.646934,0.600000,-0.583096,-0.596409,-0.600000,-0.600000,-0.567221,-0.581881,-0.591575,-0.600000,-0.583096,0.600000,-0.613131,0.614317,-0.613131,-0.620230,-0.600000,-0.585524,0.600000,0.600000,0.631939,0.607182,0.600000,-0.600000,-0.592782,0.602413,0.600000,-0.600000,-0.600000,0.600000,-0.587948,-0.600000,-0.583096,-0.589171,-0.636581,0.596403,-0.616685,-0.598807,-0.579449,0.567221,-0.592807,0.630783,-0.609573,-0.583096,-0.619059,0.600000,-0.600000,0.600000,0.600000,-0.570899,-0.600000,-0.567221,0.551205,0.551205,-0.587965,-0.583096,0.631939,-0.607182,0.600000,0.661680,-0.587948
8,0,0,0,0,N,0,25,4,1,0.600000,-0.663883,-0.600000,1.000000,-0.600000,-0.600000,-0.621441,-0.614317,-0.600000,-0.614317,-0.663883,0.600000,-0.579447,-0.598818,-0.600000,-0.600000,-0.567221,-0.575789,-0.589158,-0.600000,-0.579447,0.600000,-0.619048,0.614317,-0.619048,-0.626104,-0.600000,-0.585524,0.600000,0.600000,0.637738,0.607182,0.600000,-0.600000,-0.592782,0.606002,0.600000,-0.600000,-0.600000,0.600000,-0.587948,-0.600000,-0.579447,-0.591590,-0.636581,0.593995,-0.620227,-0.596404,-0.573347,0.567221,-0.598830,0.642362,-0.613139,-0.579447,-0.622592,0.600000,-0.600000,0.600000,0.600000,-0.567222,-0.600000,-0.567221,0.532593,0.532593,-0.594011,-0.583096,0.631939,-0.607182,0.600000,0.661680,-0.587948
9,0,0,0,0,stay,0,24,4,1,0.600000,-0.672757,-0.600000,1.000000,-0.600000,-0.600000,-0.630810,-0.614317,-0.600000,-0.614317,-0.672757,0.600000,-0.575789,-0.600023,-0.600000,-0.600000,-0.567221,-0.572122,-0.587948,-0.600000,-0.575789,0.600000,-0.623756,0.614317,-0.623756,-0.630777,-0.600000,-0.585524,0.600000,0.600000,0.641199,0.607182,0.600000,-0.600000,-0.592782,0.609580,0.600000,-0.600000,-0.600000,0.600000,-0.587948,-0.600000,-0.575789,-0.592798,-0.636581,0.592789,-0.623756,-0.595200,-0.568450,0.567221,-0.602430,0.650373,-0.616693,-0.575789,-0.626112,0.600000,-0.600000,0.600000,0.600000,-0.563537,-0.600000,-0.567221,0.522625,0.522625,-0.598827,-0.583096,0.631939,-0.607182,0.600000,0.661680,-0.587948
10,0,0,0,0,N,0,22,5,1,0.600000,-0.681509,-0.600000,1.000000,-0.600000,-0.600000,-0.640082,-0.614317,-0.600000,-0.614317,-0.681509,0.600000,-0.572122,-0.600027,-0.600000,-0.600000,-0.567221,-0.567221,-0.585524,-0.600000,-0.572122,0.600000,-0.627272,0.614317,-0.627272,-0.634266,-0.600000,-0.585524,0.600000,0.600000,0.645790,0.607182,0.600000,-0.600000,-0.592782,0.613146,0.600000,-0.600000,-0.600000,0.600000,-0.587948,-0.600000,-0.572122,-0.595211,-0.636581,0.590374,-0.627272,-0.592790,-0.564768,0.567221,-0.607213,0.658300,-0.620234,-0.572122,-0.629619,0.600000,-0.600000,0.600000,0.600000,-0.559846,-0.600000,-0.567221,0.512639,0.512639,-0.602427,-0.583096,0.631939,-0.607182,0.600000,0.661680,-0.587948
11,0,0,0,0,N,0,20,6,1,0.600000,-0.692272,-0.600000,1.000000,-0.600000,-0.600000,-0.651527,-0.614317,-0.600000,-0.614317,-0.692272,0.600000,-0.567221,-0.598830,-0.600000,-0.600000,-0.567221,-0.561076,-0.580664,-0.600000,-0.567221,0.600000,-0.630774,0.614317,-0.630774,-0.637741,-0.600000,-0.585524,0.600000,0.600000,0.651492,0.607182,0.600000,-0.600000,-0.592782,0.617882,0.600000,-0.600000,-0.600000,0.600000,-0.587948,-0.600000,-0.567221,-0.600023,-0.636581,0.585531,-0.631939,-0.587955,-0.561078,0.567221,-0.613162,0.667249,-0.624937,-0.567221,-0.634274,0.600000,-0.600000,0.600000,0.600000,-0.554913,-0.600000,-0.567221,0.500142,0.500142,-0.606016,-0.583096,0.631939,-0.607182,0.600000,0.661680,-0.587948
12,0,1,0,0,N,0,18,7,1,0.600000,-0.713177,-0.600000,1.000000,-0.600000,-0.600000,-0.673891,-0.614317,-0.600000,-0.614317,-0.713177,0.600000,-0.565994,-0.622612,-0.600000,-0.600000,-0.567221,-0.559845,-0.579447,-0.600000,-0.565994,0.600000,-0.654892,0.614317,-0.654892,-0.661649,-0.600000,-0.585524,0.600000,0.600000,0.652627,0.607182,0.600000,-0.600000,-0.592782,0.619062,0.600000,-0.600000,-0.600000,0.600000,-0.587948,-0.600000,-0.565994,-0.601223,-0.636581,0.584318,-0.633102,-0.586744,-0.535083,0.567221,-0.614348,0.691230,-0.626109,-0.565994,-0.635434,0.600000,-0.600000,0.600000,0.600000,-0.553678,-0.600000,-0.567221,0.475161,0.475161,-0.630802,-0.583096,0.631939,-0.607182,0.600000,0.661680,-0.587948
13,1,0,0,0,N,0,16,8,1,0.600000,-0.718269,-0.600000,1.000000,-0.600000,-0.600000,-0.679366,-0.614317,-0.600000,-0.614317,-0.718269,0.600000,-0.561076,-0.619085,-0.600000,-0.600000,-0.567221,-0.551205,-0.578228,-0.600000,-0.561076,0.600000,-0.656023,0.614317,-0.656023,-0.662768,-0.600000,-0.585524,0.600000,0.600000,0.660525,0.607182,0.600000,-0.600000,-0.592782,0.623770,0.600000,-0.600000,-0.600000,0.600000,-0.587948,-0.600000,-0.561076,-0.602422,-0.636581,0.583103,-0.637738,-0.585531,-0.533839,0.567221,-0.622612,0.699710,-0.630782,-0.561076,-0.640058,0.600000,-0.600000,0.600000,0.600000,-0.548732,-0.600000,-0.567221,0.468930,0.468930,-0.631966,-0.583096,0.631939,-0.607182,0.600000,0.661680,-0.587948
14,1,0,0,0,N,0,14,9,1,0.600000,-0.729276,-0.600000,1.000000,-0.600000,-0.600000,-0.677194,-0.614317,-0.600000,-0.614317,-0.729276,0.600000,-0.554912,-0.617911,-0.600000,-0.600000,-0.567221,-0.537567,-0.575789,-0.600000,-0.554912,0.600000,-0.660525,0.614317,-0.660525,-0.674961,-0.600000,-0.585524,0.600000,0.600000,0.672757,0.615502,0.600000,-0.600000,-0.584311,0.629622,0.600000,-0.600000,-0.600000,0.600000,-0.568448,-0.600000,-0.554912,-0.577039,-0.643498,0.591593,-0.643498,-0.591590,-0.520133,0.567221,-0.643535,0.715253,-0.628453,-0.554912,-0.627304,0.600000,-0.600000,0.600000,0.600000,-0.522627,-0.600000,-0.567221,0.455257,0.455257,-0.648106,-0.583096,0.631939,-0.615502,0.600000,0.661680,-0.568448
15,1,0,1,0,N,0,12,10,1,0.600000,-0.740971,-0.600000,1.000000,-0.600000,-0.600000,-0.676106,-0.614317,-0.600000,-0.614317,-0.740971,0.600000,-0.547493,-0.615550,-0.600000,-0.600000,-0.567221,-0.520130,-0.568448,-0.600000,-0.547493,0.600000,-0.664999,0.614317,-0.664999,-0.686922,-0.600000,-0.585524,0.600000,0.600000,0.687991,0.623756,0.600000,-0.600000,-0.575789,0.636595,0.600000,-0.600000,-0.600000,0.600000,-0.548731,-0.600000,-0.547493,-0.556181,-0.650355,0.595216,-0.650355,-0.592805,-0.506394,0.567221,-0.667271,0.733251,-0.627290,-0.547493,-0.615552,0.600000,-0.600000,0.600000,0.600000,-0.495145,-0.600000,-0.567221,0.440417,0.440417,-0.663912,-0.583096,0.631939,-0.623756,0.600000,0.661680,-0.548731
16,0,0,1,0,N,0,10,11,1,0.600000,-0.756046,-0.600000,1.000000,-0.600000,-0.600000,-0.679389,-0.614317,-0.600000,-0.614317,-0.756046,0.600000,-0.545015,-0.622629,-0.600000,-0.600000,-0.567221,-0.512639,-0.564765,-0.600000,-0.545015,0.600000,-0.673858,0.614317,-0.673858,-0.704931,-0.600000,-0.585524,0.600000,0.600000,0.694400,0.634263,0.600000,-0.600000,-0.564765,0.638907,0.600000,-0.600000,-0.600000,0.600000,-0.527612,-0.600000,-0.545015,-0.527651,-0.654892,0.601229,-0.652627,-0.600033,-0.485148,0.567221,-0.683731,0.746742,-0.619078,-0.545015,-0.597667,0.600000,-0.600000,0.600000,0.600000,-0.471423,-0.600000,-0.567221,0.420799,0.420799,-0.686952,-0.583096,0.631939,-0.634263,0.600000,0.661680,-0.527612
17,0,0,1,0,stay,1,29,11,1,0.600000,-0.765161,-0.600000,1.000000,-0.600000,-0.600000,-0.688047,-0.614317,-0.600000,-0.614317,-0.765161,0.600000,-0.541293,-0.623808,-0.600000,-0.600000,-0.567221,-0.507641,-0.558612,-0.600000,-0.541293,0.600000,-0.678242,0.614317,-0.678242,-0.710110,-0.600000,-0.585524,0.600000,0.600000,0.698632,0.635423,0.600000,-0.600000,-0.563536,0.642363,0.600000,-0.600000,-0.600000,0.600000,-0.525119,-0.600000,-0.541293,-0.530144,-0.656023,0.596428,-0.656023,-0.595227,-0.478906,0.567221,-0.689117,0.754246,-0.621436,-0.541293,-0.598871,0.600000,-0.600000,0.600000,0.600000,-0.465198,-0.600000,-0.567221,0.408658,0.408658,-0.692310,-0.583096,0.631939,-0.635423,0.600000,0.661680,-0.525119
18,1,1,0,1,N,0,27,12,1,0.600000,-0.767850,-0.600000,1.000000,-0.600000,-0.600000,-0.681581,-0.616685,-0.600000,-0.616685,-0.767850,0.600000,-0.538810,-0.623811,-0.600000,-0.600000,-0.557380,-0.505142,-0.556146,-0.600000,-0.538810,0.600000,-0.680422,0.616685,-0.680422,-0.713191,-0.600000,-0.583096,0.600000,0.600000,0.702830,0.636581,0.600000,-0.600000,-0.562307,0.642366,0.600000,-0.600000,-0.600000,0.600000,-0.523872,-0.600000,-0.538810,-0.530144,-0.664999,0.594021,-0.658277,-0.594024,-0.475163,0.557380,-0.683743,0.757942,-0.622613,-0.538810,-0.602471,0.600000,-0.600000,0.600000,0.600000,-0.461467,-0.600000,-0.557380,0.405036,0.405036,-0.686966,-0.577009,0.641199,-0.636581,0.600000,0.678286,-0.523872
19,0,0,0,0,W,0,25,13,1,0.600000,-0.780109,-0.600000,1.000000,-0.600000,-0.600000,-0.678334,-0.619048,-0.600000,-0.619048,-0.780109,0.600000,-0.536324,-0.630832,-0.600000,-0.600000,-0.556146,-0.501392,-0.556146,-0.600000,-0.536324,0.600000,-0.689064,0.619048,-0.689064,-0.730286,-0.600000,-0.580664,0.600000,0.600000,0.708031,0.646934,0.600000,-0.600000,-0.551205,0.642369,0.600000,-0.600000,-0.600000,0.600000,-0.501392,-0.600000,-0.536324,-0.496435,-0.673858,0.604831,-0.660525,-0.604834,-0.454018,0.556146,-0.695531,0.767909,-0.614363,-0.536324,-0.585601,0.600000,-0.600000,0.600000,0.600000,-0.436724,-0.600000,-0.556146,0.388277,0.388277,-0.706017,-0.575789,0.642349,-0.646934,0.600000,0.682640,-0.501392
20,0,0,0,0,stay,1,29,13,1,0.600000,-0.789412,-0.600000,1.000000,-0.600000,-0.600000,-0.689155,-0.619048,-0.600000,-0.619048,-0.789412,0.600000,-0.532593,-0.633164,-0.600000,-0.600000,-0.556146,-0.496392,-0.556146,-0.600000,-0.532593,0.600000,-0.694400,0.619048,-0.694400,-0.735187,-0.600000,-0.580664,0.600000,0.600000,0.712152,0.646934,0.600000,-0.600000,-0.551205,0.645810,0.600000,-0.600000,-0.600000,0.600000,-0.500142,-0.600000,-0.532593,-0.495185,-0.674957,0.606026,-0.663883,-0.604834,-0.447826,0.556146,-0.699754,0.775852,-0.617912,-0.532593,-0.588028,0.600000,-0.600000,0.600000,0.600000,-0.431809,-0.600000,-0.556146,0.375289,0.375289,-0.711185,-0.575789,0.642349,-0.646934,0.600000,0.682640,-0.500142
21,0,1,0,0,N,0,27,14,1,0.600000,-0.806362,-0.600000,1.000000,-0.600000,-0.600000,-0.711212,-0.619048,-0.600000,-0.619048,-0.806362,0.600000,-0.532593,-0.657211,-0.600000,-0.600000,-0.556146,-0.496392,-0.556146,-0.600000,-0.532593,0.600000,-0.716239,0.619048,-0.716239,-0.755142,-0.600000,-0.580664,0.600000,0.600000,0.712152,0.646934,0.600000,-0.600000,-0.551205,0.645810,0.600000,-0.600000,-0.600000,0.600000,-0.500142,-0.600000,-0.532593,-0.495185,-0.674957,0.606026,-0.663883,-0.604834,-0.422019,0.556146,-0.699754,0.793607,-0.617912,-0.532593,-0.588028,0.600000,-0.600000,0.600000,0.600000,-0.431809,-0.600000,-0.556146,0.350996,0.350996,-0.732288,-0.575789,0.642349,-0.646934,0.600000,0.682640,-0.500142
22,0,0,0,0,S,0,25,13,1,0.600000,-0.813302,-0.600000,1.000000,-0.600000,-0.600000,-0.720375,-0.619048,-0.600000,-0.619048,-0.813302,0.600000,-0.528858,-0.658343,-0.600000,-0.600000,-0.556146,-0.492642,-0.554912,-0.600000,-0.528858,0.600000,-0.720290,0.619048,-0.720290,-0.758826,-0.600000,-0.580664,0.600000,0.600000,0.715220,0.646934,0.600000,-0.600000,-0.551205,0.649236,0.600000,-0.600000,-0.600000,0.600000,-0.500142,-0.600000,-0.528858,-0.496435,-0.674957,0.604832,-0.667225,-0.603638,-0.417146,0.556146,-0.702899,0.799296,-0.621450,-0.528858,-0.591658,0.600000,-0.600000,0.600000,0.600000,-0.428131,-0.600000,-0.556146,0.340807,0.340807,-0.736195,-0.575789,0.642349,-0.646934,0.600000,0.682640,-0.500142
23,0,1,0,0,N,0,23,14,1,0.600000,-0.828748,-0.600000,1.000000,-0.600000,-0.600000,-0.741052,-0.619048,-0.600000,-0.619048,-0.828748,0.600000,-0.528858,-0.681572,-0.600000,-0.600000,-0.556146,-0.492642,-0.554912,-0.600000,-0.528858,0.600000,-0.740971,0.619048,-0.740971,-0.777541,-0.600000,-0.580664,0.600000,0.600000,0.715220,0.646934,0.600000,-0.600000,-0.551205,0.649236,0.600000,-0.600000,-0.600000,0.600000,-0.500142,-0.600000,-0.528858,-0.496435,-0.674957,0.604832,-0.667225,-0.603638,-0.391848,0.556146,-0.702899,0.815637,-0.621450,-0.528858,-0.591658,0.600000,-0.600000,0.600000,0.600000,-0.428131,-0.600000,-0.556146,0.317607,0.317607,-0.756100,-0.575789,0.642349,-0.646934,0.600000,0.682640,-0.500142
24,0,0,0,0,N,0,21,15,1,0.600000,-0.835739,-0.600000,1.000000,-0.600000,-0.600000,-0.750542,-0.619048,-0.600000,-0.619048,-0.835739,0.600000,-0.526366,-0.684826,-0.600000,-0.600000,-0.556146,-0.490143,-0.554912,-0.600000,-0.526366,0.600000,-0.745746,0.619048,-0.745746,-0.781842,-0.600000,-0.580664,0.600000,0.600000,0.717255,0.646934,0.600000,-0.600000,-0.551205,0.651512,0.600000,-0.600000,-0.600000,0.600000,-0.500142,-0.600000,-0.526366,-0.496435,-0.674957,0.604832,-0.669443,-0.603638,-0.385904,0.556146,-0.704985,0.820855,-0.623801,-0.526366,-0.594073,0.600000,-0.600000,0.600000,0.600000,-0.425684,-0.600000,-0.556146,0.306861,0.306861,-0.760686,-0.575789,0.642349,-0.646934,0.600000,0.682640,-0.500142
25,0,1,0,0,N,0,19,16,1,0.600000,-0.849673,-0.600000,1.000000,-0.600000,-0.600000,-0.769705,-0.619048,-0.600000,-0.619048,-0.849673,0.600000,-0.526366,-0.707059,-0.600000,-0.600000,-0.556146,-0.490143,-0.554912,-0.600000,-0.526366,0.600000,-0.765161,0.619048,-0.765161,-0.799245,-0.600000,-0.580664,0.600000,0.600000,0.717255,0.646934,0.600000,-0.600000,-0.551205,0.651512,0.600000,-0.600000,-0.600000,0.600000,-0.500142,-0.600000,-0.526366,-0.496435,-0.674957,0.604832,-0.669443,-0.603638,-0.361322,0.556146,-0.704985,0.835803,-0.623801,-0.526366,-0.594073,0.600000,-0.600000,0.600000,0.600000,-0.425684,-0.600000,-0.556146,0.284970,0.284970,-0.779299,-0.575789,0.642349,-0.646934,0.600000,0.682640,-0.500142
26,0,0,0,0,E,0,17,15,1,0.600000,-0.859020,-0.600000,1.000000,-0.600000,-0.600000,-0.774986,-0.619048,-0.600000,-0.619048,-0.859020,0.600000,-0.523872,-0.713245,-0.600000,-0.600000,-0.556146,-0.486395,-0.554912,-0.600000,-0.523872,0.600000,-0.772282,0.619048,-0.772282,-0.811034,-0.600000,-0.580664,0.600000,0.600000,0.720290,0.654892,0.600000,-0.600000,-0.542534,0.653781,0.600000,-0.600000,-0.600000,0.600000,-0.483897,-0.600000,-0.523872,-0.471462,-0.677148,0.611983,-0.671654,-0.611986,-0.344183,0.556146,-0.715292,0.843231,-0.617920,-0.523872,-0.580750,0.600000,-0.600000,0.600000,0.600000,-0.407448,-0.600000,-0.556146,0.269920,0.269920,-0.795239,-0.575789,0.642349,-0.654892,0.600000,0.682640,-0.483897
27,0,0,0,0,stay,1,29,15,1,0.600000,-0.866723,-0.600000,1.000000,-0.600000,-0.600000,-0.784448,-0.619048,-0.600000,-0.619048,-0.866723,0.600000,-0.521378,-0.717326,-0.600000,-0.600000,-0.556146,-0.481400,-0.554912,-0.600000,-0.521378,0.600000,-0.777522,0.619048,-0.777522,-0.816351,-0.600000,-0.580664,0.600000,0.600000,0.724306,0.656023,0.600000,-0.600000,-0.541293,0.656042,0.600000,-0.600000,-0.600000,0.600000,-0.482648,-0.600000,-0.521378,-0.468970,-0.678242,0.611983,-0.673858,-0.613173,-0.336319,0.556146,-0.720363,0.849748,-0.619101,-0.521378,-0.581969,0.600000,-0.600000,0.600000,0.600000,-0.403830,-0.600000,-0.556146,0.257290,0.257290,-0.800088,-0.575789,0.642349,-0.656023,0.600000,0.682640,-0.482648
28,0,0,0,0,N,0,27,16,1,0.600000,-0.870722,-0.600000,1.000000,-0.600000,-0.600000,-0.790315,-0.619048,-0.600000,-0.619048,-0.870722,0.600000,-0.516385,-0.715301,-0.600000,-0.600000,-0.556146,-0.476408,-0.551205,-0.600000,-0.516385,0.600000,-0.779249,0.619048,-0.779249,-0.817847,-0.600000,-0.580664,0.600000,0.600000,0.728287,0.656023,0.600000,-0.600000,-0.541293,0.660545,0.600000,-0.600000,-0.600000,0.600000,-0.482648,-0.600000,-0.516385,-0.472707,-0.678242,0.608418,-0.678242,-0.609611,-0.334088,0.556146,-0.724378,0.853549,-0.623809,-0.516385,-0.586828,0.600000,-0.600000,0.600000,0.600000,-0.399022,-0.600000,-0.556146,0.250650,0.250650,-0.801685,-0.575789,0.642349,-0.656023,0.600000,0.682640,-0.482648
29,0,0,0,1,N,0,25,17,1,0.600000,-0.872961,-0.600000,1.000000,-0.600000,-0.600000,-0.781076,-0.624929,-0.600000,-0.624929,-0.872961,0.600000,-0.515137,-0.714283,-0.600000,-0.600000,-0.540052,-0.476408,-0.551205,-0.600000,-0.515137,0.600000,-0.779249,0.624929,-0.779249,-0.819335,-0.600000,-0.574567,0.600000,0.600000,0.733211,0.658277,0.600000,-0.600000,-0.538810,0.656051,0.600000,-0.600000,-0.600000,0.600000,-0.482648,-0.600000,-0.515137,-0.470215,-0.692272,0.606034,-0.679333,-0.611990,-0.331866,0.540052,-0.713278,0.853549,-0.622637,-0.515137,-0.594086,0.600000,-0.600000,0.600000,0.600000,-0.397823,-0.600000,-0.540052,0.246908,0.246908,-0.791164,-0.564765,0.657151,-0.658277,0.600000,0.711193,-0.482648
30,0,0,0,0,S,0,23,16,1,0.600000,-0.874618,-0.600000,1.000000,-0.600000,-0.600000,-0.777651,-0.628441,-0.600000,-0.628441,-0.874618,0.600000,-0.512639,-0.714287,-0.600000,-0.600000,-0.538810,-0.473914,-0.549968,-0.600000,-0.512639,0.600000,-0.780967,0.628441,-0.780967,-0.821548,-0.600000,-0.570898,0.600000,0.600000,0.738079,0.659402,0.600000,-0.600000,-0.537567,0.654927,0.600000,-0.600000,-0.600000,0.600000,-0.480151,-0.600000,-0.512639,-0.467723,-0.698632,0.606035,-0.681509,-0.611991,-0.328545,0.538810,-0.715323,0.856038,-0.623814,-0.512639,-0.597701,0.600000,-0.600000,0.600000,0.600000,-0.393040,-0.600000,-0.538810,0.244126,0.244126,-0.789514,-0.563537,0.658277,-0.659402,0.600000,0.716308,-0.480151
31,0,0,0,1,N,0,21,17,1,0.600000,-0.876799,-0.600000,1.000000,-0.600000,-0.600000,-0.766230,-0.635423,-0.600000,-0.635423,-0.876799,0.600000,-0.510140,-0.713269,-0.600000,-0.600000,-0.522625,-0.472667,-0.547493,-0.600000,-0.510140,0.600000,-0.781822,0.635423,-0.781822,-0.823740,-0.600000,-0.563536,0.600000,0.600000,0.744796,0.661646,0.600000,-0.600000,-0.535081,0.650400,0.600000,-0.600000,-0.600000,0.600000,-0.480151,-0.600000,-0.510140,-0.467723,-0.714200,0.601253,-0.683678,-0.611994,-0.325242,0.522625,-0.705043,0.857268,-0.623817,-0.510140,-0.607285,0.600000,-0.600000,0.600000,0.600000,-0.390655,-0.600000,-0.522625,0.240450,0.240450,-0.777662,-0.554915,0.672757,-0.661646,0.600000,0.742012,-0.480151
32,0,0,0,0,S,0,19,16,1,0.600000,-0.879479,-0.600000,1.000000,-0.600000,-0.600000,-0.764446,-0.638893,-0.600000,-0.638893,-0.879479,0.600000,-0.507641,-0.714296,-0.600000,-0.600000,-0.521378,-0.470175,-0.547493,-0.600000,-0.507641,0.600000,-0.784374,0.638893,-0.784374,-0.826630,-0.600000,-0.559845,0.600000,0.600000,0.749525,0.662766,0.600000,-0.600000,-0.533837,0.649266,0.600000,-0.600000,-0.600000,0.600000,-0.477656,-0.600000,-0.507641,-0.463989,-0.720290,0.602451,-0.685838,-0.613181,-0.320864,0.521378,-0.707123,0.860310,-0.624991,-0.507641,-0.610860,0.600000,-0.600000,0.600000,0.600000,-0.385902,-0.600000,-0.521378,0.235907,0.235907,-0.776805,-0.553681,0.673858,-0.662766,0.600000,0.746777,-0.477656
33,0,0,0,1,N,0,17,17,1,0.600000,-0.880537,-0.600000,1.000000,-0.600000,-0.600000,-0.758096,-0.642349,-0.600000,-0.642349,-0.880537,0.600000,-0.506391,-0.713275,-0.600000,-0.600000,-0.510140,-0.468930,-0.546254,-0.600000,-0.506391,0.600000,-0.784374,0.642349,-0.784374,-0.826630,-0.600000,-0.556146,0.600000,0.600000,0.753265,0.662766,0.600000,-0.600000,-0.533837,0.646989,0.600000,-0.600000,-0.600000,0.600000,-0.477656,-0.600000,-0.506391,-0.465233,-0.729276,0.601254,-0.686916,-0.611995,-0.320864,0.510140,-0.698779,0.860911,-0.626163,-0.506391,-0.615606,0.600000,-0.600000,0.600000,0.600000,-0.384717,-0.600000,-0.510140,0.234107,0.234107,-0.768917,-0.547496,0.683678,-0.662766,0.600000,0.762544,-0.477656
34,0,0,0,0,S,0,15,16,1,0.600000,-0.885199,-0.600000,1.000000,-0.600000,-0.600000,-0.759946,-0.644645,-0.600000,-0.644645,-0.885199,0.600000,-0.505142,-0.716339,-0.600000,-0.600000,-0.510140,-0.467684,-0.546254,-0.600000,-0.505142,0.600000,-0.787742,0.644645,-0.787742,-0.830189,-0.600000,-0.553677,0.600000,0.600000,0.756046,0.663883,0.600000,-0.600000,-0.532593,0.645849,0.600000,-0.600000,-0.600000,0.600000,-0.475161,-0.600000,-0.505142,-0.461502,-0.735165,0.602452,-0.687991,-0.613182,-0.315436,0.510140,-0.700882,0.863885,-0.626165,-0.505142,-0.616791,0.600000,-0.600000,0.600000,0.600000,-0.381171,-0.600000,-0.510140,0.226125,0.226125,-0.768926,-0.545019,0.683678,-0.663883,0.600000,0.766151,-0.475161
35,0,0,0,1,N,0,13,17,1,0.600000,-0.886213,-0.600000,1.000000,-0.600000,-0.600000,-0.752586,-0.648076,-0.600000,-0.648076,-0.886213,0.600000,-0.503892,-0.715323,-0.600000,-0.600000,-0.497642,-0.467684,-0.546254,-0.600000,-0.503892,0.600000,-0.787742,0.648076,-0.787742,-0.830189,-0.600000,-0.549968,0.600000,0.600000,0.758806,0.663883,0.600000,-0.600000,-0.532593,0.643562,0.600000,-0.600000,-0.600000,0.600000,-0.475161,-0.600000,-0.503892,-0.461502,-0.744796,0.602452,-0.689064,-0.613182,-0.315436,0.497642,-0.690306,0.863885,-0.627335,-0.503892,-0.621509,0.600000,-0.600000,0.600000,0.600000,-0.379991,-0.600000,-0.497642,0.224377,0.224377,-0.759935,-0.536329,0.694400,-0.663883,0.600000,0.783634,-0.475161
36,0,0,0,0,W,0,11,18,1,0.600000,-0.893097,-0.600000,1.000000,-0.600000,-0.600000,-0.749802,-0.650355,-0.600000,-0.650355,-0.893097,0.600000,-0.501392,-0.721403,-0.600000,-0.600000,-0.496392,-0.463951,-0.546254,-0.600000,-0.501392,0.600000,-0.794363,0.650355,-0.794363,-0.842534,-0.600000,-0.547493,0.600000,0.600000,0.763357,0.674957,0.600000,-0.600000,-0.520130,0.643565,0.600000,-0.600000,-0.600000,0.600000,-0.452778,-0.600000,-0.501392,-0.426935,-0.751400,0.611997,-0.691205,-0.624980,-0.296304,0.496392,-0.703005,0.870241,-0.617946,-0.501392,-0.604919,0.600000,-0.600000,0.600000,0.600000,-0.356712,-0.600000,-0.496392,0.212414,0.212414,-0.776872,-0.535085,0.695461,-0.674957,0.600000,0.787013,-0.452778
37,0,0,0,0,stay,1,29,18,1,0.600000,-0.897787,-0.600000,1.000000,-0.600000,-0.600000,-0.757242,-0.650355,-0.600000,-0.650355,-0.897787,0.600000,-0.497642,-0.722415,-0.600000,-0.600000,-0.496392,-0.458980,-0.545015,-0.600000,-0.497642,0.600000,-0.797615,0.650355,-0.797615,-0.845830,-0.600000,-0.547493,0.600000,0.600000,0.766956,0.676053,0.600000,-0.600000,-0.518882,0.647001,0.600000,-0.600000,-0.600000,0.600000,-0.451539,-0.600000,-0.497642,-0.425710,-0.752334,0.610810,-0.694400,-0.624981,-0.291110,0.496392,-0.708205,0.874706,-0.620307,-0.497642,-0.607309,0.600000,-0.600000,0.600000,0.600000,-0.352133,-0.600000,-0.496392,0.204158,0.204158,-0.780325,-0.535085,0.695461,-0.676053,0.600000,0.787013,-0.451539
38,0,0,0,0,N,0,27,19,1,0.600000,-0.901851,-0.600000,1.000000,-0.600000,-0.600000,-0.765429,-0.650355,-0.600000,-0.650355,-0.901851,0.600000,-0.493892,-0.722422,-0.600000,-0.600000,-0.496392,-0.455257,-0.545015,-0.600000,-0.493892,0.600000,-0.800029,0.650355,-0.800029,-0.847780,-0.600000,-0.547493,0.600000,0.600000,0.769630,0.676053,0.600000,-0.600000,-0.518882,0.650421,0.600000,-0.600000,-0.600000,0.600000,-0.451539,-0.600000,-0.493892,-0.425710,-0.752334,0.610810,-0.697577,-0.624981,-0.288021,0.496392,-0.711299,0.877969,-0.623835,-0.493892,-0.610883,0.600000,-0.600000,0.600000,0.600000,-0.348716,-0.600000,-0.496392,0.196933,0.196933,-0.782889,-0.535085,0.695461,-0.676053,0.600000,0.787013,-0.451539
39,1,1,0,0,N,0,25,20,1,0.600000,-0.905770,-0.600000,1.000000,-0.600000,-0.600000,-0.773423,-0.650355,-0.600000,-0.650355,-0.905770,0.600000,-0.490143,-0.732347,-0.600000,-0.600000,-0.496392,-0.446589,-0.545015,-0.600000,-0.490143,0.600000,-0.810241,0.650355,-0.810241,-0.855994,-0.600000,-0.547493,0.600000,0.600000,0.775785,0.676053,0.600000,-0.600000,-0.518882,0.653827,0.600000,-0.600000,-0.600000,0.600000,-0.451539,-0.600000,-0.490143,-0.425710,-0.752334,0.610810,-0.700735,-0.624981,-0.274864,0.496392,-0.718440,0.888317,-0.627351,-0.490143,-0.614444,0.600000,-0.600000,0.600000,0.600000,-0.345314,-0.600000,-0.496392,0.189902,0.189902,-0.793749,-0.535085,0.695461,-0.676053,0.600000,0.787013,-0.451539
40,0,0,0,0,N,0,23,21,1,0.600000,-0.912393,-0.600000,1.000000,-0.600000,-0.600000,-0.776918,-0.650355,-0.600000,-0.650355,-0.912393,0.600000,-0.488893,-0.739162,-0.600000,-0.600000,-0.496392,-0.441650,-0.545015,-0.600000,-0.488893,0.600000,-0.816324,0.650355,-0.816324,-0.866186,-0.600000,-0.547493,0.600000,0.600000,0.779249,0.685838,0.600000,-0.600000,-0.507641,0.654959,0.600000,-0.600000,-0.600000,0.600000,-0.433035,-0.600000,-0.488893,-0.396644,-0.755122,0.617922,-0.701784,-0.635474,-0.258220,0.496392,-0.731423,0.894151,-0.617959,-0.488893,-0.597743,0.600000,-0.600000,0.600000,0.600000,-0.327443,-0.600000,-0.496392,0.177881,0.177881,-0.809675,-0.535085,0.695461,-0.685838,0.600000,0.787013,-0.433035
41,0,0,0,0,stay,1,29,21,1,0.600000,-0.915545,-0.600000,1.000000,-0.600000,-0.600000,-0.782084,-0.650355,-0.600000,-0.650355,-0.915545,0.600000,-0.483897,-0.738204,-0.600000,-0.600000,-0.496392,-0.435493,-0.542534,-0.600000,-0.483897,0.600000,-0.818566,0.650355,-0.818566,-0.868494,-0.600000,-0.547493,0.600000,0.600000,0.783526,0.686916,0.600000,-0.600000,-0.506391,0.659468,0.600000,-0.600000,-0.600000,0.600000,-0.431808,-0.600000,-0.483897,-0.396640,-0.756046,0.615559,-0.705957,-0.634318,-0.254401,0.496392,-0.737284,0.897890,-0.621497,-0.483897,-0.601347,0.600000,-0.600000,0.600000,0.600000,-0.321956,-0.600000,-0.496392,0.172097,0.172097,-0.811980,-0.535085,0.695461,-0.686916,0.600000,0.787013,-0.431808
42,1,0,0,0,N,0,27,22,1,0.600000,-0.918593,-0.600000,1.000000,-0.600000,-0.600000,-0.788833,-0.650355,-0.600000,-0.650355,-0.918593,0.600000,-0.478903,-0.734326,-0.600000,-0.600000,-0.496392,-0.424460,-0.541293,-0.600000,-0.478903,0.600000,-0.818566,0.650355,-0.818566,-0.868494,-0.600000,-0.547493,0.600000,0.600000,0.791072,0.686916,0.600000,-0.600000,-0.506391,0.663948,0.600000,-0.600000,-0.600000,0.600000,-0.431808,-0.600000,-0.478903,-0.397837,-0.756046,0.614376,-0.710096,-0.633158,-0.254401,0.496392,-0.745918,0.901951,-0.626193,-0.478903,-0.606135,0.600000,-0.600000,0.600000,0.600000,-0.317602,-0.600000,-0.496392,0.166463,0.166463,-0.811980,-0.535085,0.695461,-0.686916,0.600000,0.787013,-0.431808
43,0,1,0,0,N,0,25,23,1,0.600000,-0.922621,-0.600000,1.000000,-0.600000,-0.600000,-0.792974,-0.650355,-0.600000,-0.650355,-0.922621,0.600000,-0.478903,-0.744929,-0.600000,-0.600000,-0.496392,-0.424460,-0.541293,-0.600000,-0.478903,0.600000,-0.826605,0.650355,-0.826605,-0.877931,-0.600000,-0.547493,0.600000,0.600000,0.791072,0.693337,0.600000,-0.600000,-0.498892,0.663948,0.600000,-0.600000,-0.600000,0.600000,-0.418362,-0.600000,-0.478903,-0.377642,-0.756046,0.620285,-0.710096,-0.640102,-0.238583,0.496392,-0.751568,0.906718,-0.619149,-0.478903,-0.592937,0.600000,-0.600000,0.600000,0.600000,-0.305792,-0.600000,-0.496392,0.158959,0.158959,-0.828251,-0.535085,0.695461,-0.693337,0.600000,0.787013,-0.418362
44,0,1,0,0,stay,1,29,23,1,0.600000,-0.930133,-0.600000,1.000000,-0.600000,-0.600000,-0.808933,-0.650355,-0.600000,-0.650355,-0.930133,0.600000,-0.478903,-0.765287,-0.600000,-0.600000,-0.496392,-0.424460,-0.541293,-0.600000,-0.478903,0.600000,-0.841834,0.650355,-0.841834,-0.890245,-0.600000,-0.547493,0.600000,0.600000,0.791072,0.695461,0.600000,-0.600000,-0.496392,0.663948,0.600000,-0.600000,-0.600000,0.600000,-0.415930,-0.600000,-0.478903,-0.372949,-0.756046,0.620287,-0.710096,-0.642405,-0.217439,0.496392,-0.753433,0.915632,-0.616790,-0.478903,-0.590522,0.600000,-0.600000,0.600000,0.600000,-0.303671,-0.600000,-0.496392,0.144774,0.144774,-0.844686,-0.535085,0.695461,-0.695461,0.600000,0.787013,-0.415930
45,0,0,0,0,S,0,27,22,1,0.600000,-0.933631,-0.600000,1.000000,-0.600000,-0.600000,-0.817303,-0.650355,-0.600000,-0.650355,-0.933631,0.600000,-0.475161,-0.767088,-0.600000,-0.600000,-0.496392,-0.419580,-0.540052,-0.600000,-0.475161,0.600000,-0.845140,0.650355,-0.845140,-0.892669,-0.600000,-0.547493,0.600000,0.600000,0.794363,0.695461,0.600000,-0.600000,-0.496392,0.667290,0.600000,-0.600000,-0.600000,0.600000,-0.415930,-0.600000,-0.475161,-0.374118,-0.756046,0.619109,-0.713177,-0.641256,-0.213209,0.496392,-0.757134,0.919056,-0.620331,-0.475161,-0.594146,0.600000,-0.600000,0.600000,0.600000,-0.300506,-0.600000,-0.496392,0.138085,0.138085,-0.847943,-0.535085,0.695461,-0.695461,0.600000,0.787013,-0.415930
46,0,1,0,0,N,0,25,23,1,0.600000,-0.936371,-0.600000,1.000000,-0.600000,-0.600000,-0.823937,-0.650355,-0.600000,-0.650355,-0.936371,0.600000,-0.470175,-0.770652,-0.600000,-0.600000,-0.496392,-0.414715,-0.537567,-0.600000,-0.470175,0.600000,-0.850312,0.650355,-0.850312,-0.896449,-0.600000,-0.547493,0.600000,0.600000,0.797615,0.695461,0.600000,-0.600000,-0.496392,0.671719,0.600000,-0.600000,-0.600000,0.600000,-0.415930,-0.600000,-0.470175,-0.376461,-0.756046,0.616749,-0.717255,-0.638954,-0.206567,0.496392,-0.760798,0.923424,-0.625033,-0.470175,-0.598962,0.600000,-0.600000,0.600000,0.600000,-0.296314,-0.600000,-0.496392,0.132806,0.132806,-0.853038,-0.535085,0.695461,-0.695461,0.600000,0.787013,-0.415930
47,0,0,0,1,N,0,23,24,1,0.600000,-0.936966,-0.600000,1.000000,-0.600000,-0.600000,-0.818071,-0.654892,-0.600000,-0.654892,-0.936966,0.600000,-0.468930,-0.770654,-0.600000,-0.600000,-0.485146,-0.414715,-0.537567,-0.600000,-0.468930,0.600000,-0.850948,0.654892,-0.850948,-0.896913,-0.600000,-0.542534,0.600000,0.600000,0.800829,0.695461,0.600000,-0.600000,-0.496392,0.668407,0.600000,-0.600000,-0.600000,0.600000,-0.415930,-0.600000,-0.468930,-0.376461,-0.765161,0.616749,-0.718269,-0.638954,-0.205747,0.485146,-0.752523,0.923777,-0.626205,-0.468930,-0.604955,0.600000,-0.600000,0.600000,0.600000,-0.295272,-0.600000,-0.485146,0.131657,0.131657,-0.847319,-0.527616,0.704917,-0.695461,0.600000,0.802544,-0.415930
48,0,0,0,0,W,0,21,25,1,0.600000,-0.940425,-0.600000,1.000000,-0.600000,-0.600000,-0.815092,-0.656023,-0.600000,-0.656023,-0.940425,0.600000,-0.466440,-0.774179,-0.600000,-0.600000,-0.483897,-0.411078,-0.537567,-0.600000,-0.466440,0.600000,-0.854720,0.656023,-0.854720,-0.902785,-0.600000,-0.541293,0.600000,0.600000,0.804005,0.702830,0.600000,-0.600000,-0.487644,0.669517,0.600000,-0.600000,-0.600000,0.600000,-0.395430,-0.600000,-0.466440,-0.348707,-0.773161,0.628504,-0.720290,-0.646994,-0.195308,0.483897,-0.760826,0.926897,-0.620341,-0.466440,-0.588119,0.600000,-0.600000,0.600000,0.600000,-0.275870,-0.600000,-0.483897,0.124936,0.124936,-0.856182,-0.525123,0.705957,-0.702830,0.600000,0.805701,-0.395430
49,1,1,1,0,W,0,19,26,1,0.600000,-0.943172,-0.600000,1.000000,-0.600000,-0.600000,-0.821054,-0.656023,-0.600000,-0.656023,-0.943172,0.600000,-0.460222,-0.777664,-0.600000,-0.600000,-0.483897,-0.401425,-0.531348,-0.600000,-0.460222,0.600000,-0.860229,0.656023,-0.860229,-0.907519,-0.600000,-0.541293,0.600000,0.600000,0.810241,0.704917,0.600000,-0.600000,-0.485146,0.675030,0.600000,-0.600000,-0.600000,0.600000,-0.393041,-0.600000,-0.460222,-0.349834,-0.773161,0.622654,-0.725305,-0.643566,-0.186791,0.483897,-0.769819,0.932470,-0.623871,-0.460222,-0.591751,0.600000,-0.600000,0.600000,0.600000,-0.268926,-0.600000,-0.483897,0.119561,0.119561,-0.862837,-0.525123,0.705957,-0.704917,0.600000,0.805701,-0.393041
50,0,0,0,0,N,0,17,27,1,0.600000,-0.945799,-0.600000,1.000000,-0.600000,-0.600000,-0.822524,-0.656023,-0.600000,-0.656023,-0.945799,0.600000,-0.458980,-0.781110,-0.600000,-0.600000,-0.483897,-0.399023,-0.531348,-0.600000,-0.458980,0.600000,-0.863213,0.656023,-0.863213,-0.912047,-0.600000,-0.541293,0.600000,0.600000,0.811776,0.711125,0.600000,-0.600000,-0.477656,0.676127,0.600000,-0.600000,-0.600000,0.600000,-0.381172,-0.600000,-0.458980,-0.331839,-0.774913,0.627344,-0.726301,-0.650423,-0.178560,0.483897,-0.776845,0.934648,-0.617990,-0.458980,-0.580841,0.600000,-0.600000,0.600000,0.600000,-0.258236,-0.600000,-0.483897,0.114387,0.114387,-0.870369,-0.525123,0.705957,-0.711125,0.600000,0.805701,-0.381172
51,0,0,0,0,stay,1,29,27,1,0.600000,-0.948065,-0.600000,1.000000,-0.600000,-0.600000,-0.828297,-0.656023,-0.600000,-0.656023,-0.948065,0.600000,-0.455257,-0.781972,-0.600000,-0.600000,-0.483897,-0.393041,-0.530103,-0.600000,-0.455257,0.600000,-0.865562,0.656023,-0.865562,-0.913641,-0.600000,-0.541293,0.600000,0.600000,0.815572,0.711125,0.600000,-0.600000,-0.477656,0.679406,0.600000,-0.600000,-0.600000,0.600000,-0.379992,-0.600000,-0.455257,-0.331837,-0.775785,0.627345,-0.729276,-0.649286,-0.175641,0.483897,-0.781155,0.937354,-0.621527,-0.455257,-0.583276,0.600000,-0.600000,0.600000,0.600000,-0.254419,-0.600000,-0.483897,0.109899,0.109899,-0.872613,-0.525123,0.705957,-0.711125,0.600000,0.805701,-0.379992
52,0,1,0,0,N,0,27,28,1,0.600000,-0.952558,-0.600000,1.000000,-0.600000,-0.600000,-0.841411,-0.656023,-0.600000,-0.656023,-0.952558,0.600000,-0.454017,-0.797757,-0.600000,-0.600000,-0.483897,-0.391848,-0.528858,-0.600000,-0.454017,0.600000,-0.876799,0.656023,-0.876799,-0.921227,-0.600000,-0.541293,0.600000,0.600000,0.816324,0.711125,0.600000,-0.600000,-0.477656,0.680495,0.600000,-0.600000,-0.600000,0.600000,-0.379992,-0.600000,-0.454017,-0.332946,-0.775785,0.626177,-0.730263,-0.648148,-0.161605,0.483897,-0.782009,0.943258,-0.622703,-0.454017,-0.584491,0.600000,-0.600000,0.600000,0.600000,-0.253471,-0.600000,-0.483897,0.100927,0.100927,-0.883341,-0.525123,0.705957,-0.711125,0.600000,0.805701,-0.379992
53,0,0,0,0,S,0,25,27,1,0.600000,-0.954772,-0.600000,1.000000,-0.600000,-0.600000,-0.847981,-0.656023,-0.600000,-0.656023,-0.954772,0.600000,-0.450300,-0.798571,-0.600000,-0.600000,-0.483897,-0.388277,-0.528858,-0.600000,-0.450300,0.600000,-0.878947,0.656023,-0.878947,-0.922669,-0.600000,-0.541293,0.600000,0.600000,0.818566,0.711125,0.600000,-0.600000,-0.477656,0.683750,0.600000,-0.600000,-0.600000,0.600000,-0.379992,-0.600000,-0.450300,-0.332946,-0.775785,0.626177,-0.733211,-0.648148,-0.158909,0.483897,-0.784559,0.945110,-0.626223,-0.450300,-0.588131,0.600000,-0.600000,0.600000,0.600000,-0.250639,-0.600000,-0.483897,0.096471,0.096471,-0.885390,-0.525123,0.705957,-0.711125,0.600000,0.805701,-0.379992
54,0,1,0,0,N,0,23,28,1,0.600000,-0.959105,-0.600000,1.000000,-0.600000,-0.600000,-0.861050,-0.656023,-0.600000,-0.656023,-0.959105,0.600000,-0.450300,-0.814957,-0.600000,-0.600000,-0.483897,-0.388277,-0.528858,-0.600000,-0.450300,0.600000,-0.889702,0.656023,-0.889702,-0.929851,-0.600000,-0.541293,0.600000,0.600000,0.818566,0.711125,0.600000,-0.600000,-0.477656,0.683750,0.600000,-0.600000,-0.600000,0.600000,-0.379992,-0.600000,-0.450300,-0.332946,-0.775785,0.626177,-0.733211,-0.648148,-0.145350,0.483897,-0.784559,0.950320,-0.626223,-0.450300,-0.588131,0.600000,-0.600000,0.600000,0.600000,-0.250639,-0.600000,-0.483897,0.087681,0.087681,-0.895641,-0.525123,0.705957,-0.711125,0.600000,0.805701,-0.379992
55,0,0,0,0,E,0,21,27,1,0.600000,-0.962500,-0.600000,1.000000,-0.600000,-0.600000,-0.862847,-0.656023,-0.600000,-0.656023,-0.962500,0.600000,-0.447826,-0.821662,-0.600000,-0.600000,-0.483897,-0.382353,-0.527612,-0.600000,-0.447826,0.600000,-0.894995,0.656023,-0.894995,-0.936117,-0.600000,-0.541293,0.600000,0.600000,0.822256,0.720290,0.600000,-0.600000,-0.466440,0.685911,0.600000,-0.600000,-0.600000,0.600000,-0.360168,-0.600000,-0.447826,-0.305749,-0.780967,0.634341,-0.735165,-0.657223,-0.133335,0.483897,-0.796174,0.953977,-0.618000,-0.447826,-0.569860,0.600000,-0.600000,0.600000,0.600000,-0.233198,-0.600000,-0.483897,0.080730,0.080730,-0.905513,-0.525123,0.705957,-0.720290,0.600000,0.805701,-0.360168
56,0,1,0,0,W,0,19,28,1,0.600000,-0.966119,-0.600000,1.000000,-0.600000,-0.600000,-0.874827,-0.656023,-0.600000,-0.656023,-0.966119,0.600000,-0.447826,-0.836556,-0.600000,-0.600000,-0.483897,-0.382353,-0.527612,-0.600000,-0.447826,0.600000,-0.904480,0.656023,-0.904480,-0.942128,-0.600000,-0.541293,0.600000,0.600000,0.822256,0.720290,0.600000,-0.600000,-0.466440,0.685911,0.600000,-0.600000,-0.600000,0.600000,-0.360168,-0.600000,-0.447826,-0.305749,-0.780967,0.634341,-0.735165,-0.657223,-0.121641,0.483897,-0.796174,0.958383,-0.618000,-0.447826,-0.569860,0.600000,-0.600000,0.600000,0.600000,-0.233198,-0.600000,-0.483897,0.073258,0.073258,-0.914139,-0.525123,0.705957,-0.720290,0.600000,0.805701,-0.360168
57,0,0,0,0,E,0,17,27,1,0.600000,-0.969251,-0.600000,1.000000,-0.600000,-0.600000,-0.878088,-0.656023,-0.600000,-0.656023,-0.969251,0.600000,-0.442884,-0.841302,-0.600000,-0.600000,-0.483897,-0.375289,-0.526366,-0.600000,-0.442884,0.600000,-0.909136,0.656023,-0.909136,-0.947360,-0.600000,-0.541293,0.600000,0.600000,0.826605,0.729276,0.600000,-0.600000,-0.455257,0.690207,0.600000,-0.600000,-0.600000,0.600000,-0.343059,-0.600000,-0.442884,-0.281861,-0.785219,0.640129,-0.739045,-0.666186,-0.111330,0.483897,-0.808098,0.961657,-0.612085,-0.442884,-0.556336,0.600000,-0.600000,0.600000,0.600000,-0.216618,-0.600000,-0.483897,0.066738,0.066738,-0.922055,-0.525123,0.705957,-0.729276,0.600000,0.805701,-0.343059
58,0,1,0,0,W,0,15,28,1,0.600000,-0.972238,-0.600000,1.000000,-0.600000,-0.600000,-0.888909,-0.656023,-0.600000,-0.656023,-0.972238,0.600000,-0.442884,-0.854847,-0.600000,-0.600000,-0.483897,-0.375289,-0.526366,-0.600000,-0.442884,0.600000,-0.917462,0.656023,-0.917462,-0.952368,-0.600000,-0.541293,0.600000,0.600000,0.826605,0.729276,0.600000,-0.600000,-0.455257,0.690207,0.600000,-0.600000,-0.600000,0.600000,-0.343059,-0.600000,-0.442884,-0.281861,-0.785219,0.640129,-0.739045,-0.666186,-0.101339,0.483897,-0.808098,0.965354,-0.612085,-0.442884,-0.556336,0.600000,-0.600000,0.600000,0.600000,-0.216618,-0.600000,-0.483897,0.060475,0.060475,-0.929290,-0.525123,0.705957,-0.729276,0.600000,0.805701,-0.343059
59,1,0,0,1,N,0,13,29,1,0.600000,-0.972641,-0.600000,1.000000,-0.600000,-0.600000,-0.885416,-0.660525,-0.600000,-0.660525,-0.972641,0.600000,-0.441650,-0.854849,-0.600000,-0.600000,-0.475161,-0.374117,-0.526366,-0.600000,-0.441650,0.600000,-0.917840,0.660525,-0.917840,-0.952595,-0.600000,-0.536324,0.600000,0.600000,0.830165,0.729276,0.600000,-0.600000,-0.455257,0.686996,0.600000,-0.600000,-0.600000,0.600000,-0.343059,-0.600000,-0.441650,-0.281861,-0.793544,0.640129,-0.740009,-0.666186,-0.100883,0.475161,-0.803410,0.965688,-0.613272,-0.441650,-0.562500,0.600000,-0.600000,0.600000,0.600000,-0.215769,-0.600000,-0.475161,0.059627,0.059627,-0.926283,-0.518886,0.713177,-0.729276,0.600000,0.817950,-0.343059
60,0,1,0,0,S,0,11,28,1,0.600000,-0.974572,-0.600000,1.000000,-0.600000,-0.600000,-0.891381,-0.662766,-0.600000,-0.662766,-0.974572,0.600000,-0.440417,-0.864514,-0.600000,-0.600000,-0.475161,-0.372946,-0.525119,-0.600000,-0.440417,0.600000,-0.924039,0.662766,-0.924039,-0.956297,-0.600000,-0.533837,0.600000,0.600000,0.832273,0.729276,0.600000,-0.600000,-0.455257,0.685923,0.600000,-0.600000,-0.600000,0.600000,-0.343059,-0.600000,-0.440417,-0.282873,-0.795994,0.638977,-0.740971,-0.665074,-0.093416,0.475161,-0.804199,0.968555,-0.614458,-0.440417,-0.566189,0.600000,-0.600000,0.600000,0.600000,-0.214923,-0.600000,-0.475161,0.055549,0.055549,-0.930935,-0.517638,0.713177,-0.729276,0.600000,0.820176,-0.343059
61,1,0,0,1,N,0,9,29,1,0.600000,-0.975307,-0.600000,1.000000,-0.600000,-0.600000,-0.885959,-0.668335,-0.600000,-0.668335,-0.975307,0.600000,-0.437954,-0.864518,-0.600000,-0.600000,-0.461465,-0.369443,-0.525119,-0.600000,-0.437954,0.600000,-0.924740,0.668335,-0.924740,-0.957127,-0.600000,-0.527612,0.600000,0.600000,0.837791,0.731248,0.600000,-0.600000,-0.452778,0.682689,0.600000,-0.600000,-0.600000,0.600000,-0.343059,-0.600000,-0.437954,-0.280846,-0.807921,0.636668,-0.742888,-0.667300,-0.091733,0.461465,-0.799444,0.969310,-0.614460,-0.437954,-0.574768,0.600000,-0.600000,0.600000,0.600000,-0.213238,-0.600000,-0.461465,0.053993,0.053993,-0.926648,-0.506396,0.724306,-0.731248,0.600000,0.837927,-0.343059
62,0,0,0,1,W,0,7,30,1,0.600000,-0.976485,-0.600000,1.000000,-0.600000,-0.600000,-0.880831,-0.669443,-0.600000,-0.669443,-0.976485,0.600000,-0.433035,-0.864526,-0.600000,-0.600000,-0.451539,-0.369443,-0.525119,-0.600000,-0.433035,0.600000,-0.926123,0.669443,-0.926123,-0.959137,-0.600000,-0.526366,0.600000,0.600000,0.838471,0.737110,0.600000,-0.600000,-0.445354,0.685935,0.600000,-0.600000,-0.600000,0.600000,-0.325248,-0.600000,-0.433035,-0.259136,-0.818566,0.648162,-0.746695,-0.673932,-0.087643,0.451539,-0.797848,0.969901,-0.612090,-0.433035,-0.561279,0.600000,-0.600000,0.600000,0.600000,-0.196910,-0.600000,-0.451539,0.051489,0.051489,-0.928668,-0.502646,0.732231,-0.737110,0.600000,0.845929,-0.325248
63,0,0,0,1,stay,1,29,30,1,0.600000,-0.976714,-0.600000,1.000000,-0.600000,-0.600000,-0.876578,-0.672757,-0.600000,-0.672757,-0.976714,0.600000,-0.433035,-0.864526,-0.600000,-0.600000,-0.442884,-0.369443,-0.525119,-0.600000,-0.433035,0.600000,-0.926123,0.672757,-0.926123,-0.959137,-0.600000,-0.522625,0.600000,0.600000,0.840496,0.737110,0.600000,-0.600000,-0.445354,0.682697,0.600000,-0.600000,-0.600000,0.600000,-0.324151,-0.600000,-0.433035,-0.258176,-0.825886,0.649302,-0.746695,-0.673932,-0.087643,0.442884,-0.792153,0.969901,-0.612090,-0.433035,-0.563741,0.600000,-0.600000,0.600000,0.600000,-0.196119,-0.600000,-0.442884,0.051002,0.051002,-0.925635,-0.495146,0.739045,-0.737110,0.600000,0.856100,-0.324151
64,1,0,1,0,W,0,27,31,1,0.600000,-0.977827,-0.600000,1.000000,-0.600000,-0.600000,-0.877666,-0.673858,-0.600000,-0.673858,-0.977827,0.600000,-0.426906,-0.862171,-0.600000,-0.600000,-0.441650,-0.357865,-0.517634,-0.600000,-0.426906,0.600000,-0.926465,0.673858,-0.926465,-0.960109,-0.600000,-0.521378,0.600000,0.600000,0.847744,0.740971,0.600000,-0.600000,-0.440417,0.687020,0.600000,-0.600000,-0.600000,0.600000,-0.317607,-0.600000,-0.426906,-0.254351,-0.828748,0.644738,-0.751400,-0.671740,-0.085659,0.441650,-0.802679,0.971470,-0.613279,-0.426906,-0.563745,0.600000,-0.600000,0.600000,0.600000,-0.187577,-0.600000,-0.441650,0.048631,0.048631,-0.926666,-0.492647,0.740009,-0.740971,0.600000,0.858553,-0.317607
65,1,0,1,0,stay,1,29,31,1,0.600000,-0.978785,-0.600000,1.000000,-0.600000,-0.600000,-0.881906,-0.673858,-0.600000,-0.673858,-0.978785,0.600000,-0.422018,-0.859782,-0.600000,-0.600000,-0.441650,-0.346450,-0.508891,-0.600000,-0.422018,0.600000,-0.926465,0.673858,-0.926465,-0.960109,-0.600000,-0.521378,0.600000,0.600000,0.854097,0.740971,0.600000,-0.600000,-0.440417,0.691308,0.600000,-0.600000,-0.600000,0.600000,-0.316524,-0.600000,-0.422018,-0.260075,-0.829457,0.637841,-0.755122,-0.663983,-0.085659,0.441650,-0.810490,0.972827,-0.618014,-0.422018,-0.567432,0.600000,-0.600000,0.600000,0.600000,-0.183791,-0.600000,-0.441650,0.046586,0.046586,-0.926666,-0.492647,0.740009,-0.740971,0.600000,0.858553,-0.316524
66,0,0,0,1,N,0,27,32,1,0.600000,-0.980096,-0.600000,1.000000,-0.600000,-0.600000,-0.880875,-0.673858,-0.600000,-0.673858,-0.980096,0.600000,-0.418362,-0.860992,-0.600000,-0.600000,-0.434264,-0.345318,-0.507641,-0.600000,-0.418362,0.600000,-0.928154,0.673858,-0.928154,-0.961984,-0.600000,-0.521378,0.600000,0.600000,0.854720,0.745746,0.600000,-0.600000,-0.434264,0.694503,0.600000,-0.600000,-0.600000,0.600000,-0.300511,-0.600000,-0.418362,-0.242181,-0.836426,0.648181,-0.757888,-0.668436,-0.081815,0.434264,-0.810502,0.973611,-0.615652,-0.418362,-0.552655,0.600000,-0.600000,0.600000,0.600000,-0.170647,-0.600000,-0.434264,0.043776,0.043776,-0.930001,-0.492647,0.745746,-0.745746,0.600000,0.862163,-0.300511
67,0,1,0,1,E,0,25,31,1,0.600000,-0.980769,-0.600000,1.000000,-0.600000,-0.600000,-0.882449,-0.674957,-0.600000,-0.674957,-0.980769,0.600000,-0.412289,-0.862782,-0.600000,-0.600000,-0.424460,-0.345318,-0.507641,-0.600000,-0.412289,0.600000,-0.930781,0.674957,-0.930781,-0.963600,-0.600000,-0.520130,0.600000,0.600000,0.855341,0.746695,0.600000,-0.600000,-0.433035,0.698736,0.600000,-0.600000,-0.600000,0.600000,-0.299460,-0.600000,-0.412289,-0.240346,-0.838471,0.648181,-0.762452,-0.669544,-0.078491,0.424460,-0.805077,0.974621,-0.620376,-0.412289,-0.558829,0.600000,-0.600000,0.600000,0.600000,-0.166434,-0.600000,-0.424460,0.042331,0.042331,-0.931933,-0.492647,0.753265,-0.746695,0.600000,0.867434,-0.299460
68,0,0,0,0,S,0,23,29,1,0.600000,-0.981782,-0.600000,1.000000,-0.600000,-0.600000,-0.888046,-0.674957,-0.600000,-0.674957,-0.981782,0.600000,-0.408658,-0.863381,-0.600000,-0.600000,-0.424460,-0.340807,-0.506391,-0.600000,-0.408658,0.600000,-0.932062,0.674957,-0.932062,-0.964297,-0.600000,-0.520130,0.600000,0.600000,0.857802,0.746695,0.600000,-0.600000,-0.433035,0.701887,0.600000,-0.600000,-0.600000,0.600000,-0.299460,-0.600000,-0.408658,-0.241259,-0.838471,0.647041,-0.765161,-0.668438,-0.077053,0.424460,-0.808201,0.975596,-0.623904,-0.408658,-0.562525,0.600000,-0.600000,0.600000,0.600000,-0.164360,-0.600000,-0.424460,0.040152,0.040152,-0.933193,-0.492647,0.753265,-0.746695,0.600000,0.867434,-0.299460
69,0,0,0,0,N,0,21,28,1,0.600000,-0.982572,-0.600000,1.000000,-0.600000,-0.600000,-0.892450,-0.674957,-0.600000,-0.674957,-0.982572,0.600000,-0.406242,-0.864562,-0.600000,-0.600000,-0.424460,-0.336325,-0.506391,-0.600000,-0.406242,0.600000,-0.933320,0.674957,-0.933320,-0.964980,-0.600000,-0.520130,0.600000,0.600000,0.860229,0.746695,0.600000,-0.600000,-0.433035,0.703977,0.600000,-0.600000,-0.600000,0.600000,-0.299460,-0.600000,-0.406242,-0.241259,-0.838471,0.647041,-0.766956,-0.668438,-0.075640,0.424460,-0.811287,0.976535,-0.626249,-0.406242,-0.564985,0.600000,-0.600000,0.600000,0.600000,-0.162989,-0.600000,-0.424460,0.038449,0.038449,-0.934432,-0.492647,0.753265,-0.746695,0.600000,0.867434,-0.299460
70,0,0,0,0,N,0,19,27,1,0.600000,-0.983409,-0.600000,1.000000,-0.600000,-0.600000,-0.897165,-0.674957,-0.600000,-0.674957,-0.983409,0.600000,-0.402628,-0.865154,-0.600000,-0.600000,-0.424460,-0.332982,-0.506391,-0.600000,-0.402628,0.600000,-0.934556,0.674957,-0.934556,-0.965652,-0.600000,-0.520130,0.600000,0.600000,0.862026,0.746695,0.600000,-0.600000,-0.433035,0.707097,0.600000,-0.600000,-0.600000,0.600000,-0.299460,-0.600000,-0.402628,-0.241259,-0.838471,0.647041,-0.769630,-0.668438,-0.074250,0.424460,-0.813576,0.977327,-0.629756,-0.402628,-0.568669,0.600000,-0.600000,0.600000,0.600000,-0.160949,-0.600000,-0.424460,0.036639,0.036639,-0.935650,-0.492647,0.753265,-0.746695,0.600000,0.867434,-0.299460
71,0,0,0,0,N,0,17,26,1,0.600000,-0.984208,-0.600000,1.000000,-0.600000,-0.600000,-0.901696,-0.674957,-0.600000,-0.674957,-0.984208,0.600000,-0.399023,-0.865161,-0.600000,-0.600000,-0.424460,-0.329656,-0.505142,-0.600000,-0.399023,0.600000,-0.935470,0.674957,-0.935470,-0.966147,-0.600000,-0.520130,0.600000,0.600000,0.863804,0.746695,0.600000,-0.600000,-0.433035,0.710197,0.600000,-0.600000,-0.600000,0.600000,-0.299460,-0.600000,-0.399023,-0.242174,-0.838471,0.645899,-0.772282,-0.667330,-0.073224,0.424460,-0.815844,0.977985,-0.633249,-0.399023,-0.572346,0.600000,-0.600000,0.600000,0.600000,-0.158931,-0.600000,-0.424460,0.034910,0.034910,-0.936549,-0.492647,0.753265,-0.746695,0.600000,0.867434,-0.299460
72,0,1,0,0,N,0,15,25,1,0.600000,-0.985763,-0.600000,1.000000,-0.600000,-0.600000,-0.910636,-0.674957,-0.600000,-0.674957,-0.985763,0.600000,-0.399023,-0.876968,-0.600000,-0.600000,-0.424460,-0.329656,-0.505142,-0.600000,-0.399023,0.600000,-0.941539,0.674957,-0.941539,-0.969425,-0.600000,-0.520130,0.600000,0.600000,0.863804,0.746695,0.600000,-0.600000,-0.433035,0.710197,0.600000,-0.600000,-0.600000,0.600000,-0.299460,-0.600000,-0.399023,-0.242174,-0.838471,0.645899,-0.772282,-0.667330,-0.066396,0.424460,-0.815844,0.980141,-0.633249,-0.399023,-0.572346,0.600000,-0.600000,0.600000,0.600000,-0.158931,-0.600000,-0.424460,0.031533,0.031533,-0.942522,-0.492647,0.753265,-0.746695,0.600000,0.867434,-0.299460
73,0,1,0,0,stay,0,14,25,1,0.600000,-0.987230,-0.600000,1.000000,-0.600000,-0.600000,-0.919210,-0.674957,-0.600000,-0.674957,-0.987230,0.600000,-0.399023,-0.888374,-0.600000,-0.600000,-0.424460,-0.329656,-0.505142,-0.600000,-0.399023,0.600000,-0.947320,0.674957,-0.947320,-0.972530,-0.600000,-0.520130,0.600000,0.600000,0.863804,0.746695,0.600000,-0.600000,-0.433035,0.710197,0.600000,-0.600000,-0.600000,0.600000,-0.299460,-0.600000,-0.399023,-0.242174,-0.838471,0.645899,-0.772282,-0.667330,-0.059880,0.424460,-0.815844,0.982177,-0.633249,-0.399023,-0.572346,0.600000,-0.600000,0.600000,0.600000,-0.158931,-0.600000,-0.424460,0.028334,0.028334,-0.948211,-0.492647,0.753265,-0.746695,0.600000,0.867434,-0.299460
74,0,0,0,0,N,0,12,24,1,0.600000,-0.987967,-0.600000,1.000000,-0.600000,-0.600000,-0.923564,-0.674957,-0.600000,-0.674957,-0.987967,0.600000,-0.395430,-0.889369,-0.600000,-0.600000,-0.424460,-0.324151,-0.503892,-0.600000,-0.395430,0.600000,-0.948556,0.674957,-0.948556,-0.973191,-0.600000,-0.520130,0.600000,0.600000,0.866723,0.746695,0.600000,-0.600000,-0.433035,0.713278,0.600000,-0.600000,-0.600000,0.600000,-0.299460,-0.600000,-0.395430,-0.243092,-0.838471,0.644755,-0.774913,-0.666220,-0.058485,0.424460,-0.819576,0.983035,-0.636728,-0.395430,-0.576015,0.600000,-0.600000,0.600000,0.600000,-0.156932,-0.600000,-0.424460,0.026724,0.026724,-0.949428,-0.492647,0.753265,-0.746695,0.600000,0.867434,-0.299460
75,1,1,0,0,N,0,10,23,1,0.600000,-0.988434,-0.600000,1.000000,-0.600000,-0.600000,-0.926346,-0.674957,-0.600000,-0.674957,-0.988434,0.600000,-0.389466,-0.891331,-0.600000,-0.600000,-0.424460,-0.318693,-0.503892,-0.600000,-0.389466,0.600000,-0.950713,0.674957,-0.950713,-0.974343,-0.600000,-0.520130,0.600000,0.600000,0.869590,0.746695,0.600000,-0.600000,-0.433035,0.718369,0.600000,-0.600000,-0.600000,0.600000,-0.299460,-0.600000,-0.389466,-0.243092,-0.838471,0.644755,-0.779249,-0.666220,-0.056051,0.424460,-0.823249,0.984169,-0.642494,-0.389466,-0.582111,0.600000,-0.600000,0.600000,0.600000,-0.153647,-0.600000,-0.424460,0.025701,0.025701,-0.951550,-0.492647,0.753265,-0.746695,0.600000,0.867434,-0.299460
76,0,1,0,1,N,0,8,22,1,0.600000,-0.988939,-0.600000,1.000000,-0.600000,-0.600000,-0.928037,-0.674957,-0.600000,-0.674957,-0.988939,0.600000,-0.385903,-0.894686,-0.600000,-0.600000,-0.419580,-0.317607,-0.503892,-0.600000,-0.385903,0.600000,-0.953009,0.674957,-0.953009,-0.975924,-0.600000,-0.520130,0.600000,0.600000,0.870157,0.749525,0.600000,-0.600000,-0.429355,0.721397,0.600000,-0.600000,-0.600000,0.600000,-0.294237,-0.600000,-0.385903,-0.235796,-0.839148,0.647048,-0.781822,-0.669550,-0.052700,0.419580,-0.823259,0.985006,-0.642498,-0.385903,-0.579680,0.600000,-0.600000,0.600000,0.600000,-0.148509,-0.600000,-0.419580,0.024595,0.024595,-0.954688,-0.492647,0.756968,-0.749525,0.600000,0.869721,-0.294237
77,0,1,0,1,stay,1,29,22,1,0.600000,-0.989474,-0.600000,1.000000,-0.600000,-0.600000,-0.930992,-0.674957,-0.600000,-0.674957,-0.989474,0.600000,-0.381172,-0.897484,-0.600000,-0.600000,-0.409867,-0.317607,-0.503892,-0.600000,-0.381172,0.600000,-0.955203,0.674957,-0.955203,-0.977186,-0.600000,-0.520130,0.600000,0.600000,0.870157,0.750463,0.600000,-0.600000,-0.428130,0.725403,0.600000,-0.600000,-0.600000,0.600000,-0.293198,-0.600000,-0.381172,-0.233994,-0.839148,0.647048,-0.785219,-0.670656,-0.050014,0.409867,-0.818119,0.985728,-0.645940,-0.381172,-0.583333,0.600000,-0.600000,0.600000,0.600000,-0.145370,-0.600000,-0.409867,0.023421,0.023421,-0.957015,-0.492647,0.764261,-0.750463,0.600000,0.874195,-0.293198
78,0,0,0,0,N,0,27,21,1,0.600000,-0.989933,-0.600000,1.000000,-0.600000,-0.600000,-0.933833,-0.674957,-0.600000,-0.674957,-0.989933,0.600000,-0.377638,-0.897490,-0.600000,-0.600000,-0.409867,-0.314362,-0.503892,-0.600000,-0.377638,0.600000,-0.955842,0.674957,-0.955842,-0.977519,-0.600000,-0.520130,0.600000,0.600000,0.871846,0.750463,0.600000,-0.600000,-0.428130,0.728384,0.600000,-0.600000,-0.600000,0.600000,-0.293198,-0.600000,-0.377638,-0.233994,-0.839148,0.647048,-0.787742,-0.670656,-0.049304,0.409867,-0.820344,0.986146,-0.649365,-0.377638,-0.586976,0.600000,-0.600000,0.600000,0.600000,-0.143513,-0.600000,-0.409867,0.022411,0.022411,-0.957629,-0.492647,0.764261,-0.750463,0.600000,0.874195,-0.293198
79,0,0,0,1,N,0,25,20,1,0.600000,-0.990082,-0.600000,1.000000,-0.600000,-0.600000,-0.931007,-0.679333,-0.600000,-0.679333,-0.990082,0.600000,-0.376463,-0.897030,-0.600000,-0.600000,-0.400224,-0.314362,-0.503892,-0.600000,-0.376463,0.600000,-0.955842,0.679333,-0.955842,-0.977629,-0.600000,-0.515137,0.600000,0.600000,0.874068,0.751400,0.600000,-0.600000,-0.426906,0.725412,0.600000,-0.600000,-0.600000,0.600000,-0.291128,-0.600000,-0.376463,-0.231312,-0.846447,0.648191,-0.788578,-0.671761,-0.049070,0.400224,-0.815139,0.986146,-0.649367,-0.376463,-0.590609,0.600000,-0.600000,0.600000,0.600000,-0.141675,-0.600000,-0.400224,0.022084,0.022084,-0.955770,-0.483901,0.771400,-0.751400,0.600000,0.884309,-0.291128
80,0,0,0,0,E,0,23,19,1,0.600000,-0.990516,-0.600000,1.000000,-0.600000,-0.600000,-0.933230,-0.679333,-0.600000,-0.679333,-0.990516,0.600000,-0.372946,-0.897497,-0.600000,-0.600000,-0.400224,-0.311135,-0.503892,-0.600000,-0.372946,0.600000,-0.956680,0.679333,-0.956680,-0.978171,-0.600000,-0.515137,0.600000,0.600000,0.875713,0.752334,0.600000,-0.600000,-0.425683,0.728393,0.600000,-0.600000,-0.600000,0.600000,-0.290096,-0.600000,-0.372946,-0.229534,-0.847096,0.648191,-0.791072,-0.672863,-0.047913,0.400224,-0.818138,0.986618,-0.651644,-0.372946,-0.593027,0.600000,-0.600000,0.600000,0.600000,-0.139256,-0.600000,-0.400224,0.021131,0.021131,-0.956609,-0.483901,0.771400,-0.752334,0.600000,0.884309,-0.290096
81,0,0,0,0,N,0,21,18,1,0.600000,-0.991020,-0.600000,1.000000,-0.600000,-0.600000,-0.936584,-0.679333,-0.600000,-0.679333,-0.991020,0.600000,-0.369443,-0.897963,-0.600000,-0.600000,-0.400224,-0.307927,-0.503892,-0.600000,-0.369443,0.600000,-0.957503,0.679333,-0.957503,-0.978595,-0.600000,-0.515137,0.600000,0.600000,0.877339,0.752334,0.600000,-0.600000,-0.425683,0.731354,0.600000,-0.600000,-0.600000,0.600000,-0.290096,-0.600000,-0.369443,-0.229534,-0.847096,0.648191,-0.793544,-0.672863,-0.047006,0.400224,-0.820363,0.987075,-0.655044,-0.369443,-0.596644,0.600000,-0.600000,0.600000,0.600000,-0.137465,-0.600000,-0.400224,0.020020,0.020020,-0.957434,-0.483901,0.771400,-0.752334,0.600000,0.884309,-0.290096
82,0,0,0,0,N,0,19,17,1,0.600000,-0.991412,-0.600000,1.000000,-0.600000,-0.600000,-0.939210,-0.679333,-0.600000,-0.679333,-0.991412,0.600000,-0.365953,-0.897968,-0.600000,-0.600000,-0.400224,-0.304736,-0.503892,-0.600000,-0.365953,0.600000,-0.958111,0.679333,-0.958111,-0.978908,-0.600000,-0.515137,0.600000,0.600000,0.878947,0.752334,0.600000,-0.600000,-0.425683,0.734294,0.600000,-0.600000,-0.600000,0.600000,-0.290096,-0.600000,-0.365953,-0.229534,-0.847096,0.648191,-0.795994,-0.672863,-0.046338,0.400224,-0.822566,0.987454,-0.658428,-0.365953,-0.600250,0.600000,-0.600000,0.600000,0.600000,-0.135693,-0.600000,-0.400224,0.019154,0.019154,-0.958042,-0.483901,0.771400,-0.752334,0.600000,0.884309,-0.290096
83,0,0,0,0,N,0,17,16,1,0.600000,-0.992029,-0.600000,1.000000,-0.600000,-0.600000,-0.943363,-0.679333,-0.600000,-0.679333,-0.992029,0.600000,-0.362477,-0.899342,-0.600000,-0.600000,-0.400224,-0.299460,-0.503892,-0.600000,-0.362477,0.600000,-0.959301,0.679333,-0.959301,-0.979520,-0.600000,-0.515137,0.600000,0.600000,0.881587,0.752334,0.600000,-0.600000,-0.425683,0.737214,0.600000,-0.600000,-0.600000,0.600000,-0.290096,-0.600000,-0.362477,-0.229534,-0.847096,0.648191,-0.798422,-0.672863,-0.045027,0.400224,-0.826191,0.988120,-0.661796,-0.362477,-0.603846,0.600000,-0.600000,0.600000,0.600000,-0.133940,-0.600000,-0.400224,0.017791,0.017791,-0.959234,-0.483901,0.771400,-0.752334,0.600000,0.884309,-0.290096
84,0,0,0,0,N,0,15,15,1,0.600000,-0.992454,-0.600000,1.000000,-0.600000,-0.600000,-0.946237,-0.679333,-0.600000,-0.679333,-0.992454,0.600000,-0.359016,-0.899801,-0.600000,-0.600000,-0.400224,-0.295277,-0.503892,-0.600000,-0.359016,0.600000,-0.960077,0.679333,-0.960077,-0.979918,-0.600000,-0.515137,0.600000,0.600000,0.883663,0.752334,0.600000,-0.600000,-0.425683,0.740113,0.600000,-0.600000,-0.600000,0.600000,-0.290096,-0.600000,-0.359016,-0.229534,-0.847096,0.648191,-0.800829,-0.672863,-0.044173,0.400224,-0.829049,0.988583,-0.665148,-0.359016,-0.607430,0.600000,-0.600000,0.600000,0.600000,-0.132206,-0.600000,-0.400224,0.016853,0.016853,-0.960011,-0.483901,0.771400,-0.752334,0.600000,0.884309,-0.290096
85,0,0,0,0,N,0,13,14,1,0.600000,-0.992926,-0.600000,1.000000,-0.600000,-0.600000,-0.949456,-0.679333,-0.600000,-0.679333,-0.992926,0.600000,-0.355569,-0.900706,-0.600000,-0.600000,-0.400224,-0.291128,-0.503892,-0.600000,-0.355569,0.600000,-0.961026,0.679333,-0.961026,-0.980405,-0.600000,-0.515137,0.600000,0.600000,0.885707,0.752334,0.600000,-0.600000,-0.425683,0.742991,0.600000,-0.600000,-0.600000,0.600000,-0.290096,-0.600000,-0.355569,-0.229534,-0.847096,0.648191,-0.803215,-0.672863,-0.043127,0.400224,-0.831870,0.989082,-0.668483,-0.355569,-0.611003,0.600000,-0.600000,0.600000,0.600000,-0.130492,-0.600000,-0.400224,0.015807,0.015807,-0.960962,-0.483901,0.771400,-0.752334,0.600000,0.884309,-0.290096
86,1,1,0,1,N,0,11,13,1,0.600000,-0.993169,-0.600000,1.000000,-0.600000,-0.600000,-0.951114,-0.679333,-0.600000,-0.679333,-0.993169,0.600000,-0.348720,-0.900716,-0.600000,-0.600000,-0.393041,-0.284970,-0.503892,-0.600000,-0.348720,0.600000,-0.962137,0.679333,-0.962137,-0.980975,-0.600000,-0.515137,0.600000,0.600000,0.888715,0.752334,0.600000,-0.600000,-0.425683,0.748685,0.600000,-0.600000,-0.600000,0.600000,-0.290096,-0.600000,-0.348720,-0.229534,-0.847096,0.648191,-0.807921,-0.672863,-0.041903,0.393041,-0.831870,0.989714,-0.675103,-0.348720,-0.618113,0.600000,-0.600000,0.600000,0.600000,-0.127119,-0.600000,-0.393041,0.015270,0.015270,-0.962075,-0.483901,0.776655,-0.752334,0.600000,0.887349,-0.290096
87,1,1,0,1,N,0,9,12,1,0.600000,-0.993533,-0.600000,1.000000,-0.600000,-0.600000,-0.950654,-0.681509,-0.600000,-0.681509,-0.993533,0.600000,-0.341932,-0.903381,-0.600000,-0.600000,-0.383535,-0.276881,-0.502642,-0.600000,-0.341932,0.600000,-0.964268,0.681509,-0.964268,-0.982502,-0.600000,-0.512639,0.600000,0.600000,0.893574,0.756968,0.600000,-0.600000,-0.419580,0.752436,0.600000,-0.600000,-0.600000,0.600000,-0.282934,-0.600000,-0.341932,-0.219935,-0.852215,0.649336,-0.812540,-0.677256,-0.038612,0.383535,-0.835350,0.990688,-0.676204,-0.341932,-0.619303,0.600000,-0.600000,0.600000,0.600000,-0.120067,-0.600000,-0.383535,0.014463,0.014463,-0.964040,-0.480155,0.783526,-0.756968,0.600000,0.893702,-0.282934
88,1,1,0,1,stay,1,29,12,1,0.600000,-0.993629,-0.600000,1.000000,-0.600000,-0.600000,-0.948991,-0.684759,-0.600000,-0.684759,-0.993629,0.600000,-0.340807,-0.905546,-0.600000,-0.600000,-0.376463,-0.274881,-0.502642,-0.600000,-0.340807,0.600000,-0.965290,0.684759,-0.965290,-0.983012,-0.600000,-0.508891,0.600000,0.600000,0.895933,0.756968,0.600000,-0.600000,-0.419580,0.750574,0.600000,-0.600000,-0.600000,0.600000,-0.281920,-0.600000,-0.340807,-0.219077,-0.858412,0.650475,-0.813302,-0.677256,-0.037511,0.376463,-0.832588,0.991051,-0.677299,-0.340807,-0.622837,0.600000,-0.600000,0.600000,0.600000,-0.119013,-0.600000,-0.376463,0.014250,0.014250,-0.963519,-0.472671,0.788578,-0.756968,0.600000,0.900642,-0.281920
89,0,1,0,1,S,0,27,13,1,0.600000,-0.993629,-0.600000,1.000000,-0.600000,-0.600000,-0.946014,-0.691205,-0.600000,-0.691205,-0.993629,0.600000,-0.340807,-0.908086,-0.600000,-0.600000,-0.368278,-0.274881,-0.502642,-0.600000,-0.340807,0.600000,-0.966283,0.691205,-0.966283,-0.983507,-0.600000,-0.501392,0.600000,0.600000,0.898702,0.756968,0.600000,-0.600000,-0.419580,0.744922,0.600000,-0.600000,-0.600000,0.600000,-0.281920,-0.600000,-0.340807,-0.219077,-0.865562,0.650475,-0.813302,-0.677256,-0.036440,0.368278,-0.827661,0.991314,-0.677299,-0.340807,-0.629862,0.600000,-0.600000,0.600000,0.600000,-0.119013,-0.600000,-0.368278,0.014250,0.014250,-0.962452,-0.465199,0.794363,-0.756968,0.600000,0.908853,-0.281920
90,1,0,0,0,W,0,25,14,1,0.600000,-0.993968,-0.600000,1.000000,-0.600000,-0.600000,-0.944208,-0.692272,-0.600000,-0.692272,-0.993968,0.600000,-0.336325,-0.907672,-0.600000,-0.600000,-0.368278,-0.263071,-0.502642,-0.600000,-0.336325,0.600000,-0.966770,0.692272,-0.966770,-0.984455,-0.600000,-0.500142,0.600000,0.600000,0.904480,0.765161,0.600000,-0.600000,-0.408658,0.747768,0.600000,-0.600000,-0.600000,0.600000,-0.264043,-0.600000,-0.336325,-0.196805,-0.870722,0.660643,-0.816324,-0.687021,-0.034385,0.368278,-0.842166,0.991939,-0.671815,-0.336325,-0.614594,0.600000,-0.600000,0.600000,0.600000,-0.107926,-0.600000,-0.368278,0.013496,0.013496,-0.964567,-0.463955,0.794363,-0.765161,0.600000,0.909680,-0.264043
91,1,0,0,0,stay,1,29,14,1,0.600000,-0.994146,-0.600000,1.000000,-0.600000,-0.600000,-0.945514,-0.692272,-0.600000,-0.692272,-0.994146,0.600000,-0.329656,-0.905132,-0.600000,-0.600000,-0.368278,-0.257290,-0.502642,-0.600000,-0.329656,0.600000,-0.966770,0.692272,-0.966770,-0.984455,-0.600000,-0.500142,0.600000,0.600000,0.907045,0.765161,0.600000,-0.600000,-0.408658,0.753391,0.600000,-0.600000,-0.600000,0.600000,-0.263071,-0.600000,-0.329656,-0.196015,-0.871285,0.661764,-0.820787,-0.687021,-0.034385,0.368278,-0.846119,0.992176,-0.678401,-0.329656,-0.620504,0.600000,-0.600000,0.600000,0.600000,-0.104596,-0.600000,-0.368278,0.013102,0.013102,-0.964567,-0.463955,0.794363,-0.765161,0.600000,0.909680,-0.263071
92,0,0,0,0,N,0,27,13,1,0.600000,-0.994622,-0.600000,1.000000,-0.600000,-0.600000,-0.946539,-0.692272,-0.600000,-0.692272,-0.994622,0.600000,-0.325248,-0.906846,-0.600000,-0.600000,-0.368278,-0.252536,-0.502642,-0.600000,-0.325248,0.600000,-0.968034,0.692272,-0.968034,-0.985708,-0.600000,-0.500142,0.600000,0.600000,0.909136,0.773161,0.600000,-0.600000,-0.397824,0.757093,0.600000,-0.600000,-0.600000,0.600000,-0.247840,-0.600000,-0.325248,-0.177013,-0.873515,0.669562,-0.823715,-0.696624,-0.031663,0.368278,-0.855036,0.992666,-0.672929,-0.325248,-0.606287,0.600000,-0.600000,0.600000,0.600000,-0.095573,-0.600000,-0.368278,0.012044,0.012044,-0.967840,-0.463955,0.794363,-0.773161,0.600000,0.909680,-0.247840
93,0,0,0,0,stay,1,29,13,1,0.600000,-0.994934,-0.600000,1.000000,-0.600000,-0.600000,-0.949020,-0.692272,-0.600000,-0.692272,-0.994934,0.600000,-0.323055,-0.908528,-0.600000,-0.600000,-0.368278,-0.250650,-0.501392,-0.600000,-0.323055,0.600000,-0.968951,0.692272,-0.968951,-0.986194,-0.600000,-0.500142,0.600000,0.600000,0.909960,0.774038,0.600000,-0.600000,-0.396627,0.758929,0.600000,-0.600000,-0.600000,0.600000,-0.246908,-0.600000,-0.323055,-0.176280,-0.874068,0.668456,-0.825164,-0.696626,-0.030604,0.368278,-0.856889,0.992953,-0.674032,-0.323055,-0.607482,0.600000,-0.600000,0.600000,0.600000,-0.094281,-0.600000,-0.368278,0.011349,0.011349,-0.968763,-0.463955,0.794363,-0.774038,0.600000,0.909680,-0.246908
94,0,1,0,0,N,0,27,12,1,0.600000,-0.995438,-0.600000,1.000000,-0.600000,-0.600000,-0.953877,-0.692272,-0.600000,-0.692272,-0.995438,0.600000,-0.323055,-0.916905,-0.600000,-0.600000,-0.368278,-0.250650,-0.501392,-0.600000,-0.323055,0.600000,-0.971966,0.692272,-0.971966,-0.987556,-0.600000,-0.500142,0.600000,0.600000,0.909960,0.774038,0.600000,-0.600000,-0.396627,0.758929,0.600000,-0.600000,-0.600000,0.600000,-0.246908,-0.600000,-0.323055,-0.176280,-0.874068,0.668456,-0.825164,-0.696626,-0.027631,0.368278,-0.856889,0.993652,-0.674032,-0.323055,-0.607482,0.600000,-0.600000,0.600000,0.600000,-0.094281,-0.600000,-0.368278,0.010227,0.010227,-0.971796,-0.463955,0.794363,-0.774038,0.600000,0.909680,-0.246908
95,1,0,0,0,E,0,25,11,1,0.600000,-0.995767,-0.600000,1.000000,-0.600000,-0.600000,-0.954322,-0.692272,-0.600000,-0.692272,-0.995767,0.600000,-0.316524,-0.916146,-0.600000,-0.600000,-0.368278,-0.237717,-0.501392,-0.600000,-0.316524,0.600000,-0.972507,0.692272,-0.972507,-0.988275,-0.600000,-0.500142,0.600000,0.600000,0.915545,0.780967,0.600000,-0.600000,-0.387090,0.764382,0.600000,-0.600000,-0.600000,0.600000,-0.234107,-0.600000,-0.316524,-0.160831,-0.876799,0.675078,-0.829457,-0.705021,-0.026059,0.368278,-0.869891,0.994197,-0.671835,-0.316524,-0.597912,0.600000,-0.600000,0.600000,0.600000,-0.086059,-0.600000,-0.368278,0.009493,0.009493,-0.973528,-0.463955,0.794363,-0.780967,0.600000,0.909680,-0.234107
96,1,0,0,0,stay,1,29,11,1,0.600000,-0.995973,-0.600000,1.000000,-0.600000,-0.600000,-0.955830,-0.692272,-0.600000,-0.692272,-0.995973,0.600000,-0.312209,-0.914991,-0.600000,-0.600000,-0.368278,-0.228764,-0.501392,-0.600000,-0.312209,0.600000,-0.972641,0.692272,-0.972641,-0.988390,-0.600000,-0.500142,0.600000,0.600000,0.919339,0.781822,0.600000,-0.600000,-0.385903,0.767970,0.600000,-0.600000,-0.600000,0.600000,-0.232317,-0.600000,-0.312209,-0.158812,-0.877877,0.676175,-0.832273,-0.706061,-0.025806,0.368278,-0.876002,0.994507,-0.675138,-0.312209,-0.600317,0.600000,-0.600000,0.600000,0.600000,-0.083724,-0.600000,-0.368278,0.009033,0.009033,-0.973657,-0.463955,0.794363,-0.781822,0.600000,0.909680,-0.232317
97,0,0,0,0,N,0,27,10,1,0.600000,-0.996188,-0.600000,1.000000,-0.600000,-0.600000,-0.956252,-0.692272,-0.600000,-0.692272,-0.996188,0.600000,-0.311135,-0.917301,-0.600000,-0.600000,-0.368278,-0.227002,-0.501392,-0.600000,-0.311135,0.600000,-0.973559,0.692272,-0.973559,-0.989170,-0.600000,-0.500142,0.600000,0.600000,0.920079,0.787742,0.600000,-0.600000,-0.377638,0.768861,0.600000,-0.600000,-0.600000,0.600000,-0.222639,-0.600000,-0.311135,-0.147119,-0.878947,0.680542,-0.832970,-0.713279,-0.024097,0.368278,-0.880819,0.994748,-0.668529,-0.311135,-0.588268,0.600000,-0.600000,0.600000,0.600000,-0.079224,-0.600000,-0.368278,0.008553,0.008553,-0.975640,-0.463955,0.794363,-0.787742,0.600000,0.909680,-0.222639
98,0,0,0,0,stay,1,29,10,1,0.600000,-0.996392,-0.600000,1.000000,-0.600000,-0.600000,-0.958101,-0.692272,-0.600000,-0.692272,-0.996392,0.600000,-0.308994,-0.918812,-0.600000,-0.600000,-0.368278,-0.224377,-0.500142,-0.600000,-0.308994,0.600000,-0.974322,0.692272,-0.974322,-0.989592,-0.600000,-0.500142,0.600000,0.600000,0.921177,0.789412,0.600000,-0.600000,-0.375289,0.770636,0.600000,-0.600000,-0.600000,0.600000,-0.221774,-0.600000,-0.308994,-0.145862,-0.878947,0.678366,-0.834359,-0.714304,-0.023170,0.368278,-0.883423,0.994979,-0.668533,-0.308994,-0.589480,0.600000,-0.600000,0.600000,0.600000,-0.078134,-0.600000,-0.368278,0.008098,0.008098,-0.976461,-0.463955,0.794363,-0.789412,0.600000,0.909680,-0.221774
99,1,0,0,0,N,0,27,9,1,0.600000,-0.996551,-0.600000,1.000000,-0.600000,-0.600000,-0.959874,-0.692272,-0.600000,-0.692272,-0.996551,0.600000,-0.304736,-0.918068,-0.600000,-0.600000,-0.368278,-0.218337,-0.500142,-0.600000,-0.304736,0.600000,-0.974572,0.692272,-0.974572,-0.989694,-0.600000,-0.500142,0.600000,0.600000,0.923687,0.789412,0.600000,-0.600000,-0.375289,0.774156,0.600000,-0.600000,-0.600000,0.600000,-0.221774,-0.600000,-0.304736,-0.145862,-0.878947,0.678366,-0.837110,-0.714304,-0.022945,0.368278,-0.886986,0.995200,-0.672954,-0.304736,-0.594314,0.600000,-0.600000,0.600000,0.600000,-0.076702,-0.600000,-0.368278,0.007743,0.007743,-0.976690,-0.463955,0.794363,-0.789412,0.600000,0.909680,-0.221774
100,1,0,0,0,N,0,25,8,1,0.600000,-0.996816,-0.600000,1.000000,-0.600000,-0.600000,-0.960262,-0.692272,-0.600000,-0.692272,-0.996816,0.600000,-0.300511,-0.918823,-0.600000,-0.600000,-0.368278,-0.207431,-0.500142,-0.600000,-0.300511,0.600000,-0.975307,0.692272,-0.975307,-0.990387,-0.600000,-0.500142,0.600000,0.600000,0.928154,0.795994,0.600000,-0.600000,-0.365953,0.777639,0.600000,-0.600000,-0.600000,0.600000,-0.209912,-0.600000,-0.300511,-0.132649,-0.882109,0.684886,-0.839823,-0.722405,-0.021422,0.368278,-0.897122,0.995634,-0.668541,-0.300511,-0.582211,0.600000,-0.600000,0.600000,0.600000,-0.070551,-0.600000,-0.368278,0.007151,0.007151,-0.978236,-0.463955,0.794363,-0.795994,0.600000,0.909680,-0.209912
101,1,0,0,0,S,0,23,9,1,0.600000,-0.996940,-0.600000,1.000000,-0.600000,-0.600000,-0.959694,-0.695461,-0.600000,-0.695461,-0.996940,0.600000,-0.296320,-0.918079,-0.600000,-0.600000,-0.368278,-0.200120,-0.498892,-0.600000,-0.296320,0.600000,-0.975547,0.695461,-0.975547,-0.990622,-0.600000,-0.496392,0.600000,0.600000,0.932063,0.798422,0.600000,-0.600000,-0.362477,0.778511,0.600000,-0.600000,-0.600000,0.600000,-0.207431,-0.600000,-0.296320,-0.129790,-0.886213,0.683811,-0.842500,-0.724411,-0.020903,0.368278,-0.902541,0.995868,-0.669652,-0.296320,-0.587073,0.600000,-0.600000,0.600000,0.600000,-0.068286,-0.600000,-0.368278,0.006872,0.006872,-0.977917,-0.460226,0.794363,-0.798422,0.600000,0.912119,-0.207431
102,1,0,0,0,N,0,21,8,1,0.600000,-0.997118,-0.600000,1.000000,-0.600000,-0.600000,-0.958922,-0.695461,-0.600000,-0.695461,-0.997118,0.600000,-0.290096,-0.916951,-0.600000,-0.600000,-0.368278,-0.189902,-0.497642,-0.600000,-0.290096,0.600000,-0.975903,0.695461,-0.975903,-0.991165,-0.600000,-0.496392,0.600000,0.600000,0.936073,0.805578,0.600000,-0.600000,-0.352137,0.783647,0.600000,-0.600000,-0.600000,0.600000,-0.194568,-0.600000,-0.290096,-0.116789,-0.889702,0.690269,-0.846447,-0.732335,-0.019707,0.368278,-0.911824,0.996185,-0.666330,-0.290096,-0.574909,0.600000,-0.600000,0.600000,0.600000,-0.061592,-0.600000,-0.368278,0.006473,0.006473,-0.979179,-0.460226,0.794363,-0.805578,0.600000,0.912119,-0.194568
103,1,0,0,0,stay,1,29,8,1,0.600000,-0.997245,-0.600000,1.000000,-0.600000,-0.600000,-0.960472,-0.695461,-0.600000,-0.695461,-0.997245,0.600000,-0.285991,-0.915805,-0.600000,-0.600000,-0.368278,-0.183065,-0.497642,-0.600000,-0.285991,0.600000,-0.976021,0.695461,-0.976021,-0.991209,-0.600000,-0.496392,0.600000,0.600000,0.938720,0.805578,0.600000,-0.600000,-0.352137,0.787024,0.600000,-0.600000,-0.600000,0.600000,-0.193784,-0.600000,-0.285991,-0.116273,-0.890193,0.691338,-0.849032,-0.732335,-0.019610,0.368278,-0.915383,0.996371,-0.670766,-0.285991,-0.578573,0.600000,-0.600000,0.600000,0.600000,-0.060159,-0.600000,-0.368278,0.006189,0.006189,-0.979281,-0.460226,0.794363,-0.805578,0.600000,0.912119,-0.193784
104,0,0,0,0,N,0,27,7,1,0.600000,-0.997495,-0.600000,1.000000,-0.600000,-0.600000,-0.961229,-0.695461,-0.600000,-0.695461,-0.997495,0.600000,-0.282934,-0.918475,-0.600000,-0.600000,-0.368278,-0.179350,-0.497642,-0.600000,-0.282934,0.600000,-0.977166,0.695461,-0.977166,-0.992042,-0.600000,-0.496392,0.600000,0.600000,0.940145,0.813302,0.600000,-0.600000,-0.340807,0.789531,0.600000,-0.600000,-0.600000,0.600000,-0.180829,-0.600000,-0.282934,-0.103063,-0.892617,0.698766,-0.850948,-0.742033,-0.017771,0.368278,-0.921030,0.996634,-0.662997,-0.282934,-0.561424,0.600000,-0.600000,0.600000,0.600000,-0.054734,-0.600000,-0.368278,0.005630,0.005630,-0.981406,-0.460226,0.794363,-0.813302,0.600000,0.912119,-0.180829
105,0,1,0,0,W,0,25,8,1,0.600000,-0.997756,-0.600000,1.000000,-0.600000,-0.600000,-0.964796,-0.695461,-0.600000,-0.695461,-0.997756,0.600000,-0.281920,-0.926015,-0.600000,-0.600000,-0.368278,-0.178614,-0.497642,-0.600000,-0.281920,0.600000,-0.979501,0.695461,-0.979501,-0.992938,-0.600000,-0.496392,0.600000,0.600000,0.940427,0.814818,0.600000,-0.600000,-0.338562,0.790362,0.600000,-0.600000,-0.600000,0.600000,-0.180088,-0.600000,-0.281920,-0.101680,-0.892617,0.697713,-0.851583,-0.743945,-0.015788,0.368278,-0.922118,0.996999,-0.661880,-0.281920,-0.561425,0.600000,-0.600000,0.600000,0.600000,-0.054218,-0.600000,-0.368278,0.005045,0.005045,-0.983397,-0.460226,0.794363,-0.814818,0.600000,0.912119,-0.180088
106,1,0,0,0,N,0,23,7,1,0.600000,-0.997876,-0.600000,1.000000,-0.600000,-0.600000,-0.966622,-0.695461,-0.600000,-0.695461,-0.997876,0.600000,-0.277884,-0.925330,-0.600000,-0.600000,-0.368278,-0.171385,-0.497642,-0.600000,-0.277884,0.600000,-0.979701,0.695461,-0.979701,-0.993008,-0.600000,-0.496392,0.600000,0.600000,0.943173,0.814818,0.600000,-0.600000,-0.338562,0.793661,0.600000,-0.600000,-0.600000,0.600000,-0.180088,-0.600000,-0.277884,-0.101680,-0.892617,0.697713,-0.854097,-0.743945,-0.015633,0.368278,-0.925641,0.997174,-0.666345,-0.277884,-0.566345,0.600000,-0.600000,0.600000,0.600000,-0.053199,-0.600000,-0.368278,0.004776,0.004776,-0.983560,-0.460226,0.794363,-0.814818,0.600000,0.912119,-0.180088
107,0,1,0,0,N,0,21,6,1,0.600000,-0.998000,-0.600000,1.000000,-0.600000,-0.600000,-0.966943,-0.695461,-0.600000,-0.695461,-0.998000,0.600000,-0.277884,-0.929380,-0.600000,-0.600000,-0.368278,-0.171385,-0.497642,-0.600000,-0.277884,0.600000,-0.980864,0.695461,-0.980864,-0.993735,-0.600000,-0.496392,0.600000,0.600000,0.943173,0.822256,0.600000,-0.600000,-0.327448,0.793661,0.600000,-0.600000,-0.600000,0.600000,-0.171385,-0.600000,-0.277884,-0.092028,-0.892617,0.699820,-0.854097,-0.753365,-0.014020,0.368278,-0.929017,0.997338,-0.655147,-0.277884,-0.551559,0.600000,-0.600000,0.600000,0.600000,-0.050250,-0.600000,-0.368278,0.004499,0.004499,-0.985400,-0.460226,0.794363,-0.822256,0.600000,0.912119,-0.171385
108,0,1,0,0,stay,1,29,6,1,0.600000,-0.998208,-0.600000,1.000000,-0.600000,-0.600000,-0.969561,-0.695461,-0.600000,-0.695461,-0.998208,0.600000,-0.277884,-0.936281,-0.600000,-0.600000,-0.368278,-0.171385,-0.497642,-0.600000,-0.277884,0.600000,-0.982827,0.695461,-0.982827,-0.994524,-0.600000,-0.496392,0.600000,0.600000,0.943173,0.825886,0.600000,-0.600000,-0.321962,0.793661,0.600000,-0.600000,-0.600000,0.600000,-0.168558,-0.600000,-0.277884,-0.088322,-0.892617,0.698770,-0.854097,-0.757986,-0.012266,0.368278,-0.930652,0.997616,-0.649481,-0.277884,-0.546608,0.600000,-0.600000,0.600000,0.600000,-0.049302,-0.600000,-0.368278,0.004031,0.004031,-0.987163,-0.460226,0.794363,-0.825886,0.600000,0.912119,-0.168558
109,0,0,0,0,N,0,27,5,1,0.600000,-0.998304,-0.600000,1.000000,-0.600000,-0.600000,-0.971147,-0.695461,-0.600000,-0.695461,-0.998304,0.600000,-0.275880,-0.937175,-0.600000,-0.600000,-0.368278,-0.168558,-0.497642,-0.600000,-0.275880,0.600000,-0.983245,0.695461,-0.983245,-0.994659,-0.600000,-0.496392,0.600000,0.600000,0.944238,0.825886,0.600000,-0.600000,-0.321962,0.795296,0.600000,-0.600000,-0.600000,0.600000,-0.168558,-0.600000,-0.275880,-0.088322,-0.892617,0.698770,-0.855341,-0.757986,-0.011966,0.368278,-0.931934,0.997721,-0.651756,-0.275880,-0.549086,0.600000,-0.600000,0.600000,0.600000,-0.048835,-0.600000,-0.368278,0.003815,0.003815,-0.987476,-0.460226,0.794363,-0.825886,0.600000,0.912119,-0.168558
110,0,0,0,1,N,0,25,6,1,0.600000,-0.998354,-0.600000,1.000000,-0.600000,-0.600000,-0.969720,-0.700735,-0.600000,-0.700735,-0.998354,0.600000,-0.273884,-0.937178,-0.600000,-0.600000,-0.355569,-0.168558,-0.497642,-0.600000,-0.273884,0.600000,-0.983409,0.700735,-0.983409,-0.994764,-0.600000,-0.490143,0.600000,0.600000,0.945542,0.827321,0.600000,-0.600000,-0.319781,0.792852,0.600000,-0.600000,-0.600000,0.600000,-0.167159,-0.600000,-0.273884,-0.086720,-0.899158,0.698772,-0.856576,-0.759818,-0.011731,0.355569,-0.929033,0.997743,-0.651760,-0.273884,-0.555271,0.600000,-0.600000,0.600000,0.600000,-0.047912,-0.600000,-0.355569,0.003703,0.003703,-0.986845,-0.449066,0.803215,-0.827321,0.600000,0.921668,-0.167159
111,0,0,0,0,S,0,23,5,1,0.600000,-0.998427,-0.600000,1.000000,-0.600000,-0.600000,-0.970734,-0.702830,-0.600000,-0.702830,-0.998427,0.600000,-0.270908,-0.937181,-0.600000,-0.600000,-0.354423,-0.166463,-0.496392,-0.600000,-0.270908,0.600000,-0.983653,0.702830,-0.983653,-0.994842,-0.600000,-0.487644,0.600000,0.600000,0.946818,0.827321,0.600000,-0.600000,-0.319781,0.793678,0.600000,-0.600000,-0.600000,0.600000,-0.167159,-0.600000,-0.270908,-0.087116,-0.900062,0.697720,-0.858412,-0.758906,-0.011558,0.354423,-0.929692,0.997810,-0.655159,-0.270908,-0.561438,0.600000,-0.600000,0.600000,0.600000,-0.047231,-0.600000,-0.354423,0.003540,0.003540,-0.986910,-0.447829,0.804005,-0.827321,0.600000,0.923104,-0.167159
112,0,0,0,1,N,0,21,6,1,0.600000,-0.998442,-0.600000,1.000000,-0.600000,-0.600000,-0.969579,-0.705957,-0.600000,-0.705957,-0.998442,0.600000,-0.269920,-0.936887,-0.600000,-0.600000,-0.345318,-0.166463,-0.496392,-0.600000,-0.269920,0.600000,-0.983653,0.705957,-0.983653,-0.994842,-0.600000,-0.483897,0.600000,0.600000,0.947570,0.827321,0.600000,-0.600000,-0.319781,0.792040,0.600000,-0.600000,-0.600000,0.600000,-0.167159,-0.600000,-0.269920,-0.087116,-0.904480,0.697720,-0.859020,-0.758906,-0.011558,0.345318,-0.927038,0.997810,-0.656289,-0.269920,-0.566357,0.600000,-0.600000,0.600000,0.600000,-0.047006,-0.600000,-0.345318,0.003505,0.003505,-0.986250,-0.439188,0.810241,-0.827321,0.600000,0.929277,-0.167159
113,0,0,0,0,W,0,19,7,1,0.600000,-0.998562,-0.600000,1.000000,-0.600000,-0.600000,-0.969436,-0.706995,-0.600000,-0.706995,-0.998562,0.600000,-0.266971,-0.938646,-0.600000,-0.600000,-0.344188,-0.163702,-0.495142,-0.600000,-0.266971,0.600000,-0.984363,0.706995,-0.984363,-0.995262,-0.600000,-0.482648,0.600000,0.600000,0.948801,0.832970,0.600000,-0.600000,-0.311135,0.793688,0.600000,-0.600000,-0.600000,0.600000,-0.156960,-0.600000,-0.266971,-0.078730,-0.908305,0.704020,-0.860830,-0.765262,-0.010623,0.344188,-0.930684,0.997948,-0.650632,-0.266971,-0.552810,0.600000,-0.600000,0.600000,0.600000,-0.043125,-0.600000,-0.344188,0.003236,0.003236,-0.987235,-0.436726,0.811010,-0.832970,0.600000,0.930584,-0.156960
114,0,0,0,0,stay,1,29,7,1,0.600000,-0.998646,-0.600000,1.000000,-0.600000,-0.600000,-0.970459,-0.706995,-0.600000,-0.706995,-0.998646,0.600000,-0.265017,-0.940357,-0.600000,-0.600000,-0.344188,-0.162335,-0.495142,-0.600000,-0.265017,0.600000,-0.984968,0.706995,-0.984968,-0.995560,-0.600000,-0.482648,0.600000,0.600000,0.949286,0.836426,0.600000,-0.600000,-0.305798,0.795323,0.600000,-0.600000,-0.600000,0.600000,-0.154327,-0.600000,-0.265017,-0.075515,-0.908305,0.702978,-0.862026,-0.769729,-0.009958,0.344188,-0.932913,0.998049,-0.647220,-0.265017,-0.550338,0.600000,-0.600000,0.600000,0.600000,-0.041901,-0.600000,-0.344188,0.003047,0.003047,-0.987973,-0.436726,0.811010,-0.836426,0.600000,0.930584,-0.154327
115,0,0,0,1,N,0,27,8,1,0.600000,-0.998660,-0.600000,1.000000,-0.600000,-0.600000,-0.969294,-0.711125,-0.600000,-0.711125,-0.998660,0.600000,-0.264043,-0.940076,-0.600000,-0.600000,-0.336325,-0.162335,-0.493892,-0.600000,-0.264043,0.600000,-0.984968,0.711125,-0.984968,-0.995560,-0.600000,-0.477656,0.600000,0.600000,0.950242,0.836426,0.600000,-0.600000,-0.305798,0.792876,0.600000,-0.600000,-0.600000,0.600000,-0.153675,-0.600000,-0.264043,-0.075513,-0.912393,0.702980,-0.862621,-0.768843,-0.009958,0.336325,-0.930693,0.998049,-0.648362,-0.264043,-0.555284,0.600000,-0.600000,0.600000,0.600000,-0.041501,-0.600000,-0.336325,0.003017,0.003017,-0.987427,-0.429358,0.816324,-0.836426,0.600000,0.935897,-0.153675
116,0,0,0,0,S,0,25,7,1,0.600000,-0.998686,-0.600000,1.000000,-0.600000,-0.600000,-0.968546,-0.714200,-0.600000,-0.714200,-0.998686,0.600000,-0.263071,-0.940359,-0.600000,-0.600000,-0.335209,-0.161655,-0.493892,-0.600000,-0.263071,0.600000,-0.985116,0.714200,-0.985116,-0.995626,-0.600000,-0.473914,0.600000,0.600000,0.951181,0.837110,0.600000,-0.600000,-0.304736,0.791234,0.600000,-0.600000,-0.600000,0.600000,-0.151731,-0.600000,-0.263071,-0.074124,-0.915545,0.705066,-0.863213,-0.769731,-0.009811,0.335209,-0.931017,0.998078,-0.648364,-0.263071,-0.556521,0.600000,-0.600000,0.600000,0.600000,-0.040711,-0.600000,-0.335209,0.002957,0.002957,-0.987241,-0.425686,0.817074,-0.837110,0.600000,0.937970,-0.151731
117,0,0,0,1,N,0,23,8,1,0.600000,-0.998706,-0.600000,1.000000,-0.600000,-0.600000,-0.967465,-0.718269,-0.600000,-0.718269,-0.998706,0.600000,-0.262102,-0.940641,-0.600000,-0.600000,-0.326347,-0.161655,-0.493892,-0.600000,-0.262102,0.600000,-0.985262,0.718269,-0.985262,-0.995691,-0.600000,-0.468930,0.600000,0.600000,0.952104,0.837791,0.600000,-0.600000,-0.303677,0.788751,0.600000,-0.600000,-0.600000,0.600000,-0.151731,-0.600000,-0.262102,-0.073781,-0.918967,0.704026,-0.863804,-0.770618,-0.009666,0.326347,-0.928740,0.998097,-0.648365,-0.262102,-0.562684,0.600000,-0.600000,0.600000,0.600000,-0.040515,-0.600000,-0.326347,0.002913,0.002913,-0.986794,-0.418364,0.822986,-0.837791,0.600000,0.943023,-0.151731
118,0,0,0,0,W,0,21,9,1,0.600000,-0.998811,-0.600000,1.000000,-0.600000,-0.600000,-0.967784,-0.720290,-0.600000,-0.720290,-0.998811,0.600000,-0.259208,-0.942301,-0.600000,-0.600000,-0.325248,-0.158959,-0.491393,-0.600000,-0.259208,0.600000,-0.985903,0.720290,-0.985903,-0.996022,-0.600000,-0.466440,0.600000,0.600000,0.953457,0.842500,0.600000,-0.600000,-0.296320,0.789589,0.600000,-0.600000,-0.600000,0.600000,-0.144155,-0.600000,-0.259208,-0.068162,-0.921902,0.707152,-0.865562,-0.775018,-0.008927,0.325248,-0.931990,0.998217,-0.643796,-0.259208,-0.554058,0.600000,-0.600000,0.600000,0.600000,-0.037692,-0.600000,-0.325248,0.002676,0.002676,-0.987618,-0.417148,0.823715,-0.842500,0.600000,0.944091,-0.144155
119,0,0,0,0,stay,1,29,9,1,0.600000,-0.998886,-0.600000,1.000000,-0.600000,-0.600000,-0.969607,-0.720290,-0.600000,-0.720290,-0.998886,0.600000,-0.256334,-0.943117,-0.600000,-0.600000,-0.325248,-0.156960,-0.491393,-0.600000,-0.256334,0.600000,-0.986315,0.720290,-0.986315,-0.996139,-0.600000,-0.466440,0.600000,0.600000,0.954119,0.842500,0.600000,-0.600000,-0.296320,0.792074,0.600000,-0.600000,-0.600000,0.600000,-0.143538,-0.600000,-0.256334,-0.067844,-0.922262,0.708187,-0.867301,-0.775018,-0.008665,0.325248,-0.932937,0.998296,-0.647230,-0.256334,-0.556529,0.600000,-0.600000,0.600000,0.600000,-0.036971,-0.600000,-0.325248,0.002508,0.002508,-0.987981,-0.417148,0.823715,-0.842500,0.600000,0.944091,-0.143538
120,0,0,0,0,N,0,27,10,1,0.600000,-0.998946,-0.600000,1.000000,-0.600000,-0.600000,-0.971191,-0.720290,-0.600000,-0.720290,-0.998946,0.600000,-0.253482,-0.943389,-0.600000,-0.600000,-0.325248,-0.154327,-0.491393,-0.600000,-0.253482,0.600000,-0.986583,0.720290,-0.986583,-0.996216,-0.600000,-0.466440,0.600000,0.600000,0.954989,0.842500,0.600000,-0.600000,-0.296320,0.794537,0.600000,-0.600000,-0.600000,0.600000,-0.143538,-0.600000,-0.253482,-0.067844,-0.922262,0.708187,-0.869021,-0.775018,-0.008495,0.325248,-0.934180,0.998363,-0.650650,-0.253482,-0.560229,0.600000,-0.600000,0.600000,0.600000,-0.036440,-0.600000,-0.325248,0.002373,0.002373,-0.988216,-0.417148,0.823715,-0.842500,0.600000,0.944091,-0.143538
121,0,1,0,1,N,0,25,11,1,0.600000,-0.998967,-0.600000,1.000000,-0.600000,-0.600000,-0.970199,-0.724306,-0.600000,-0.724306,-0.998967,0.600000,-0.251592,-0.944713,-0.600000,-0.600000,-0.314362,-0.154327,-0.491393,-0.600000,-0.251592,0.600000,-0.987039,0.724306,-0.987039,-0.996364,-0.600000,-0.461465,0.600000,0.600000,0.955843,0.843163,0.600000,-0.600000,-0.295277,0.792907,0.600000,-0.600000,-0.600000,0.600000,-0.143538,-0.600000,-0.251592,-0.067528,-0.925779,0.707154,-0.870157,-0.775889,-0.008163,0.314362,-0.931366,0.998419,-0.651788,-0.251592,-0.567609,0.600000,-0.600000,0.600000,0.600000,-0.036090,-0.600000,-0.314362,0.002326,0.002326,-0.988042,-0.409869,0.830870,-0.843163,0.600000,0.949160,-0.143538
122,0,0,0,0,W,0,23,12,1,0.600000,-0.999042,-0.600000,1.000000,-0.600000,-0.600000,-0.969913,-0.726301,-0.600000,-0.726301,-0.999042,0.600000,-0.248775,-0.946266,-0.600000,-0.600000,-0.313285,-0.151731,-0.491393,-0.600000,-0.248775,0.600000,-0.987604,0.726301,-0.987604,-0.996694,-0.600000,-0.458980,0.600000,0.600000,0.957094,0.849673,0.600000,-0.600000,-0.284970,0.793733,0.600000,-0.600000,-0.600000,0.600000,-0.133965,-0.600000,-0.248775,-0.059761,-0.928154,0.713336,-0.871846,-0.784476,-0.007427,0.313285,-0.935422,0.998519,-0.643809,-0.248775,-0.554069,0.600000,-0.600000,0.600000,0.600000,-0.032918,-0.600000,-0.313285,0.002158,0.002158,-0.989063,-0.408660,0.831572,-0.849673,0.600000,0.950119,-0.133965
123,0,0,0,0,stay,1,29,12,1,0.600000,-0.999093,-0.600000,1.000000,-0.600000,-0.600000,-0.971204,-0.726301,-0.600000,-0.726301,-0.999093,0.600000,-0.245978,-0.946777,-0.600000,-0.600000,-0.313285,-0.149170,-0.491393,-0.600000,-0.245978,0.600000,-0.987907,0.726301,-0.987907,-0.996791,-0.600000,-0.458980,0.600000,0.600000,0.957910,0.850312,0.600000,-0.600000,-0.283951,0.796182,0.600000,-0.600000,-0.600000,0.600000,-0.133384,-0.600000,-0.245978,-0.059199,-0.928487,0.713336,-0.873515,-0.785321,-0.007208,0.313285,-0.936919,0.998584,-0.646102,-0.245978,-0.556540,0.600000,-0.600000,0.600000,0.600000,-0.032286,-0.600000,-0.313285,0.002043,0.002043,-0.989331,-0.408660,0.831572,-0.850312,0.600000,0.950119,-0.133384
124,0,0,0,0,N,0,27,13,1,0.600000,-0.999159,-0.600000,1.000000,-0.600000,-0.600000,-0.973233,-0.726301,-0.600000,-0.726301,-0.999159,0.600000,-0.242283,-0.947284,-0.600000,-0.600000,-0.313285,-0.146645,-0.487644,-0.600000,-0.242283,0.600000,-0.988261,0.726301,-0.988261,-0.996886,-0.600000,-0.458980,0.600000,0.600000,0.958711,0.850312,0.600000,-0.600000,-0.283951,0.799413,0.600000,-0.600000,-0.600000,0.600000,-0.133384,-0.600000,-0.242283,-0.060038,-0.928487,0.710262,-0.875713,-0.782785,-0.006996,0.313285,-0.938093,0.998653,-0.650665,-0.242283,-0.561472,0.600000,-0.600000,0.600000,0.600000,-0.031665,-0.600000,-0.313285,0.001895,0.001895,-0.989644,-0.408660,0.831572,-0.850312,0.600000,0.950119,-0.133384
125,0,1,0,0,N,0,25,14,1,0.600000,-0.999243,-0.600000,1.000000,-0.600000,-0.600000,-0.975843,-0.726301,-0.600000,-0.726301,-0.999243,0.600000,-0.242283,-0.952299,-0.600000,-0.600000,-0.313285,-0.146645,-0.487644,-0.600000,-0.242283,0.600000,-0.989422,0.726301,-0.989422,-0.997196,-0.600000,-0.458980,0.600000,0.600000,0.958711,0.850312,0.600000,-0.600000,-0.283951,0.799413,0.600000,-0.600000,-0.600000,0.600000,-0.133384,-0.600000,-0.242283,-0.060038,-0.928487,0.710262,-0.875713,-0.782785,-0.006301,0.313285,-0.938093,0.998788,-0.650665,-0.242283,-0.561472,0.600000,-0.600000,0.600000,0.600000,-0.031665,-0.600000,-0.313285,0.001706,0.001706,-0.990669,-0.408660,0.831572,-0.850312,0.600000,0.950119,-0.133384
126,1,1,0,0,N,0,23,15,1,0.600000,-0.999287,-0.600000,1.000000,-0.600000,-0.600000,-0.977221,-0.726301,-0.600000,-0.726301,-0.999287,0.600000,-0.238626,-0.954087,-0.600000,-0.600000,-0.313285,-0.144155,-0.487644,-0.600000,-0.238626,0.600000,-0.990033,0.726301,-0.990033,-0.997360,-0.600000,-0.458980,0.600000,0.600000,0.959497,0.850312,0.600000,-0.600000,-0.283951,0.802605,0.600000,-0.600000,-0.600000,0.600000,-0.133384,-0.600000,-0.238626,-0.060038,-0.928487,0.710262,-0.877877,-0.782785,-0.005936,0.313285,-0.939247,0.998881,-0.655201,-0.238626,-0.566391,0.600000,-0.600000,0.600000,0.600000,-0.031056,-0.600000,-0.313285,0.001607,0.001607,-0.991209,-0.408660,0.831572,-0.850312,0.600000,0.950119,-0.133384
127,1,0,0,0,N,0,21,16,1,0.600000,-0.999342,-0.600000,1.000000,-0.600000,-0.600000,-0.977446,-0.726301,-0.600000,-0.726301,-0.999342,0.600000,-0.234107,-0.954310,-0.600000,-0.600000,-0.313285,-0.136306,-0.486395,-0.600000,-0.234107,0.600000,-0.990325,0.726301,-0.990325,-0.997538,-0.600000,-0.458980,0.600000,0.600000,0.961955,0.855341,0.600000,-0.600000,-0.275880,0.806542,0.600000,-0.600000,-0.600000,0.600000,-0.125484,-0.600000,-0.234107,-0.054359,-0.930458,0.715387,-0.880537,-0.788688,-0.005535,0.313285,-0.944986,0.998983,-0.651809,-0.234107,-0.555313,0.600000,-0.600000,0.600000,0.600000,-0.028313,-0.600000,-0.313285,0.001483,0.001483,-0.991800,-0.408660,0.831572,-0.855341,0.600000,0.950119,-0.125484
128,1,0,0,0,stay,1,29,16,1,0.600000,-0.999371,-0.600000,1.000000,-0.600000,-0.600000,-0.978313,-0.726301,-0.600000,-0.726301,-0.999371,0.600000,-0.230536,-0.953654,-0.600000,-0.600000,-0.313285,-0.131085,-0.486395,-0.600000,-0.230536,0.600000,-0.990373,0.726301,-0.990373,-0.997550,-0.600000,-0.458980,0.600000,0.600000,0.963571,0.855341,0.600000,-0.600000,-0.275880,0.809648,0.600000,-0.600000,-0.600000,0.600000,-0.124936,-0.600000,-0.230536,-0.054102,-0.930781,0.716405,-0.882629,-0.788688,-0.005508,0.313285,-0.947284,0.999032,-0.656337,-0.230536,-0.559016,0.600000,-0.600000,0.600000,0.600000,-0.027632,-0.600000,-0.313285,0.001418,0.001418,-0.991841,-0.408660,0.831572,-0.855341,0.600000,0.950119,-0.124936
129,1,0,0,0,N,0,27,17,1,0.600000,-0.999416,-0.600000,1.000000,-0.600000,-0.600000,-0.978105,-0.726301,-0.600000,-0.726301,-0.999416,0.600000,-0.226125,-0.953659,-0.600000,-0.600000,-0.313285,-0.123844,-0.486395,-0.600000,-0.226125,0.600000,-0.990609,0.726301,-0.990609,-0.997716,-0.600000,-0.458980,0.600000,0.600000,0.965791,0.860830,0.600000,-0.600000,-0.266971,0.813477,0.600000,-0.600000,-0.600000,0.600000,-0.115919,-0.600000,-0.226125,-0.047801,-0.933320,0.724472,-0.885199,-0.796101,-0.005136,0.313285,-0.952530,0.999116,-0.651816,-0.226125,-0.544181,0.600000,-0.600000,0.600000,0.600000,-0.024817,-0.600000,-0.313285,0.001315,0.001315,-0.992390,-0.408660,0.831572,-0.860830,0.600000,0.950119,-0.115919
130,0,1,0,0,W,0,25,18,1,0.600000,-0.999445,-0.600000,1.000000,-0.600000,-0.600000,-0.979153,-0.726301,-0.600000,-0.726301,-0.999445,0.600000,-0.222639,-0.954755,-0.600000,-0.600000,-0.313285,-0.121686,-0.486395,-0.600000,-0.222639,0.600000,-0.991020,0.726301,-0.991020,-0.997817,-0.600000,-0.458980,0.600000,0.600000,0.966447,0.860830,0.600000,-0.600000,-0.266971,0.816498,0.600000,-0.600000,-0.600000,0.600000,-0.115919,-0.600000,-0.222639,-0.047801,-0.933320,0.724472,-0.887220,-0.796101,-0.004911,0.313285,-0.953428,0.999172,-0.656344,-0.222639,-0.549139,0.600000,-0.600000,0.600000,0.600000,-0.024336,-0.600000,-0.313285,0.001251,0.001251,-0.992723,-0.408660,0.831572,-0.860830,0.600000,0.950119,-0.115919
131,0,1,0,0,N,0,23,19,1,0.600000,-0.999495,-0.600000,1.000000,-0.600000,-0.600000,-0.981010,-0.726301,-0.600000,-0.726301,-0.999495,0.600000,-0.220911,-0.958496,-0.600000,-0.600000,-0.313285,-0.120620,-0.486395,-0.600000,-0.220911,0.600000,-0.991869,0.726301,-0.991869,-0.998024,-0.600000,-0.458980,0.600000,0.600000,0.966770,0.860830,0.600000,-0.600000,-0.266971,0.817994,0.600000,-0.600000,-0.600000,0.600000,-0.115919,-0.600000,-0.220911,-0.047801,-0.933320,0.724472,-0.888218,-0.796101,-0.004445,0.313285,-0.953871,0.999258,-0.658598,-0.220911,-0.551614,0.600000,-0.600000,0.600000,0.600000,-0.024099,-0.600000,-0.313285,0.001137,0.001137,-0.993413,-0.408660,0.831572,-0.860830,0.600000,0.950119,-0.115919
132,0,1,0,0,S,0,21,18,1,0.600000,-0.999548,-0.600000,1.000000,-0.600000,-0.600000,-0.982959,-0.726301,-0.600000,-0.726301,-0.999548,0.600000,-0.220911,-0.962667,-0.600000,-0.600000,-0.313285,-0.120620,-0.486395,-0.600000,-0.220911,0.600000,-0.992712,0.726301,-0.992712,-0.998230,-0.600000,-0.458980,0.600000,0.600000,0.966770,0.860830,0.600000,-0.600000,-0.266971,0.817994,0.600000,-0.600000,-0.600000,0.600000,-0.115919,-0.600000,-0.220911,-0.047801,-0.933320,0.724472,-0.888218,-0.796101,-0.003982,0.313285,-0.953871,0.999336,-0.658598,-0.220911,-0.551614,0.600000,-0.600000,0.600000,0.600000,-0.024099,-0.600000,-0.313285,0.001019,0.001019,-0.994096,-0.408660,0.831572,-0.860830,0.600000,0.950119,-0.115919
133,1,0,0,0,E,0,19,17,1,0.600000,-0.999581,-0.600000,1.000000,-0.600000,-0.600000,-0.982879,-0.726301,-0.600000,-0.726301,-0.999581,0.600000,-0.216632,-0.962850,-0.600000,-0.600000,-0.313285,-0.113881,-0.485146,-0.600000,-0.216632,0.600000,-0.992926,0.726301,-0.992926,-0.998350,-0.600000,-0.458980,0.600000,0.600000,0.968801,0.865562,0.600000,-0.600000,-0.259208,0.821692,0.600000,-0.600000,-0.600000,0.600000,-0.107954,-0.600000,-0.216632,-0.042812,-0.935772,0.731412,-0.890681,-0.801734,-0.003714,0.313285,-0.958290,0.999396,-0.655222,-0.216632,-0.537979,0.600000,-0.600000,0.600000,0.600000,-0.021742,-0.600000,-0.313285,0.000945,0.000945,-0.994494,-0.408660,0.831572,-0.865562,0.600000,0.950119,-0.107954
134,0,1,0,0,W,0,17,18,1,0.600000,-0.999623,-0.600000,1.000000,-0.600000,-0.600000,-0.984563,-0.726301,-0.600000,-0.726301,-0.999623,0.600000,-0.216632,-0.966437,-0.600000,-0.600000,-0.313285,-0.113881,-0.485146,-0.600000,-0.216632,0.600000,-0.993629,0.726301,-0.993629,-0.998515,-0.600000,-0.458980,0.600000,0.600000,0.968801,0.865562,0.600000,-0.600000,-0.259208,0.821692,0.600000,-0.600000,-0.600000,0.600000,-0.107954,-0.600000,-0.216632,-0.042812,-0.935772,0.731412,-0.890681,-0.801734,-0.003344,0.313285,-0.958290,0.999456,-0.655222,-0.216632,-0.537979,0.600000,-0.600000,0.600000,0.600000,-0.021742,-0.600000,-0.313285,0.000851,0.000851,-0.995042,-0.408660,0.831572,-0.865562,0.600000,0.950119,-0.107954
135,0,1,0,0,stay,0,16,18,1,0.600000,-0.999662,-0.600000,1.000000,-0.600000,-0.600000,-0.986152,-0.726301,-0.600000,-0.726301,-0.999662,0.600000,-0.216632,-0.969835,-0.600000,-0.600000,-0.313285,-0.113881,-0.485146,-0.600000,-0.216632,0.600000,-0.994290,0.726301,-0.994290,-0.998670,-0.600000,-0.458980,0.600000,0.600000,0.968801,0.865562,0.600000,-0.600000,-0.259208,0.821692,0.600000,-0.600000,-0.600000,0.600000,-0.107954,-0.600000,-0.216632,-0.042812,-0.935772,0.731412,-0.890681,-0.801734,-0.002996,0.313285,-0.958290,0.999513,-0.655222,-0.216632,-0.537979,0.600000,-0.600000,0.600000,0.600000,-0.021742,-0.600000,-0.313285,0.000762,0.000762,-0.995557,-0.408660,0.831572,-0.865562,0.600000,0.950119,-0.107954
136,0,1,0,0,stay,0,15,18,1,0.600000,-0.999697,-0.600000,1.000000,-0.600000,-0.600000,-0.987580,-0.726301,-0.600000,-0.726301,-0.999697,0.600000,-0.216632,-0.972899,-0.600000,-0.600000,-0.313285,-0.113881,-0.485146,-0.600000,-0.216632,0.600000,-0.994883,0.726301,-0.994883,-0.998808,-0.600000,-0.458980,0.600000,0.600000,0.968801,0.865562,0.600000,-0.600000,-0.259208,0.821692,0.600000,-0.600000,-0.600000,0.600000,-0.107954,-0.600000,-0.216632,-0.042812,-0.935772,0.731412,-0.890681,-0.801734,-0.002684,0.313285,-0.958290,0.999564,-0.655222,-0.216632,-0.537979,0.600000,-0.600000,0.600000,0.600000,-0.021742,-0.600000,-0.313285,0.000682,0.000682,-0.996019,-0.408660,0.831572,-0.865562,0.600000,0.950119,-0.107954
137,0,1,0,0,stay,0,14,18,1,0.600000,-0.999729,-0.600000,1.000000,-0.600000,-0.600000,-0.988863,-0.726301,-0.600000,-0.726301,-0.999729,0.600000,-0.216632,-0.975659,-0.600000,-0.600000,-0.313285,-0.113881,-0.485146,-0.600000,-0.216632,0.600000,-0.995415,0.726301,-0.995415,-0.998933,-0.600000,-0.458980,0.600000,0.600000,0.968801,0.865562,0.600000,-0.600000,-0.259208,0.821692,0.600000,-0.600000,-0.600000,0.600000,-0.107954,-0.600000,-0.216632,-0.042812,-0.935772,0.731412,-0.890681,-0.801734,-0.002404,0.313285,-0.958290,0.999609,-0.655222,-0.216632,-0.537979,0.600000,-0.600000,0.600000,0.600000,-0.021742,-0.600000,-0.313285,0.000611,0.000611,-0.996433,-0.408660,0.831572,-0.865562,0.600000,0.950119,-0.107954
138,0,0,0,1,W,0,12,19,1,0.600000,-0.999733,-0.600000,1.000000,-0.600000,-0.600000,-0.988529,-0.730263,-0.600000,-0.730263,-0.999733,0.600000,-0.215784,-0.975779,-0.600000,-0.600000,-0.305798,-0.113881,-0.485146,-0.600000,-0.215784,0.600000,-0.995461,0.730263,-0.995461,-0.998943,-0.600000,-0.454017,0.600000,0.600000,0.969401,0.865562,0.600000,-0.600000,-0.259208,0.819490,0.600000,-0.600000,-0.600000,0.600000,-0.107954,-0.600000,-0.215784,-0.042812,-0.938430,0.731412,-0.891168,-0.801734,-0.002380,0.305798,-0.956872,0.999613,-0.656352,-0.215784,-0.544188,0.600000,-0.600000,0.600000,0.600000,-0.021636,-0.600000,-0.305798,0.000602,0.000602,-0.996307,-0.402629,0.836426,-0.865562,0.600000,0.953790,-0.107954
139,0,0,0,0,S,0,10,18,1,0.600000,-0.999750,-0.600000,1.000000,-0.600000,-0.600000,-0.988922,-0.732231,-0.600000,-0.732231,-0.999750,0.600000,-0.214094,-0.976249,-0.600000,-0.600000,-0.304736,-0.112874,-0.485146,-0.600000,-0.214094,0.600000,-0.995594,0.732231,-0.995594,-0.998985,-0.600000,-0.451539,0.600000,0.600000,0.969990,0.866723,0.600000,-0.600000,-0.257290,0.819494,0.600000,-0.600000,-0.600000,0.600000,-0.106515,-0.600000,-0.214094,-0.041796,-0.939578,0.732396,-0.892136,-0.803321,-0.002287,0.304736,-0.957489,0.999629,-0.656355,-0.214094,-0.545429,0.600000,-0.600000,0.600000,0.600000,-0.021111,-0.600000,-0.304736,0.000564,0.000564,-0.996398,-0.401427,0.837110,-0.866723,0.600000,0.954667,-0.106515
140,0,0,0,1,N,0,8,19,1,0.600000,-0.999755,-0.600000,1.000000,-0.600000,-0.600000,-0.988589,-0.735165,-0.600000,-0.735165,-0.999755,0.600000,-0.212414,-0.976134,-0.600000,-0.600000,-0.297364,-0.112373,-0.482648,-0.600000,-0.212414,0.600000,-0.995616,0.735165,-0.995616,-0.998995,-0.600000,-0.447826,0.600000,0.600000,0.970568,0.867301,0.600000,-0.600000,-0.256334,0.818759,0.600000,-0.600000,-0.600000,0.600000,-0.106515,-0.600000,-0.212414,-0.041995,-0.942088,0.729449,-0.893097,-0.802533,-0.002264,0.297364,-0.956462,0.999632,-0.657485,-0.212414,-0.551622,0.600000,-0.600000,0.600000,0.600000,-0.020905,-0.600000,-0.297364,0.000553,0.000553,-0.996252,-0.395431,0.841834,-0.867301,0.600000,0.957815,-0.106515
141,0,0,0,0,S,0,6,18,1,0.600000,-0.999767,-0.600000,1.000000,-0.600000,-0.600000,-0.988925,-0.737110,-0.600000,-0.737110,-0.999767,0.600000,-0.209912,-0.976136,-0.600000,-0.600000,-0.296320,-0.110883,-0.481400,-0.600000,-0.209912,0.600000,-0.995682,0.737110,-0.995682,-0.999010,-0.600000,-0.445354,0.600000,0.600000,0.971276,0.867301,0.600000,-0.600000,-0.256334,0.819506,0.600000,-0.600000,-0.600000,0.600000,-0.105565,-0.600000,-0.209912,-0.041793,-0.943172,0.730438,-0.894523,-0.801741,-0.002230,0.296320,-0.956879,0.999643,-0.660857,-0.209912,-0.555330,0.600000,-0.600000,0.600000,0.600000,-0.020398,-0.600000,-0.296320,0.000526,0.000526,-0.996271,-0.394235,0.842500,-0.867301,0.600000,0.958618,-0.105565
142,0,0,0,1,N,0,4,19,1,0.600000,-0.999769,-0.600000,1.000000,-0.600000,-0.600000,-0.988479,-0.740971,-0.600000,-0.740971,-0.999769,0.600000,-0.209082,-0.976019,-0.600000,-0.600000,-0.289067,-0.110390,-0.480151,-0.600000,-0.209082,0.600000,-0.995682,0.740971,-0.995682,-0.999010,-0.600000,-0.440417,0.600000,0.600000,0.971967,0.867301,0.600000,-0.600000,-0.256334,0.817283,0.600000,-0.600000,-0.600000,0.600000,-0.105565,-0.600000,-0.209082,-0.041994,-0.945799,0.729454,-0.894995,-0.800946,-0.002230,0.289067,-0.955627,0.999645,-0.661978,-0.209082,-0.561497,0.600000,-0.600000,0.600000,0.600000,-0.020298,-0.600000,-0.289067,0.000521,0.000521,-0.996081,-0.387090,0.847096,-0.867301,0.600000,0.961874,-0.105565
143,0,1,0,0,E,0,2,18,1,0.600000,-0.999790,-0.600000,1.000000,-0.600000,-0.600000,-0.989411,-0.741931,-0.600000,-0.741931,-0.999790,0.600000,-0.209082,-0.978257,-0.600000,-0.600000,-0.289067,-0.110390,-0.480151,-0.600000,-0.209082,0.600000,-0.996092,0.741931,-0.996092,-0.999104,-0.600000,-0.439185,0.600000,0.600000,0.972103,0.867301,0.600000,-0.600000,-0.256334,0.816536,0.600000,-0.600000,-0.600000,0.600000,-0.105565,-0.600000,-0.209082,-0.041994,-0.946310,0.729454,-0.894995,-0.800946,-0.002018,0.289067,-0.955627,0.999679,-0.661978,-0.209082,-0.562728,0.600000,-0.600000,0.600000,0.600000,-0.020298,-0.600000,-0.289067,0.000473,0.000473,-0.996418,-0.385904,0.847096,-0.867301,0.600000,0.962240,-0.105565
144,0,0,0,1,W,0,0,19,1,0.600000,-0.999794,-0.600000,1.000000,-0.600000,-0.600000,-0.989147,-0.744796,-0.600000,-0.744796,-0.999794,0.600000,-0.209082,-0.978469,-0.600000,-0.600000,-0.280907,-0.110390,-0.480151,-0.600000,-0.209082,0.600000,-0.996131,0.744796,-0.996131,-0.999118,-0.600000,-0.435493,0.600000,0.600000,0.972508,0.867876,0.600000,-0.600000,-0.255381,0.814282,0.600000,-0.600000,-0.600000,0.600000,-0.105565,-0.600000,-0.209082,-0.041792,-0.948311,0.728467,-0.894995,-0.801743,-0.001988,0.280907,-0.954122,0.999682,-0.660859,-0.209082,-0.566416,0.600000,-0.600000,0.600000,0.600000,-0.020298,-0.600000,-0.280907,0.000464,0.000464,-0.996310,-0.378814,0.852215,-0.867876,0.600000,0.965221,-0.105565
