tick,food_sensed_N,food_sensed_E,food_sensed_S,food_sensed_W,movement,food_consumed,energy,manhattan_dist,decision_made,conn_0_0,conn_0_4,conn_0_5,conn_0_8,conn_0_10,conn_1_0,conn_1_1,conn_1_3,conn_1_4,conn_1_6,conn_1_7,conn_1_8,conn_1_9,conn_1_10,conn_2_0,conn_2_1,conn_2_4,conn_2_6,conn_2_7,conn_2_9,conn_3_1,conn_3_3,conn_3_5,conn_3_9,conn_4_2,conn_4_3,conn_4_4,conn_4_5,conn_4_7,conn_4_8,conn_4_10,conn_5_0,conn_5_4,conn_5_5,conn_5_9,conn_5_10,conn_6_0,conn_6_1,conn_6_3,conn_6_4,conn_6_5,conn_6_6,conn_6_8,conn_7_0,conn_7_1,conn_7_3,conn_7_4,conn_7_5,conn_7_8,conn_7_9,conn_8_0,conn_8_2,conn_8_3,conn_8_4,conn_8_5,conn_8_7,conn_8_8,conn_8_9,conn_9_1,conn_9_3,conn_9_4,conn_9_6,conn_9_7,conn_9_8,conn_9_10,conn_10_0,conn_10_1,conn_10_4,conn_10_5,conn_10_6,conn_10_7,conn_10_8
0,0,0,0,0,stay,0,30,0,0,-0.600000,-0.600000,1.000000,-0.600000,-0.600000,0.600000,-0.600000,0.600000,-0.600000,0.600000,-0.600000,0.600000,0.600000,-0.600000,0.600000,-0.600000,-0.600000,-0.600000,-0.600000,0.600000,0.600000,-0.600000,0.600000,-0.600000,-0.600000,0.600000,-0.600000,0.600000,-0.600000,-0.600000,-0.600000,-0.600000,-0.600000,-0.600000,-0.600000,-0.600000,-0.600000,0.600000,-0.600000,-0.600000,-0.600000,0.600000,-0.600000,-0.600000,-0.600000,0.600000,0.600000,-0.600000,-0.600000,-0.600000,0.600000,0.600000,-0.600000,-0.600000,-0.600000,-0.600000,-0.600000,-0.600000,-0.600000,-0.600000,0.600000,0.600000,0.600000,0.600000,-0.600000,-0.600000,-0.600000,-0.600000,-0.600000,-0.600000,0.600000,0.600000
1,1,0,0,0,stay,0,29,0,1,-0.610755,-0.600000,1.000000,-0.613131,-0.600000,0.600000,-0.617871,0.600000,-0.579453,0.600000,-0.600000,0.600000,0.595193,-0.603596,0.595193,-0.610755,-0.596396,-0.600000,-0.581881,0.572131,0.603596,-0.600000,0.600000,-0.585524,-0.600000,0.600000,-0.600000,0.596396,-0.614317,-0.600000,-0.600000,-0.600000,-0.597608,-0.600000,-0.600000,-0.617869,-0.600000,0.600000,-0.600000,-0.600000,-0.603596,0.592782,-0.604793,-0.600000,-0.596396,0.600000,0.607188,-0.600000,-0.600000,-0.600000,0.600000,0.600000,-0.586737,-0.603596,-0.607182,-0.585524,-0.600000,-0.600000,-0.600000,-0.614317,0.578234,0.600000,0.610758,0.600000,-0.607183,-0.600000,-0.592782,-0.600000,-0.603598,-0.590371,0.600000,0.607182
2,0,0,0,1,W,0,27,1,1,-0.610755,-0.600000,1.000000,-0.614317,-0.600000,0.600000,-0.621409,0.602399,-0.569681,0.600000,-0.600000,0.600000,0.589158,-0.607182,0.589158,-0.610755,-0.590367,-0.600000,-0.574567,0.569684,0.607182,-0.600000,0.600000,-0.585524,-0.600000,0.600000,-0.600000,0.596396,-0.614317,-0.600000,-0.600000,-0.607182,-0.604805,-0.600000,-0.600000,-0.626103,-0.600000,0.600000,-0.600000,-0.602399,-0.603596,0.591577,-0.610755,-0.600000,-0.603600,0.600000,0.598814,-0.600000,-0.600000,-0.600000,0.600000,0.600000,-0.585524,-0.600005,-0.608375,-0.585524,-0.602399,-0.600000,-0.600000,-0.614317,0.580672,0.600000,0.615506,0.597599,-0.607183,-0.600000,-0.591575,-0.592782,-0.601204,-0.596406,0.600000,0.608374
3,0,0,0,1,stay,0,26,1,1,-0.614317,-0.600000,1.000000,-0.617867,-0.600000,0.600000,-0.626105,0.604793,-0.554922,0.600000,-0.600000,0.600000,0.581881,-0.609565,0.581881,-0.614317,-0.585524,-0.600000,-0.557381,0.559859,0.609565,-0.600000,0.600000,-0.583096,-0.600000,0.600000,-0.600000,0.592782,-0.616685,-0.600000,-0.600000,-0.615502,-0.611964,-0.600000,-0.600000,-0.635426,-0.600000,0.600000,-0.600000,-0.604793,-0.607182,0.589160,-0.617867,-0.600000,-0.608380,0.600000,0.590382,-0.600000,-0.600000,-0.600000,0.600000,0.600000,-0.581881,-0.593993,-0.610758,-0.583096,-0.604793,-0.600000,-0.600000,-0.616685,0.575800,0.600000,0.624936,0.595193,-0.604796,-0.600000,-0.584311,-0.584311,-0.605991,-0.601215,0.600000,0.615502
4,0,0,1,0,S,0,24,2,1,-0.619048,-0.600000,1.000000,-0.621405,-0.600000,0.600000,-0.630780,0.608374,-0.538822,0.600000,-0.600000,0.600000,0.567221,-0.613131,0.567221,-0.619048,-0.578229,-0.600000,-0.543776,0.556164,0.613131,-0.600000,0.600000,-0.581881,-0.600000,0.600000,-0.600000,0.589158,-0.617867,-0.600000,-0.600000,-0.615502,-0.626126,-0.600000,-0.600000,-0.644648,-0.600000,0.600000,-0.600000,-0.608374,-0.610755,0.577011,-0.631939,-0.600000,-0.604803,0.600000,0.579463,-0.600000,-0.600000,-0.600000,0.600000,0.600000,-0.578228,-0.597607,-0.622584,-0.581881,-0.608374,-0.600000,-0.600000,-0.617867,0.569686,0.600000,0.636591,0.591575,-0.597609,-0.600000,-0.575789,-0.584311,-0.610760,-0.614334,0.600000,0.623756
5,0,0,1,0,stay,0,23,2,1,-0.622581,-0.600000,1.000000,-0.623756,-0.600000,0.600000,-0.635428,0.610755,-0.521390,0.600000,-0.600000,0.600000,0.556146,-0.616685,0.556146,-0.622581,-0.572123,-0.600000,-0.532595,0.547511,0.616685,-0.600000,0.600000,-0.580664,-0.600000,0.600000,-0.600000,0.587948,-0.619048,-0.600000,-0.600000,-0.615502,-0.640079,-0.600000,-0.600000,-0.658280,-0.600000,0.600000,-0.600000,-0.610755,-0.611944,0.562309,-0.642349,-0.600000,-0.603607,0.600000,0.566011,-0.600000,-0.600000,-0.600000,0.600000,0.600000,-0.575789,-0.601211,-0.636584,-0.580664,-0.610755,-0.600000,-0.600000,-0.619048,0.563552,0.600000,0.648090,0.589158,-0.591585,-0.600000,-0.567221,-0.584311,-0.615507,-0.623773,0.600000,0.631939
6,0,0,1,0,S,0,21,3,1,-0.626101,-0.600000,1.000000,-0.627272,-0.600000,0.600000,-0.644653,0.616685,-0.502655,0.600000,-0.600000,0.600000,0.541293,-0.622581,0.541293,-0.626101,-0.559848,-0.600000,-0.520132,0.540074,0.622581,-0.600000,0.600000,-0.577009,-0.600000,0.600000,-0.600000,0.578228,-0.622581,-0.600000,-0.600000,-0.616685,-0.646979,-0.600000,-0.600000,-0.666119,-0.600000,0.600000,-0.600000,-0.616685,-0.621405,0.548733,-0.656023,-0.600000,-0.595209,0.600000,0.554930,-0.600000,-0.600000,-0.600000,0.600000,0.600000,-0.572122,-0.606000,-0.649219,-0.577009,-0.616685,-0.600000,-0.600000,-0.622581,0.558630,0.600000,0.659420,0.583096,-0.587961,-0.600000,-0.561076,-0.583096,-0.615511,-0.634284,0.600000,0.637738
7,0,1,0,1,E,0,19,2,1,-0.630774,-0.600000,1.000000,-0.631939,-0.600000,0.600000,-0.649226,0.623756,-0.486408,0.600000,-0.600000,0.600000,0.531348,-0.626101,0.531348,-0.630774,-0.548735,-0.600000,-0.488895,0.532618,0.626101,-0.600000,0.600000,-0.575789,-0.600000,0.600000,-0.600000,0.569673,-0.623756,-0.600000,-0.600000,-0.622581,-0.649278,-0.600000,-0.600000,-0.669451,-0.600000,0.600000,-0.600000,-0.623756,-0.629608,0.543778,-0.664999,-0.600000,-0.592803,0.600000,0.545033,-0.600000,-0.600000,-0.600000,0.600000,0.600000,-0.567221,-0.603613,-0.653767,-0.575789,-0.623756,-0.600000,-0.600000,-0.623756,0.545034,0.600000,0.668354,0.575789,-0.569687,-0.600000,-0.554912,-0.577009,-0.617879,-0.642371,0.600000,0.643498
8,0,1,0,1,stay,0,18,2,1,-0.641199,-0.600000,1.000000,-0.631939,-0.600000,0.600000,-0.651502,0.627272,-0.476421,0.600000,-0.600000,0.600000,0.530103,-0.628441,0.530103,-0.641199,-0.542538,-0.600000,-0.450297,0.512665,0.628441,-0.600000,0.600000,-0.575789,-0.600000,0.600000,-0.600000,0.565994,-0.623756,-0.600000,-0.600000,-0.627272,-0.640126,-0.600000,-0.600000,-0.674966,-0.600000,0.600000,-0.600000,-0.627272,-0.633102,0.538814,-0.666113,-0.600000,-0.594012,0.600000,0.535100,-0.600000,-0.600000,-0.600000,0.600000,0.600000,-0.567221,-0.601222,-0.658285,-0.575789,-0.627272,-0.600000,-0.600000,-0.623756,0.526386,0.600000,0.673880,0.572122,-0.547506,-0.600000,-0.551205,-0.572122,-0.619060,-0.643519,0.600000,0.646934
9,0,0,1,0,W,0,16,3,1,-0.641199,-0.600000,1.000000,-0.633102,-0.600000,0.600000,-0.654903,0.633102,-0.468942,0.600000,-0.600000,0.600000,0.520130,-0.631939,0.520130,-0.641199,-0.532598,-0.600000,-0.446586,0.516413,0.631939,-0.600000,0.600000,-0.575789,-0.600000,0.600000,-0.600000,0.561076,-0.623756,-0.600000,-0.600000,-0.629608,-0.644728,-0.600000,-0.600000,-0.676063,-0.600000,0.600000,-0.600000,-0.633102,-0.637738,0.535085,-0.674957,-0.600000,-0.591602,0.600000,0.528876,-0.600000,-0.600000,-0.600000,0.600000,0.600000,-0.565994,-0.602422,-0.661656,-0.575789,-0.633102,-0.600000,-0.600000,-0.623756,0.531370,0.600000,0.677171,0.565994,-0.546267,-0.600000,-0.551205,-0.569673,-0.615518,-0.652649,0.600000,0.646934
10,0,0,1,0,stay,1,29,3,1,-0.646934,-0.600000,1.000000,-0.640047,-0.600000,0.600000,-0.665012,0.636581,-0.452787,0.600000,-0.600000,0.600000,0.508891,-0.635423,0.508891,-0.646934,-0.525125,-0.600000,-0.431804,0.505170,0.635423,-0.600000,0.600000,-0.568448,-0.600000,0.600000,-0.600000,0.556146,-0.630774,-0.600000,-0.600000,-0.631939,-0.652725,-0.600000,-0.600000,-0.685850,-0.600000,0.600000,-0.600000,-0.636581,-0.642349,0.528863,-0.684759,-0.600000,-0.589187,0.600000,0.527632,-0.600000,-0.600000,-0.600000,0.600000,0.600000,-0.558612,-0.603619,-0.667238,-0.568448,-0.636581,-0.600000,-0.600000,-0.630774,0.521401,0.600000,0.688017,0.562307,-0.547508,-0.600000,-0.542534,-0.567221,-0.620244,-0.656053,0.600000,0.654892
11,0,0,0,0,S,0,27,4,1,-0.648076,-0.600000,1.000000,-0.640047,-0.600000,0.600000,-0.671668,0.636581,-0.440427,0.600000,-0.600000,0.600000,0.503892,-0.642349,0.503892,-0.648076,-0.517639,-0.600000,-0.428127,0.496421,0.642349,-0.600000,0.600000,-0.568448,-0.600000,0.600000,-0.600000,0.553677,-0.630774,-0.600000,-0.600000,-0.631939,-0.656125,-0.600000,-0.600000,-0.694412,-0.600000,0.600000,-0.600000,-0.636581,-0.644645,0.516391,-0.689064,-0.600000,-0.586765,0.600000,0.515157,-0.600000,-0.600000,-0.600000,0.600000,0.600000,-0.558612,-0.610778,-0.678254,-0.568448,-0.636581,-0.600000,-0.600000,-0.630774,0.518905,0.600000,0.696548,0.562307,-0.545030,-0.600000,-0.540052,-0.567221,-0.615526,-0.660555,0.600000,0.657151
12,0,0,1,1,E,0,25,3,1,-0.652627,-0.600000,1.000000,-0.646934,-0.600000,0.600000,-0.681526,0.642349,-0.420803,0.600000,-0.600000,0.600000,0.487644,-0.646934,0.487644,-0.652627,-0.506397,-0.600000,-0.411073,0.488921,0.646934,-0.600000,0.600000,-0.562307,-0.600000,0.600000,-0.600000,0.548731,-0.636581,-0.600000,-0.600000,-0.641199,-0.667336,-0.600000,-0.600000,-0.705968,-0.600000,0.600000,-0.600000,-0.642349,-0.649216,0.513893,-0.702830,-0.600000,-0.591610,0.600000,0.508912,-0.600000,-0.600000,-0.600000,0.600000,0.600000,-0.551205,-0.606017,-0.680438,-0.562307,-0.642349,-0.600000,-0.600000,-0.636581,0.516410,0.600000,0.705986,0.556146,-0.548749,-0.600000,-0.533837,-0.557380,-0.616714,-0.669480,0.600000,0.662766
13,0,0,1,1,stay,0,24,3,1,-0.656023,-0.600000,1.000000,-0.650355,-0.600000,0.600000,-0.688012,0.648076,-0.408660,0.600000,-0.600000,0.600000,0.475161,-0.649216,0.475161,-0.656023,-0.497648,-0.600000,-0.396621,0.483924,0.649216,-0.600000,0.600000,-0.557380,-0.600000,0.600000,-0.600000,0.548731,-0.641199,-0.600000,-0.600000,-0.649216,-0.678353,-0.600000,-0.600000,-0.717270,-0.600000,0.600000,-0.600000,-0.648076,-0.649216,0.513894,-0.713177,-0.600000,-0.600043,0.600000,0.505163,-0.600000,-0.600000,-0.600000,0.600000,0.600000,-0.547493,-0.600037,-0.680440,-0.557380,-0.648076,-0.600000,-0.600000,-0.641199,0.515162,0.600000,0.711156,0.549968,-0.551225,-0.600000,-0.530103,-0.548731,-0.617897,-0.676096,0.600000,0.666113
14,0,0,1,1,stay,0,23,3,1,-0.659402,-0.600000,1.000000,-0.658277,-0.600000,0.600000,-0.694425,0.653761,-0.391843,0.600000,-0.600000,0.600000,0.460222,-0.651492,0.460222,-0.659402,-0.488899,-0.600000,-0.382346,0.481425,0.651492,-0.600000,0.600000,-0.552441,-0.600000,0.600000,-0.600000,0.542534,-0.645790,-0.600000,-0.600000,-0.656023,-0.689194,-0.600000,-0.600000,-0.723321,-0.600000,0.600000,-0.600000,-0.653761,-0.654892,0.512645,-0.725305,-0.600000,-0.601246,0.600000,0.501413,-0.600000,-0.600000,-0.600000,0.600000,0.600000,-0.538810,-0.595230,-0.681534,-0.552441,-0.653761,-0.600000,-0.600000,-0.645790,0.512665,0.600000,0.719312,0.543775,-0.552464,-0.600000,-0.522625,-0.541293,-0.622613,-0.684806,0.600000,0.672757
15,0,0,0,0,S,0,21,4,1,-0.661646,-0.600000,1.000000,-0.661646,-0.600000,0.600000,-0.704943,0.654892,-0.382346,0.600000,-0.600000,0.600000,0.457739,-0.656023,0.457739,-0.661646,-0.482654,-0.600000,-0.377631,0.467709,0.656023,-0.600000,0.600000,-0.545015,-0.600000,0.600000,-0.600000,0.536324,-0.652627,-0.600000,-0.600000,-0.656023,-0.685978,-0.600000,-0.600000,-0.729295,-0.600000,0.600000,-0.600000,-0.654892,-0.660525,0.506398,-0.727295,-0.600000,-0.595241,0.600000,0.502663,-0.600000,-0.600000,-0.600000,0.600000,0.600000,-0.535081,-0.600042,-0.686940,-0.545015,-0.654892,-0.600000,-0.600000,-0.652627,0.503918,0.600000,0.725335,0.542534,-0.557405,-0.600000,-0.520130,-0.541293,-0.620265,-0.680482,0.600000,0.674957
16,0,0,0,1,E,0,19,5,1,-0.662766,-0.600000,1.000000,-0.663883,-0.600000,0.600000,-0.711151,0.656023,-0.371769,0.600000,-0.600000,0.600000,0.454017,-0.659402,0.454017,-0.662766,-0.477661,-0.600000,-0.369435,0.457762,0.659402,-0.600000,0.600000,-0.541293,-0.600000,0.600000,-0.600000,0.535081,-0.656023,-0.600000,-0.600000,-0.660525,-0.690279,-0.600000,-0.600000,-0.738100,-0.600000,0.600000,-0.600000,-0.656023,-0.661646,0.502648,-0.730263,-0.600000,-0.598851,0.600000,0.497663,-0.600000,-0.600000,-0.600000,0.600000,0.600000,-0.532593,-0.598844,-0.690162,-0.541293,-0.656023,-0.600000,-0.600000,-0.656023,0.498918,0.600000,0.731280,0.541293,-0.558639,-0.600000,-0.516385,-0.536324,-0.620268,-0.680486,0.600000,0.678242
17,0,0,1,0,S,0,17,6,1,-0.663883,-0.600000,1.000000,-0.663883,-0.600000,0.600000,-0.714225,0.656023,-0.349850,0.600000,-0.600000,0.600000,0.442884,-0.662766,0.442884,-0.663883,-0.473920,-0.600000,-0.356707,0.444142,0.662766,-0.600000,0.600000,-0.541293,-0.600000,0.600000,-0.600000,0.535081,-0.656023,-0.600000,-0.600000,-0.661646,-0.709206,-0.600000,-0.600000,-0.756066,-0.600000,0.600000,-0.600000,-0.656023,-0.661646,0.480158,-0.739045,-0.600000,-0.600052,0.600000,0.473935,-0.600000,-0.600000,-0.600000,0.600000,0.600000,-0.532593,-0.601247,-0.709089,-0.541293,-0.656023,-0.600000,-0.600000,-0.656023,0.487670,0.600000,0.743881,0.541293,-0.547519,-0.600000,-0.503892,-0.535081,-0.628482,-0.690198,0.600000,0.689064
18,0,0,1,0,S,0,15,7,1,-0.663883,-0.600000,1.000000,-0.664999,-0.600000,0.600000,-0.715246,0.658277,-0.339675,0.600000,-0.600000,0.600000,0.434264,-0.663883,0.434264,-0.663883,-0.470181,-0.600000,-0.353270,0.442906,0.663883,-0.600000,0.600000,-0.541293,-0.600000,0.600000,-0.600000,0.530103,-0.656023,-0.600000,-0.600000,-0.661646,-0.716381,-0.600000,-0.600000,-0.759741,-0.600000,0.600000,-0.600000,-0.658277,-0.666113,0.470182,-0.745746,-0.600000,-0.595245,0.600000,0.463973,-0.600000,-0.600000,-0.600000,0.600000,0.600000,-0.531348,-0.602445,-0.717280,-0.541293,-0.658277,-0.600000,-0.600000,-0.656023,0.486420,0.600000,0.748623,0.538810,-0.543801,-0.600000,-0.498892,-0.535081,-0.631979,-0.697639,0.600000,0.693337
19,0,0,1,0,stay,1,29,7,1,-0.666113,-0.600000,1.000000,-0.666113,-0.600000,0.600000,-0.717280,0.659402,-0.325239,0.600000,-0.600000,0.600000,0.425683,-0.666113,0.425683,-0.666113,-0.466445,-0.600000,-0.343050,0.434285,0.666113,-0.600000,0.600000,-0.541293,-0.600000,0.600000,-0.600000,0.528858,-0.656023,-0.600000,-0.600000,-0.661646,-0.728429,-0.600000,-0.600000,-0.769651,-0.600000,0.600000,-0.600000,-0.659402,-0.667225,0.455263,-0.752334,-0.600000,-0.594041,0.600000,0.449084,-0.600000,-0.600000,-0.600000,0.600000,0.600000,-0.530103,-0.604839,-0.729300,-0.541293,-0.659402,-0.600000,-0.600000,-0.656023,0.478929,0.600000,0.757932,0.537567,-0.535108,-0.600000,-0.488893,-0.535081,-0.638934,-0.704978,0.600000,0.701784
20,0,1,0,0,S,0,27,8,1,-0.668335,-0.600000,1.000000,-0.666113,-0.600000,0.600000,-0.717280,0.662766,-0.315433,0.600000,-0.600000,0.600000,0.425683,-0.666113,0.425683,-0.668335,-0.462714,-0.600000,-0.321949,0.420819,0.666113,-0.600000,0.600000,-0.541293,-0.600000,0.600000,-0.600000,0.516385,-0.656023,-0.600000,-0.600000,-0.661646,-0.717428,-0.600000,-0.600000,-0.768770,-0.600000,0.600000,-0.600000,-0.662766,-0.678242,0.444125,-0.752334,-0.600000,-0.581934,0.600000,0.437975,-0.600000,-0.600000,-0.600000,0.600000,0.600000,-0.530103,-0.604839,-0.738102,-0.541293,-0.662766,-0.600000,-0.600000,-0.656023,0.461490,0.600000,0.758849,0.533837,-0.513915,-0.600000,-0.487644,-0.535081,-0.640087,-0.704978,0.600000,0.702830
21,0,1,0,0,W,0,25,7,1,-0.672757,-0.600000,1.000000,-0.666113,-0.600000,0.600000,-0.722328,0.663883,-0.296311,0.600000,-0.600000,0.600000,0.424460,-0.671654,0.424460,-0.672757,-0.455262,-0.600000,-0.294217,0.395446,0.671654,-0.600000,0.600000,-0.541293,-0.600000,0.600000,-0.600000,0.515137,-0.656023,-0.600000,-0.600000,-0.661646,-0.724477,-0.600000,-0.600000,-0.783553,-0.600000,0.600000,-0.600000,-0.663883,-0.679333,0.422024,-0.753265,-0.600000,-0.580717,0.600000,0.415951,-0.600000,-0.600000,-0.600000,0.600000,0.600000,-0.530103,-0.610802,-0.755144,-0.541293,-0.663883,-0.600000,-0.600000,-0.656023,0.435518,0.600000,0.773210,0.532593,-0.486422,-0.600000,-0.473914,-0.535081,-0.646977,-0.706018,0.600000,0.714200
22,0,0,1,1,S,0,23,8,1,-0.673858,-0.600000,1.000000,-0.669443,-0.600000,0.600000,-0.723331,0.666113,-0.288024,0.600000,-0.600000,0.600000,0.417146,-0.671654,0.417146,-0.673858,-0.452783,-0.600000,-0.285971,0.394247,0.671654,-0.600000,0.600000,-0.540052,-0.600000,0.600000,-0.600000,0.513888,-0.657151,-0.600000,-0.600000,-0.666113,-0.730434,-0.600000,-0.600000,-0.787772,-0.600000,0.600000,-0.600000,-0.666113,-0.680422,0.420805,-0.758806,-0.600000,-0.584368,0.600000,0.411097,-0.600000,-0.600000,-0.600000,0.600000,0.600000,-0.526366,-0.606039,-0.756069,-0.540052,-0.666113,-0.600000,-0.600000,-0.657151,0.433060,0.600000,0.774961,0.530103,-0.483924,-0.600000,-0.471421,-0.530103,-0.649259,-0.711187,0.600000,0.716239
23,0,0,1,1,stay,0,22,8,1,-0.678242,-0.600000,1.000000,-0.677148,-0.600000,0.600000,-0.727320,0.669443,-0.270879,0.600000,-0.600000,0.600000,0.405036,-0.672757,0.405036,-0.678242,-0.447831,-0.600000,-0.269897,0.385903,0.672757,-0.600000,0.600000,-0.536324,-0.600000,0.600000,-0.600000,0.508891,-0.660525,-0.600000,-0.600000,-0.672757,-0.740197,-0.600000,-0.600000,-0.795208,-0.600000,0.600000,-0.600000,-0.669443,-0.684759,0.415935,-0.767850,-0.600000,-0.586799,0.600000,0.402645,-0.600000,-0.600000,-0.600000,0.600000,0.600000,-0.517634,-0.600058,-0.759745,-0.536324,-0.669443,-0.600000,-0.600000,-0.660525,0.425701,0.600000,0.782725,0.526366,-0.480178,-0.600000,-0.461465,-0.522625,-0.657193,-0.718337,0.600000,0.724306
24,0,0,1,1,stay,0,21,8,1,-0.681509,-0.600000,1.000000,-0.684759,-0.600000,0.600000,-0.732255,0.673858,-0.256295,0.600000,-0.600000,0.600000,0.390656,-0.673858,0.390656,-0.681509,-0.441656,-0.600000,-0.258225,0.382343,0.673858,-0.600000,0.600000,-0.531348,-0.600000,0.600000,-0.600000,0.503892,-0.664999,-0.600000,-0.600000,-0.678242,-0.752527,-0.600000,-0.600000,-0.801662,-0.600000,0.600000,-0.600000,-0.673858,-0.689064,0.412292,-0.778387,-0.600000,-0.588014,0.600000,0.397838,-0.600000,-0.600000,-0.600000,0.600000,0.600000,-0.508891,-0.595251,-0.762481,-0.531348,-0.673858,-0.600000,-0.600000,-0.664999,0.420815,0.600000,0.790293,0.521378,-0.480177,-0.600000,-0.451539,-0.516385,-0.665041,-0.726374,0.600000,0.732231
25,0,0,0,0,S,0,19,9,1,-0.681509,-0.600000,1.000000,-0.684759,-0.600000,0.600000,-0.737134,0.676053,-0.250611,0.600000,-0.600000,0.600000,0.388277,-0.678242,0.388277,-0.681509,-0.434268,-0.600000,-0.255356,0.376453,0.678242,-0.600000,0.600000,-0.530103,-0.600000,0.600000,-0.600000,0.497642,-0.666113,-0.600000,-0.600000,-0.679333,-0.750664,-0.600000,-0.600000,-0.803250,-0.600000,0.600000,-0.600000,-0.676053,-0.694400,0.406244,-0.780109,-0.600000,-0.583163,0.600000,0.391860,-0.600000,-0.600000,-0.600000,0.600000,0.600000,-0.508891,-0.598863,-0.766987,-0.530103,-0.676053,-0.600000,-0.600000,-0.666113,0.419593,0.600000,0.794415,0.518882,-0.478929,-0.600000,-0.450300,-0.515137,-0.661694,-0.727370,0.600000,0.733211
26,0,0,0,0,stay,1,29,9,1,-0.682594,-0.600000,1.000000,-0.684759,-0.600000,0.600000,-0.740996,0.676053,-0.236773,0.600000,-0.600000,0.600000,0.385903,-0.682594,0.385903,-0.682594,-0.429360,-0.600000,-0.248750,0.360157,0.682594,-0.600000,0.600000,-0.530103,-0.600000,0.600000,-0.600000,0.497642,-0.666113,-0.600000,-0.600000,-0.679333,-0.758085,-0.600000,-0.600000,-0.814851,-0.600000,0.600000,-0.600000,-0.676053,-0.694400,0.388279,-0.781822,-0.600000,-0.583163,0.600000,0.374129,-0.600000,-0.600000,-0.600000,0.600000,0.600000,-0.508891,-0.603660,-0.780139,-0.530103,-0.676053,-0.600000,-0.600000,-0.666113,0.412302,0.600000,0.803270,0.518882,-0.471447,-0.600000,-0.441650,-0.515137,-0.665050,-0.729351,0.600000,0.740009
27,0,1,0,1,S,0,27,10,1,-0.684759,-0.600000,1.000000,-0.685838,-0.600000,0.600000,-0.741955,0.677148,-0.226088,0.600000,-0.600000,0.600000,0.383535,-0.683678,0.383535,-0.684759,-0.426910,-0.600000,-0.232286,0.347570,0.683678,-0.600000,0.600000,-0.530103,-0.600000,0.600000,-0.600000,0.493892,-0.666113,-0.600000,-0.600000,-0.680422,-0.761741,-0.600000,-0.600000,-0.820824,-0.600000,0.600000,-0.600000,-0.677148,-0.697577,0.376465,-0.783526,-0.600000,-0.580731,0.600000,0.361334,-0.600000,-0.600000,-0.600000,0.600000,0.600000,-0.507641,-0.603661,-0.788607,-0.530103,-0.677148,-0.600000,-0.600000,-0.666113,0.395441,0.600000,0.809526,0.517634,-0.452803,-0.600000,-0.433035,-0.513888,-0.671705,-0.731323,0.600000,0.746695
28,0,0,0,0,S,0,25,11,1,-0.684759,-0.600000,1.000000,-0.685838,-0.600000,0.600000,-0.743867,0.678242,-0.214059,0.600000,-0.600000,0.600000,0.383535,-0.685838,0.383535,-0.684759,-0.423243,-0.600000,-0.228734,0.331858,0.685838,-0.600000,0.600000,-0.530103,-0.600000,0.600000,-0.600000,0.493892,-0.666113,-0.600000,-0.600000,-0.680422,-0.768043,-0.600000,-0.600000,-0.830905,-0.600000,0.600000,-0.600000,-0.678242,-0.697577,0.360170,-0.783526,-0.600000,-0.580731,0.600000,0.345330,-0.600000,-0.600000,-0.600000,0.600000,0.600000,-0.507641,-0.606053,-0.800057,-0.530103,-0.678242,-0.600000,-0.600000,-0.666113,0.391859,0.600000,0.816384,0.516385,-0.447851,-0.600000,-0.424460,-0.513888,-0.677199,-0.731323,0.600000,0.753265
29,0,0,0,0,S,0,23,12,1,-0.684759,-0.600000,1.000000,-0.685838,-0.600000,0.600000,-0.743867,0.678242,-0.204124,0.600000,-0.600000,0.600000,0.383535,-0.685838,0.383535,-0.684759,-0.423243,-0.600000,-0.224348,0.318680,0.685838,-0.600000,0.600000,-0.530103,-0.600000,0.600000,-0.600000,0.493892,-0.666113,-0.600000,-0.600000,-0.680422,-0.773352,-0.600000,-0.600000,-0.839182,-0.600000,0.600000,-0.600000,-0.678242,-0.697577,0.346452,-0.783526,-0.600000,-0.580731,0.600000,0.331883,-0.600000,-0.600000,-0.600000,0.600000,0.600000,-0.507641,-0.606053,-0.809497,-0.530103,-0.678242,-0.600000,-0.600000,-0.666113,0.385915,0.600000,0.820845,0.516385,-0.441676,-0.600000,-0.417146,-0.513888,-0.683727,-0.731323,0.600000,0.758806
30,0,0,1,0,S,0,21,13,1,-0.684759,-0.600000,1.000000,-0.685838,-0.600000,0.600000,-0.744820,0.678242,-0.194535,0.600000,-0.600000,0.600000,0.376463,-0.686916,0.376463,-0.684759,-0.422023,-0.600000,-0.219163,0.312196,0.686916,-0.600000,0.600000,-0.530103,-0.600000,0.600000,-0.600000,0.493892,-0.666113,-0.600000,-0.600000,-0.680422,-0.783720,-0.600000,-0.600000,-0.847129,-0.600000,0.600000,-0.600000,-0.678242,-0.697577,0.332984,-0.788578,-0.600000,-0.580731,0.600000,0.318704,-0.600000,-0.600000,-0.600000,0.600000,0.600000,-0.507641,-0.607246,-0.818592,-0.530103,-0.678242,-0.600000,-0.600000,-0.666113,0.378826,0.600000,0.825945,0.516385,-0.434289,-0.600000,-0.409867,-0.513888,-0.689114,-0.737183,0.600000,0.764261
31,0,0,0,0,S,0,19,14,1,-0.686916,-0.600000,1.000000,-0.693337,-0.600000,0.600000,-0.748607,0.685838,-0.184530,0.600000,-0.600000,0.600000,0.368278,-0.687991,0.368278,-0.686916,-0.412292,-0.600000,-0.213224,0.307905,0.687991,-0.600000,0.600000,-0.526366,-0.600000,0.600000,-0.600000,0.477656,-0.669443,-0.600000,-0.600000,-0.680422,-0.782037,-0.600000,-0.600000,-0.844528,-0.600000,0.600000,-0.600000,-0.685838,-0.711125,0.326349,-0.794363,-0.600000,-0.564832,0.600000,0.315447,-0.600000,-0.600000,-0.600000,0.600000,0.600000,-0.498892,-0.608439,-0.823012,-0.526366,-0.685838,-0.600000,-0.600000,-0.669443,0.377643,0.600000,0.830928,0.507641,-0.431831,-0.600000,-0.402628,-0.513888,-0.694451,-0.741049,0.600000,0.769630
32,0,0,0,0,stay,1,29,14,1,-0.687991,-0.600000,1.000000,-0.695461,-0.600000,0.600000,-0.751423,0.687991,-0.177841,0.600000,-0.600000,0.600000,0.364793,-0.691205,0.364793,-0.687991,-0.406246,-0.600000,-0.209054,0.302594,0.691205,-0.600000,0.600000,-0.526366,-0.600000,0.600000,-0.600000,0.475161,-0.669443,-0.600000,-0.600000,-0.680422,-0.787119,-0.600000,-0.600000,-0.847790,-0.600000,0.600000,-0.600000,-0.687991,-0.713177,0.318695,-0.796806,-0.600000,-0.562374,0.600000,0.307932,-0.600000,-0.600000,-0.600000,0.600000,0.600000,-0.496392,-0.612008,-0.828061,-0.526366,-0.687991,-0.600000,-0.600000,-0.669443,0.375293,0.600000,0.837173,0.505142,-0.426929,-0.600000,-0.395430,-0.513888,-0.697628,-0.743920,0.600000,0.774913
33,0,0,0,0,S,0,27,15,1,-0.687991,-0.600000,1.000000,-0.695461,-0.600000,0.600000,-0.755145,0.687991,-0.162298,0.600000,-0.600000,0.600000,0.364793,-0.695461,0.364793,-0.687991,-0.401428,-0.600000,-0.201700,0.279873,0.695461,-0.600000,0.600000,-0.526366,-0.600000,0.600000,-0.600000,0.475161,-0.669443,-0.600000,-0.600000,-0.680422,-0.796202,-0.600000,-0.600000,-0.861472,-0.600000,0.600000,-0.600000,-0.687991,-0.713177,0.295279,-0.796806,-0.600000,-0.562374,0.600000,0.284974,-0.600000,-0.600000,-0.600000,0.600000,0.600000,-0.496392,-0.616749,-0.843186,-0.526366,-0.687991,-0.600000,-0.600000,-0.669443,0.364797,0.600000,0.847165,0.505142,-0.415953,-0.600000,-0.382353,-0.513888,-0.704967,-0.743920,0.600000,0.784374
34,0,1,0,0,S,0,25,16,1,-0.687991,-0.600000,1.000000,-0.695461,-0.600000,0.600000,-0.756069,0.687991,-0.154292,0.600000,-0.600000,0.600000,0.364793,-0.696520,0.364793,-0.687991,-0.400227,-0.600000,-0.192198,0.267929,0.696520,-0.600000,0.600000,-0.526366,-0.600000,0.600000,-0.600000,0.475161,-0.669443,-0.600000,-0.600000,-0.680422,-0.801034,-0.600000,-0.600000,-0.868491,-0.600000,0.600000,-0.600000,-0.687991,-0.713177,0.282936,-0.796806,-0.600000,-0.562374,0.600000,0.272895,-0.600000,-0.600000,-0.600000,0.600000,0.600000,-0.496392,-0.617931,-0.850970,-0.526366,-0.687991,-0.600000,-0.600000,-0.669443,0.351000,0.600000,0.851652,0.505142,-0.401448,-0.600000,-0.375289,-0.513888,-0.710145,-0.743920,0.600000,0.789412
35,0,1,0,0,S,0,23,17,1,-0.687991,-0.600000,1.000000,-0.695461,-0.600000,0.600000,-0.756069,0.687991,-0.146611,0.600000,-0.600000,0.600000,0.364793,-0.696520,0.364793,-0.687991,-0.400227,-0.600000,-0.183040,0.256312,0.696520,-0.600000,0.600000,-0.526366,-0.600000,0.600000,-0.600000,0.475161,-0.669443,-0.600000,-0.600000,-0.680422,-0.805780,-0.600000,-0.600000,-0.875206,-0.600000,0.600000,-0.600000,-0.687991,-0.713177,0.270910,-0.796806,-0.600000,-0.562374,0.600000,0.261139,-0.600000,-0.600000,-0.600000,0.600000,0.600000,-0.496392,-0.617931,-0.858433,-0.526366,-0.687991,-0.600000,-0.600000,-0.669443,0.337447,0.600000,0.855409,0.505142,-0.387112,-0.600000,-0.368278,-0.513888,-0.716287,-0.743920,0.600000,0.794363
36,0,0,0,0,S,0,21,18,1,-0.687991,-0.600000,1.000000,-0.695461,-0.600000,0.600000,-0.756991,0.687991,-0.136865,0.600000,-0.600000,0.600000,0.364793,-0.697577,0.364793,-0.687991,-0.399027,-0.600000,-0.177125,0.241343,0.697577,-0.600000,0.600000,-0.526366,-0.600000,0.600000,-0.600000,0.475161,-0.669443,-0.600000,-0.600000,-0.680422,-0.811972,-0.600000,-0.600000,-0.883700,-0.600000,0.600000,-0.600000,-0.687991,-0.713177,0.255383,-0.796806,-0.600000,-0.562374,0.600000,0.245983,-0.600000,-0.600000,-0.600000,0.600000,0.600000,-0.496392,-0.619112,-0.867896,-0.526366,-0.687991,-0.600000,-0.600000,-0.669443,0.328555,0.600000,0.860898,0.505142,-0.377660,-0.600000,-0.359016,-0.513888,-0.723354,-0.743920,0.600000,0.800829
37,0,0,1,0,S,0,19,19,1,-0.687991,-0.600000,1.000000,-0.695461,-0.600000,0.600000,-0.760656,0.687991,-0.127669,0.600000,-0.600000,0.600000,0.355569,-0.701784,0.355569,-0.687991,-0.394238,-0.600000,-0.172787,0.234086,0.701784,-0.600000,0.600000,-0.526366,-0.600000,0.600000,-0.600000,0.475161,-0.669443,-0.600000,-0.600000,-0.680422,-0.823915,-0.600000,-0.600000,-0.891688,-0.600000,0.600000,-0.600000,-0.687991,-0.713177,0.240451,-0.803215,-0.600000,-0.562374,0.600000,0.231429,-0.600000,-0.600000,-0.600000,0.600000,0.600000,-0.496392,-0.623820,-0.876818,-0.526366,-0.687991,-0.600000,-0.600000,-0.669443,0.321966,0.600000,0.867950,0.505142,-0.370631,-0.600000,-0.349857,-0.513888,-0.727342,-0.751475,0.600000,0.807142
38,0,0,0,0,S,0,17,20,1,-0.687991,-0.600000,1.000000,-0.696520,-0.600000,0.600000,-0.763380,0.689064,-0.123813,0.600000,-0.600000,0.600000,0.354423,-0.704917,0.354423,-0.687991,-0.389469,-0.600000,-0.170650,0.229628,0.704917,-0.600000,0.600000,-0.526366,-0.600000,0.600000,-0.600000,0.468930,-0.669443,-0.600000,-0.600000,-0.680422,-0.823197,-0.600000,-0.600000,-0.892176,-0.600000,0.600000,-0.600000,-0.689064,-0.718269,0.235008,-0.804005,-0.600000,-0.556214,0.600000,0.226129,-0.600000,-0.600000,-0.600000,0.600000,0.600000,-0.495142,-0.627335,-0.880028,-0.526366,-0.689064,-0.600000,-0.600000,-0.669443,0.319783,0.600000,0.871359,0.503892,-0.367136,-0.600000,-0.346450,-0.513888,-0.727347,-0.752409,0.600000,0.809470
39,0,1,0,1,E,0,15,21,1,-0.687991,-0.600000,1.000000,-0.696520,-0.600000,0.600000,-0.764283,0.689064,-0.117438,0.600000,-0.600000,0.600000,0.353279,-0.705957,0.353279,-0.687991,-0.388280,-0.600000,-0.162994,0.220030,0.705957,-0.600000,0.600000,-0.526366,-0.600000,0.600000,-0.600000,0.468930,-0.669443,-0.600000,-0.600000,-0.680422,-0.828241,-0.600000,-0.600000,-0.897825,-0.600000,0.600000,-0.600000,-0.689064,-0.718269,0.224379,-0.804793,-0.600000,-0.556214,0.600000,0.215788,-0.600000,-0.600000,-0.600000,0.600000,0.600000,-0.495142,-0.628504,-0.886231,-0.526366,-0.689064,-0.600000,-0.600000,-0.669443,0.307928,0.600000,0.875241,0.503892,-0.354444,-0.600000,-0.339684,-0.513888,-0.732282,-0.753340,0.600000,0.814061
40,0,0,0,0,S,0,13,22,1,-0.687991,-0.600000,1.000000,-0.696520,-0.600000,0.600000,-0.768763,0.689064,-0.106487,0.600000,-0.600000,0.600000,0.353279,-0.711125,0.353279,-0.687991,-0.382356,-0.600000,-0.155617,0.201708,0.711125,-0.600000,0.600000,-0.526366,-0.600000,0.600000,-0.600000,0.468930,-0.669443,-0.600000,-0.600000,-0.680422,-0.835938,-0.600000,-0.600000,-0.907502,-0.600000,0.600000,-0.600000,-0.689064,-0.718269,0.205791,-0.804793,-0.600000,-0.556214,0.600000,0.197730,-0.600000,-0.600000,-0.600000,0.600000,0.600000,-0.495142,-0.634326,-0.896879,-0.526366,-0.689064,-0.600000,-0.600000,-0.669443,0.296321,0.600000,0.883743,0.503892,-0.341953,-0.600000,-0.327448,-0.513888,-0.738129,-0.753340,0.600000,0.822256
41,0,1,1,0,S,0,11,23,1,-0.687991,-0.600000,1.000000,-0.696520,-0.600000,0.600000,-0.771423,0.689064,-0.098206,0.600000,-0.600000,0.600000,0.343059,-0.714200,0.343059,-0.687991,-0.378818,-0.600000,-0.144753,0.194549,0.714200,-0.600000,0.600000,-0.526366,-0.600000,0.600000,-0.600000,0.468930,-0.669443,-0.600000,-0.600000,-0.680422,-0.847950,-0.600000,-0.600000,-0.914799,-0.600000,0.600000,-0.600000,-0.689064,-0.718269,0.191449,-0.811776,-0.600000,-0.556214,0.600000,0.183819,-0.600000,-0.600000,-0.600000,0.600000,0.600000,-0.495142,-0.637801,-0.904926,-0.526366,-0.689064,-0.600000,-0.600000,-0.669443,0.278891,0.600000,0.889784,0.503892,-0.323076,-0.600000,-0.317607,-0.513888,-0.743893,-0.761617,0.600000,0.828748
42,0,0,0,1,S,0,9,24,1,-0.689064,-0.600000,1.000000,-0.699685,-0.600000,0.600000,-0.774060,0.692272,-0.093858,0.600000,-0.600000,0.600000,0.337443,-0.715220,0.337443,-0.689064,-0.374120,-0.600000,-0.139259,0.190651,0.715220,-0.600000,0.600000,-0.523872,-0.600000,0.600000,-0.600000,0.460222,-0.671654,-0.600000,-0.600000,-0.684759,-0.848600,-0.600000,-0.600000,-0.915577,-0.600000,0.600000,-0.600000,-0.692272,-0.725305,0.189132,-0.815572,-0.600000,-0.552509,0.600000,0.180087,-0.600000,-0.600000,-0.600000,0.600000,0.600000,-0.491393,-0.634332,-0.906214,-0.523872,-0.692272,-0.600000,-0.600000,-0.671654,0.275875,0.600000,0.892218,0.500142,-0.320887,-0.600000,-0.313285,-0.508891,-0.746744,-0.764333,0.600000,0.831572
43,0,0,0,1,stay,1,29,24,1,-0.690136,-0.600000,1.000000,-0.702830,-0.600000,0.600000,-0.775807,0.695461,-0.089677,0.600000,-0.600000,0.600000,0.332982,-0.716239,0.332982,-0.690136,-0.369446,-0.600000,-0.133938,0.186808,0.716239,-0.600000,0.600000,-0.522625,-0.600000,0.600000,-0.600000,0.457739,-0.672757,-0.600000,-0.600000,-0.690136,-0.851162,-0.600000,-0.600000,-0.917875,-0.600000,0.600000,-0.600000,-0.695461,-0.727295,0.187601,-0.818566,-0.600000,-0.556217,0.600000,0.175693,-0.600000,-0.600000,-0.600000,0.600000,0.600000,-0.487644,-0.629686,-0.907062,-0.522625,-0.695461,-0.600000,-0.600000,-0.672757,0.274867,0.600000,0.894132,0.496392,-0.318710,-0.600000,-0.310064,-0.502642,-0.748633,-0.767031,0.600000,0.833666
44,0,0,0,1,stay,0,28,24,1,-0.691205,-0.600000,1.000000,-0.704917,-0.600000,0.600000,-0.781846,0.697577,-0.081823,0.600000,-0.600000,0.600000,0.329656,-0.722303,0.329656,-0.691205,-0.360171,-0.600000,-0.127672,0.174213,0.722303,-0.600000,0.600000,-0.521378,-0.600000,0.600000,-0.600000,0.456497,-0.673858,-0.600000,-0.600000,-0.693337,-0.858012,-0.600000,-0.600000,-0.924422,-0.600000,0.600000,-0.600000,-0.697577,-0.728287,0.176420,-0.820787,-0.600000,-0.558685,0.600000,0.163699,-0.600000,-0.600000,-0.600000,0.600000,0.600000,-0.485146,-0.633182,-0.913206,-0.521378,-0.697577,-0.600000,-0.600000,-0.673858,0.268917,0.600000,0.901494,0.493892,-0.312223,-0.600000,-0.299460,-0.498892,-0.752382,-0.768817,0.600000,0.840496
45,0,0,0,1,stay,0,27,24,1,-0.692272,-0.600000,1.000000,-0.714200,-0.600000,0.600000,-0.783552,0.699685,-0.074936,0.600000,-0.600000,0.600000,0.317607,-0.723306,0.317607,-0.692272,-0.356719,-0.600000,-0.120590,0.173468,0.723306,-0.600000,0.600000,-0.520130,-0.600000,0.600000,-0.600000,0.450300,-0.674957,-0.600000,-0.600000,-0.697577,-0.866371,-0.600000,-0.600000,-0.926498,-0.600000,0.600000,-0.600000,-0.699685,-0.733211,0.172096,-0.828748,-0.600000,-0.557455,0.600000,0.157621,-0.600000,-0.600000,-0.600000,0.600000,0.600000,-0.473914,-0.629693,-0.915560,-0.520130,-0.699685,-0.600000,-0.600000,-0.674957,0.262077,0.600000,0.905855,0.491393,-0.304750,-0.600000,-0.290096,-0.493892,-0.759771,-0.777599,0.600000,0.846447
46,0,0,0,0,S,0,25,25,1,-0.693337,-0.600000,1.000000,-0.715220,-0.600000,0.600000,-0.789437,0.699685,-0.069240,0.600000,-0.600000,0.600000,0.315442,-0.729276,0.315442,-0.693337,-0.349860,-0.600000,-0.117438,0.162275,0.729276,-0.600000,0.600000,-0.518882,-0.600000,0.600000,-0.600000,0.449063,-0.676053,-0.600000,-0.600000,-0.697577,-0.870944,-0.600000,-0.600000,-0.931774,-0.600000,0.600000,-0.600000,-0.699685,-0.734189,0.160977,-0.830165,-0.600000,-0.556221,0.600000,0.147900,-0.600000,-0.600000,-0.600000,0.600000,0.600000,-0.472667,-0.636666,-0.921555,-0.518882,-0.699685,-0.600000,-0.600000,-0.676053,0.256307,0.600000,0.911677,0.491393,-0.300525,-0.600000,-0.281920,-0.493892,-0.761596,-0.778466,0.600000,0.851583
47,0,0,0,0,N,0,23,27,1,-0.693337,-0.600000,1.000000,-0.715220,-0.600000,0.600000,-0.790268,0.699685,-0.064853,0.600000,-0.600000,0.600000,0.315442,-0.730263,0.315442,-0.693337,-0.348723,-0.600000,-0.113852,0.152967,0.730263,-0.600000,0.600000,-0.518882,-0.600000,0.600000,-0.600000,0.449063,-0.676053,-0.600000,-0.600000,-0.697577,-0.874835,-0.600000,-0.600000,-0.936101,-0.600000,0.600000,-0.600000,-0.699685,-0.734189,0.151730,-0.830165,-0.600000,-0.556221,0.600000,0.139279,-0.600000,-0.600000,-0.600000,0.600000,0.600000,-0.472667,-0.637822,-0.926478,-0.518882,-0.699685,-0.600000,-0.600000,-0.676053,0.249685,0.600000,0.914854,0.491393,-0.293212,-0.600000,-0.274881,-0.493892,-0.767007,-0.778466,0.600000,0.855960
48,0,0,0,0,S,0,21,26,1,-0.693337,-0.600000,1.000000,-0.715220,-0.600000,0.600000,-0.794388,0.699685,-0.058479,0.600000,-0.600000,0.600000,0.315442,-0.735165,0.315442,-0.693337,-0.343062,-0.600000,-0.108410,0.139229,0.735165,-0.600000,0.600000,-0.518882,-0.600000,0.600000,-0.600000,0.449063,-0.676053,-0.600000,-0.600000,-0.697577,-0.880745,-0.600000,-0.600000,-0.942387,-0.600000,0.600000,-0.600000,-0.699685,-0.734189,0.138084,-0.830165,-0.600000,-0.556221,0.600000,0.126585,-0.600000,-0.600000,-0.600000,0.600000,0.600000,-0.472667,-0.643581,-0.933643,-0.518882,-0.699685,-0.600000,-0.600000,-0.676053,0.239511,0.600000,0.920902,0.491393,-0.281933,-0.600000,-0.264043,-0.493892,-0.772333,-0.778466,0.600000,0.862621
49,0,0,1,0,E,0,19,27,1,-0.693337,-0.600000,1.000000,-0.716239,-0.600000,0.600000,-0.797640,0.699685,-0.054217,0.600000,-0.600000,0.600000,0.306861,-0.739045,0.306861,-0.693337,-0.338566,-0.600000,-0.104596,0.135077,0.739045,-0.600000,0.600000,-0.518882,-0.600000,0.600000,-0.600000,0.449063,-0.676053,-0.600000,-0.600000,-0.697577,-0.888918,-0.600000,-0.600000,-0.946335,-0.600000,0.600000,-0.600000,-0.699685,-0.734189,0.129382,-0.835739,-0.600000,-0.556221,0.600000,0.118508,-0.600000,-0.600000,-0.600000,0.600000,0.600000,-0.471421,-0.648159,-0.938151,-0.518882,-0.699685,-0.600000,-0.600000,-0.676053,0.232292,0.600000,0.925178,0.491393,-0.273898,-0.600000,-0.256334,-0.493892,-0.775835,-0.785297,0.600000,0.867301
50,0,1,0,0,S,0,17,26,1,-0.693337,-0.600000,1.000000,-0.717255,-0.600000,0.600000,-0.800054,0.702830,-0.052694,0.600000,-0.600000,0.600000,0.303677,-0.741931,0.303677,-0.693337,-0.331873,-0.600000,-0.098652,0.133907,0.741931,-0.600000,0.600000,-0.518882,-0.600000,0.600000,-0.600000,0.441650,-0.676053,-0.600000,-0.600000,-0.697577,-0.887933,-0.600000,-0.600000,-0.946082,-0.600000,0.600000,-0.600000,-0.702830,-0.740009,0.126587,-0.837791,-0.600000,-0.548806,0.600000,0.115916,-0.600000,-0.600000,-0.600000,0.600000,0.600000,-0.470175,-0.651575,-0.939589,-0.518882,-0.702830,-0.600000,-0.600000,-0.676053,0.223483,0.600000,0.926554,0.487644,-0.261148,-0.600000,-0.255381,-0.493892,-0.774096,-0.787819,0.600000,0.867876
51,0,0,0,1,E,0,15,27,1,-0.693337,-0.600000,1.000000,-0.722303,-0.600000,0.600000,-0.800854,0.709064,-0.050004,0.600000,-0.600000,0.600000,0.297364,-0.742888,0.297364,-0.693337,-0.324150,-0.600000,-0.096011,0.133896,0.742888,-0.600000,0.600000,-0.518882,-0.600000,0.600000,-0.600000,0.434264,-0.676053,-0.600000,-0.600000,-0.702830,-0.887942,-0.600000,-0.600000,-0.946082,-0.600000,0.600000,-0.600000,-0.709064,-0.745746,0.126034,-0.841834,-0.600000,-0.547568,0.600000,0.112871,-0.600000,-0.600000,-0.600000,0.600000,0.600000,-0.463951,-0.647026,-0.939872,-0.518882,-0.709064,-0.600000,-0.600000,-0.676053,0.227843,0.600000,0.926894,0.480151,-0.260183,-0.600000,-0.255381,-0.487644,-0.773221,-0.792797,0.600000,0.867876
52,0,0,0,1,stay,1,29,27,1,-0.693337,-0.600000,1.000000,-0.728287,-0.600000,0.600000,-0.800854,0.710096,-0.047218,0.600000,-0.600000,0.600000,0.290096,-0.742888,0.290096,-0.693337,-0.323055,-0.600000,-0.093858,0.134464,0.742888,-0.600000,0.600000,-0.518882,-0.600000,0.600000,-0.600000,0.429355,-0.676053,-0.600000,-0.600000,-0.703875,-0.892369,-0.600000,-0.600000,-0.946591,-0.600000,0.600000,-0.600000,-0.710096,-0.749525,0.123301,-0.846447,-0.600000,-0.543851,0.600000,0.109896,-0.600000,-0.600000,-0.600000,0.600000,0.600000,-0.456497,-0.645884,-0.941273,-0.518882,-0.710096,-0.600000,-0.600000,-0.676053,0.225209,0.600000,0.928905,0.478903,-0.256347,-0.600000,-0.249711,-0.486395,-0.778446,-0.798496,0.600000,0.871285
53,0,0,0,0,S,0,27,26,1,-0.694400,-0.600000,1.000000,-0.732231,-0.600000,0.600000,-0.804817,0.711125,-0.042904,0.600000,-0.600000,0.600000,0.284970,-0.746695,0.284970,-0.694400,-0.317607,-0.600000,-0.089683,0.127055,0.746695,-0.600000,0.600000,-0.517634,-0.600000,0.600000,-0.600000,0.425683,-0.677148,-0.600000,-0.600000,-0.703875,-0.897097,-0.600000,-0.600000,-0.950029,-0.600000,0.600000,-0.600000,-0.711125,-0.752334,0.114895,-0.849673,-0.600000,-0.540128,0.600000,0.102758,-0.600000,-0.600000,-0.600000,0.600000,0.600000,-0.451539,-0.650448,-0.945551,-0.517634,-0.711125,-0.600000,-0.600000,-0.677148,0.217438,0.600000,0.933093,0.477656,-0.248787,-0.600000,-0.241365,-0.486395,-0.782736,-0.801702,0.600000,0.876257
54,0,0,0,0,S,0,25,25,1,-0.694400,-0.600000,1.000000,-0.732231,-0.600000,0.600000,-0.807944,0.711125,-0.039160,0.600000,-0.600000,0.600000,0.284970,-0.750463,0.284970,-0.694400,-0.313284,-0.600000,-0.086069,0.116868,0.750463,-0.600000,0.600000,-0.517634,-0.600000,0.600000,-0.600000,0.425683,-0.677148,-0.600000,-0.600000,-0.703875,-0.901630,-0.600000,-0.600000,-0.954360,-0.600000,0.600000,-0.600000,-0.711125,-0.752334,0.105564,-0.849673,-0.600000,-0.540128,0.600000,0.094307,-0.600000,-0.600000,-0.600000,0.600000,0.600000,-0.451539,-0.654985,-0.950250,-0.517634,-0.711125,-0.600000,-0.600000,-0.677148,0.209868,0.600000,0.937347,0.477656,-0.240462,-0.600000,-0.232317,-0.486395,-0.787802,-0.801702,0.600000,0.881587
55,0,0,0,1,S,0,23,24,1,-0.694400,-0.600000,1.000000,-0.733211,-0.600000,0.600000,-0.808720,0.712152,-0.037137,0.600000,-0.600000,0.600000,0.283951,-0.751400,0.283951,-0.694400,-0.311135,-0.600000,-0.083734,0.112292,0.751400,-0.600000,0.600000,-0.517634,-0.600000,0.600000,-0.600000,0.425683,-0.677148,-0.600000,-0.600000,-0.706995,-0.903830,-0.600000,-0.600000,-0.956494,-0.600000,0.600000,-0.600000,-0.712152,-0.752334,0.102298,-0.850312,-0.600000,-0.543852,0.600000,0.090114,-0.600000,-0.600000,-0.600000,0.600000,0.600000,-0.450300,-0.652725,-0.951883,-0.517634,-0.712152,-0.600000,-0.600000,-0.677148,0.208210,0.600000,0.938804,0.476408,-0.237729,-0.600000,-0.228764,-0.482648,-0.790302,-0.802497,0.600000,0.883663
56,0,0,0,1,stay,0,22,24,1,-0.694400,-0.600000,1.000000,-0.739045,-0.600000,0.600000,-0.808720,0.712152,-0.035040,0.600000,-0.600000,0.600000,0.276881,-0.751400,0.276881,-0.694400,-0.311135,-0.600000,-0.081831,0.112779,0.751400,-0.600000,0.600000,-0.517634,-0.600000,0.600000,-0.600000,0.420799,-0.677148,-0.600000,-0.600000,-0.706995,-0.908116,-0.600000,-0.600000,-0.956909,-0.600000,0.600000,-0.600000,-0.712152,-0.756046,0.099571,-0.854720,-0.600000,-0.538887,0.600000,0.087679,-0.600000,-0.600000,-0.600000,0.600000,0.600000,-0.442884,-0.652725,-0.953241,-0.517634,-0.712152,-0.600000,-0.600000,-0.677148,0.204112,0.600000,0.940788,0.476408,-0.233223,-0.600000,-0.222639,-0.482648,-0.796052,-0.807994,0.600000,0.887220
57,0,0,0,0,S,0,20,23,1,-0.695461,-0.600000,1.000000,-0.740009,-0.600000,0.600000,-0.813328,0.712152,-0.032902,0.600000,-0.600000,0.600000,0.275880,-0.756046,0.275880,-0.695461,-0.305797,-0.600000,-0.079601,0.106423,0.756046,-0.600000,0.600000,-0.516385,-0.600000,0.600000,-0.600000,0.419580,-0.678242,-0.600000,-0.600000,-0.706995,-0.910187,-0.600000,-0.600000,-0.959322,-0.600000,0.600000,-0.600000,-0.712152,-0.756968,0.094309,-0.855341,-0.600000,-0.537645,0.600000,0.083370,-0.600000,-0.600000,-0.600000,0.600000,0.600000,-0.441650,-0.658375,-0.955850,-0.516385,-0.712152,-0.600000,-0.600000,-0.678242,0.199272,0.600000,0.943790,0.476408,-0.229660,-0.600000,-0.217483,-0.482648,-0.796866,-0.807996,0.600000,0.890193
58,0,1,0,0,E,0,18,24,1,-0.695461,-0.600000,1.000000,-0.740009,-0.600000,0.600000,-0.815598,0.712152,-0.030741,0.600000,-0.600000,0.600000,0.275880,-0.758806,0.275880,-0.695461,-0.302619,-0.600000,-0.074611,0.099935,0.758806,-0.600000,0.600000,-0.516385,-0.600000,0.600000,-0.600000,0.419580,-0.678242,-0.600000,-0.600000,-0.706995,-0.913013,-0.600000,-0.600000,-0.961973,-0.600000,0.600000,-0.600000,-0.712152,-0.756968,0.088486,-0.855341,-0.600000,-0.537645,0.600000,0.078163,-0.600000,-0.600000,-0.600000,0.600000,0.600000,-0.441650,-0.661743,-0.958718,-0.516385,-0.712152,-0.600000,-0.600000,-0.678242,0.188321,0.600000,0.946393,0.476408,-0.217495,-0.600000,-0.211577,-0.482648,-0.800089,-0.807996,0.600000,0.893574
59,0,0,0,0,S,0,16,23,1,-0.695461,-0.600000,1.000000,-0.740009,-0.600000,0.600000,-0.820074,0.712152,-0.027620,0.600000,-0.600000,0.600000,0.275880,-0.764261,0.275880,-0.695461,-0.296319,-0.600000,-0.071224,0.090448,0.764261,-0.600000,0.600000,-0.516385,-0.600000,0.600000,-0.600000,0.419580,-0.678242,-0.600000,-0.600000,-0.706995,-0.917292,-0.600000,-0.600000,-0.965807,-0.600000,0.600000,-0.600000,-0.712152,-0.756968,0.079989,-0.855341,-0.600000,-0.537645,0.600000,0.070581,-0.600000,-0.600000,-0.600000,0.600000,0.600000,-0.441650,-0.668431,-0.962867,-0.516385,-0.712152,-0.600000,-0.600000,-0.678242,0.180786,0.600000,0.950561,0.476408,-0.209094,-0.600000,-0.202535,-0.482648,-0.804064,-0.807996,0.600000,0.898702
60,0,0,0,0,S,0,14,22,1,-0.695461,-0.600000,1.000000,-0.740009,-0.600000,0.600000,-0.825910,0.712152,-0.025052,0.600000,-0.600000,0.600000,0.275880,-0.771400,0.275880,-0.695461,-0.288038,-0.600000,-0.068298,0.082536,0.771400,-0.600000,0.600000,-0.516385,-0.600000,0.600000,-0.600000,0.419580,-0.678242,-0.600000,-0.600000,-0.706995,-0.921015,-0.600000,-0.600000,-0.968967,-0.600000,0.600000,-0.600000,-0.712152,-0.756968,0.072918,-0.855341,-0.600000,-0.537645,0.600000,0.064283,-0.600000,-0.600000,-0.600000,0.600000,0.600000,-0.441650,-0.677243,-0.966289,-0.516385,-0.712152,-0.600000,-0.600000,-0.678242,0.174206,0.600000,0.954640,0.476408,-0.201738,-0.600000,-0.194568,-0.482648,-0.805637,-0.807996,0.600000,0.903173
61,0,0,0,1,S,0,12,21,1,-0.695461,-0.600000,1.000000,-0.742888,-0.600000,0.600000,-0.828772,0.713177,-0.022939,0.600000,-0.600000,0.600000,0.271898,-0.774913,0.271898,-0.695461,-0.282934,-0.600000,-0.065791,0.078451,0.774913,-0.600000,0.600000,-0.516385,-0.600000,0.600000,-0.600000,0.417146,-0.678242,-0.600000,-0.600000,-0.709064,-0.924940,-0.600000,-0.600000,-0.970868,-0.600000,0.600000,-0.600000,-0.713177,-0.758806,0.068635,-0.857802,-0.600000,-0.537646,0.600000,0.059907,-0.600000,-0.600000,-0.600000,0.600000,0.600000,-0.437954,-0.679429,-0.968348,-0.516385,-0.713177,-0.600000,-0.600000,-0.678242,0.170631,0.600000,0.957383,0.475161,-0.196943,-0.600000,-0.187602,-0.480151,-0.809527,-0.811085,0.600000,0.907045
62,0,0,1,0,S,0,10,20,1,-0.695461,-0.600000,1.000000,-0.748584,-0.600000,0.600000,-0.828772,0.713177,-0.021626,0.600000,-0.600000,0.600000,0.265993,-0.774913,0.265993,-0.695461,-0.282934,-0.600000,-0.064267,0.078442,0.774913,-0.600000,0.600000,-0.516385,-0.600000,0.600000,-0.600000,0.412289,-0.678242,-0.600000,-0.600000,-0.709064,-0.927690,-0.600000,-0.600000,-0.971150,-0.600000,0.600000,-0.600000,-0.713177,-0.762452,0.066738,-0.861429,-0.600000,-0.532672,0.600000,0.058236,-0.600000,-0.600000,-0.600000,0.600000,0.600000,-0.430581,-0.679429,-0.969257,-0.516385,-0.713177,-0.600000,-0.600000,-0.678242,0.167116,0.600000,0.958593,0.475161,-0.193013,-0.600000,-0.183065,-0.480151,-0.814117,-0.815646,0.600000,0.909549
63,0,1,1,0,S,0,8,19,1,-0.695461,-0.600000,1.000000,-0.749525,-0.600000,0.600000,-0.828772,0.718269,-0.020998,0.600000,-0.600000,0.600000,0.260170,-0.774913,0.260170,-0.695461,-0.277884,-0.600000,-0.060745,0.078799,0.774913,-0.600000,0.600000,-0.516385,-0.600000,0.600000,-0.600000,0.403831,-0.678242,-0.600000,-0.600000,-0.709064,-0.927696,-0.600000,-0.600000,-0.970869,-0.600000,0.600000,-0.600000,-0.718269,-0.768741,0.065194,-0.864978,-0.600000,-0.523951,0.600000,0.056877,-0.600000,-0.600000,-0.600000,0.600000,0.600000,-0.429355,-0.679429,-0.969995,-0.516385,-0.718269,-0.600000,-0.600000,-0.678242,0.162293,0.600000,0.958791,0.468930,-0.183825,-0.600000,-0.182318,-0.480151,-0.814874,-0.820121,0.600000,0.909960
64,0,1,1,0,stay,1,29,19,1,-0.695461,-0.600000,1.000000,-0.749525,-0.600000,0.600000,-0.832994,0.719281,-0.019033,0.600000,-0.600000,0.600000,0.246908,-0.780109,0.246908,-0.695461,-0.270907,-0.600000,-0.054751,0.076641,0.780109,-0.600000,0.600000,-0.516385,-0.600000,0.600000,-0.600000,0.402628,-0.678242,-0.600000,-0.600000,-0.709064,-0.935062,-0.600000,-0.600000,-0.973445,-0.600000,0.600000,-0.600000,-0.719281,-0.769630,0.059346,-0.872961,-0.600000,-0.522704,0.600000,0.051734,-0.600000,-0.600000,-0.600000,0.600000,0.600000,-0.429355,-0.685934,-0.972779,-0.516385,-0.719281,-0.600000,-0.600000,-0.678242,0.148496,0.600000,0.961850,0.467684,-0.167867,-0.600000,-0.174970,-0.480151,-0.817877,-0.830234,0.600000,0.913982
65,0,0,1,0,W,0,27,18,1,-0.695461,-0.600000,1.000000,-0.749525,-0.600000,0.600000,-0.837133,0.719281,-0.017854,0.600000,-0.600000,0.600000,0.239536,-0.785219,0.239536,-0.695461,-0.265016,-0.600000,-0.053469,0.074887,0.785219,-0.600000,0.600000,-0.516385,-0.600000,0.600000,-0.600000,0.402628,-0.678242,-0.600000,-0.600000,-0.709064,-0.939483,-0.600000,-0.600000,-0.975078,-0.600000,0.600000,-0.600000,-0.719281,-0.769630,0.055812,-0.877339,-0.600000,-0.522704,0.600000,0.048629,-0.600000,-0.600000,-0.600000,0.600000,0.600000,-0.429355,-0.692366,-0.974452,-0.516385,-0.719281,-0.600000,-0.600000,-0.678242,0.145357,0.600000,0.964175,0.467684,-0.164398,-0.600000,-0.169967,-0.480151,-0.818622,-0.835806,0.600000,0.916700
66,0,1,1,0,S,0,25,17,1,-0.695461,-0.600000,1.000000,-0.749525,-0.600000,0.600000,-0.842522,0.727295,-0.016996,0.600000,-0.600000,0.600000,0.227882,-0.791898,0.227882,-0.695461,-0.249704,-0.600000,-0.048156,0.075923,0.791898,-0.600000,0.600000,-0.516385,-0.600000,0.600000,-0.600000,0.391848,-0.678242,-0.600000,-0.600000,-0.709064,-0.940897,-0.600000,-0.600000,-0.975200,-0.600000,0.600000,-0.600000,-0.727295,-0.777522,0.053230,-0.884177,-0.600000,-0.511469,0.600000,0.046363,-0.600000,-0.600000,-0.600000,0.600000,0.600000,-0.429355,-0.700828,-0.975671,-0.516385,-0.727295,-0.600000,-0.600000,-0.678242,0.136860,0.600000,0.965702,0.457739,-0.149815,-0.600000,-0.169261,-0.480151,-0.813375,-0.844548,0.600000,0.917082
67,0,1,1,0,stay,1,29,17,1,-0.695461,-0.600000,1.000000,-0.749525,-0.600000,0.600000,-0.845162,0.728287,-0.016179,0.600000,-0.600000,0.600000,0.220911,-0.795179,0.220911,-0.695461,-0.245044,-0.600000,-0.045256,0.075218,0.795179,-0.600000,0.600000,-0.516385,-0.600000,0.600000,-0.600000,0.390656,-0.678242,-0.600000,-0.600000,-0.709064,-0.944160,-0.600000,-0.600000,-0.976268,-0.600000,0.600000,-0.600000,-0.728287,-0.778387,0.050760,-0.888218,-0.600000,-0.510219,0.600000,0.044197,-0.600000,-0.600000,-0.600000,0.600000,0.600000,-0.429355,-0.705009,-0.976832,-0.516385,-0.728287,-0.600000,-0.600000,-0.678242,0.129913,0.600000,0.967167,0.456497,-0.141709,-0.600000,-0.165769,-0.480151,-0.814136,-0.849736,0.600000,0.918967
68,0,0,0,0,S,0,27,16,1,-0.695461,-0.600000,1.000000,-0.749525,-0.600000,0.600000,-0.847766,0.728287,-0.015400,0.600000,-0.600000,0.600000,0.219192,-0.798422,0.219192,-0.695461,-0.241358,-0.600000,-0.044611,0.072477,0.798422,-0.600000,0.600000,-0.516385,-0.600000,0.600000,-0.600000,0.387090,-0.678242,-0.600000,-0.600000,-0.709064,-0.944949,-0.600000,-0.600000,-0.977067,-0.600000,0.600000,-0.600000,-0.728287,-0.780967,0.048399,-0.889209,-0.600000,-0.506471,0.600000,0.042127,-0.600000,-0.600000,-0.600000,0.600000,0.600000,-0.429355,-0.709155,-0.977940,-0.516385,-0.728287,-0.600000,-0.600000,-0.678242,0.128224,0.600000,0.968419,0.456497,-0.139891,-0.600000,-0.163018,-0.480151,-0.814139,-0.851010,0.600000,0.920447
69,1,0,0,1,E,0,25,17,1,-0.695461,-0.600000,1.000000,-0.754195,-0.600000,0.600000,-0.847766,0.728287,-0.014584,0.600000,-0.600000,0.600000,0.215784,-0.798422,0.215784,-0.695461,-0.241358,-0.600000,-0.043347,0.071801,0.798422,-0.600000,0.600000,-0.516385,-0.600000,0.600000,-0.600000,0.381172,-0.678242,-0.600000,-0.600000,-0.710096,-0.945993,-0.600000,-0.600000,-0.977179,-0.600000,0.600000,-0.600000,-0.728287,-0.785219,0.047258,-0.891168,-0.600000,-0.501471,0.600000,0.040931,-0.600000,-0.600000,-0.600000,0.600000,0.600000,-0.423239,-0.708124,-0.978474,-0.516385,-0.728287,-0.600000,-0.600000,-0.678242,0.125450,0.600000,0.969176,0.456497,-0.136905,-0.600000,-0.159629,-0.478903,-0.817898,-0.853533,0.600000,0.922262
70,0,1,1,0,S,0,23,16,1,-0.695461,-0.600000,1.000000,-0.755122,-0.600000,0.600000,-0.850334,0.728287,-0.013277,0.600000,-0.600000,0.600000,0.207431,-0.801627,0.207431,-0.695461,-0.237710,-0.600000,-0.039376,0.069172,0.801627,-0.600000,0.600000,-0.516385,-0.600000,0.600000,-0.600000,0.378814,-0.678242,-0.600000,-0.600000,-0.710096,-0.950187,-0.600000,-0.600000,-0.978901,-0.600000,0.600000,-0.600000,-0.728287,-0.786904,0.043358,-0.895933,-0.600000,-0.498971,0.600000,0.037532,-0.600000,-0.600000,-0.600000,0.600000,0.600000,-0.422018,-0.712245,-0.980295,-0.516385,-0.728287,-0.600000,-0.600000,-0.678242,0.114864,0.600000,0.971066,0.456497,-0.125492,-0.600000,-0.153675,-0.478903,-0.821600,-0.859685,0.600000,0.925434
71,0,0,0,1,S,0,21,15,1,-0.695461,-0.600000,1.000000,-0.763357,-0.600000,0.600000,-0.854741,0.733211,-0.012449,0.600000,-0.600000,0.600000,0.200120,-0.802422,0.200120,-0.695461,-0.232310,-0.600000,-0.037705,0.068846,0.802422,-0.600000,0.600000,-0.508891,-0.600000,0.600000,-0.600000,0.365953,-0.684759,-0.600000,-0.600000,-0.715220,-0.951130,-0.600000,-0.600000,-0.978799,-0.600000,0.600000,-0.600000,-0.733211,-0.795994,0.043563,-0.900062,-0.600000,-0.491472,0.600000,0.037891,-0.600000,-0.600000,-0.600000,0.600000,0.600000,-0.411078,-0.708135,-0.980199,-0.508891,-0.733211,-0.600000,-0.600000,-0.684759,0.112334,0.600000,0.972037,0.450300,-0.126583,-0.600000,-0.149807,-0.472667,-0.825241,-0.861488,0.600000,0.927482
72,0,0,0,1,stay,1,29,15,1,-0.695461,-0.600000,1.000000,-0.768741,-0.600000,0.600000,-0.856597,0.735165,-0.011906,0.600000,-0.600000,0.600000,0.194568,-0.802422,0.194568,-0.695461,-0.230529,-0.600000,-0.036451,0.069162,0.802422,-0.600000,0.600000,-0.505142,-0.600000,0.600000,-0.600000,0.361322,-0.687991,-0.600000,-0.600000,-0.720290,-0.952965,-0.600000,-0.600000,-0.979006,-0.600000,0.600000,-0.600000,-0.735165,-0.799227,0.043979,-0.903173,-0.600000,-0.492721,0.600000,0.037889,-0.600000,-0.600000,-0.600000,0.600000,0.600000,-0.403831,-0.702946,-0.980005,-0.505142,-0.735165,-0.600000,-0.600000,-0.687991,0.110840,0.600000,0.972710,0.447826,-0.127131,-0.600000,-0.146645,-0.466440,-0.828823,-0.863861,0.600000,0.929150
73,0,1,0,0,N,0,27,16,1,-0.695461,-0.600000,1.000000,-0.769630,-0.600000,0.600000,-0.859041,0.736138,-0.011387,0.600000,-0.600000,0.600000,0.193784,-0.805578,0.193784,-0.695461,-0.226118,-0.600000,-0.034564,0.066936,0.805578,-0.600000,0.600000,-0.505142,-0.600000,0.600000,-0.600000,0.360168,-0.687991,-0.600000,-0.600000,-0.720290,-0.954076,-0.600000,-0.600000,-0.979716,-0.600000,0.600000,-0.600000,-0.736138,-0.800029,0.042324,-0.903610,-0.600000,-0.491472,0.600000,0.036454,-0.600000,-0.600000,-0.600000,0.600000,0.600000,-0.402628,-0.707110,-0.980776,-0.505142,-0.736138,-0.600000,-0.600000,-0.687991,0.105998,0.600000,0.973884,0.446589,-0.121141,-0.600000,-0.143538,-0.466440,-0.829532,-0.864449,0.600000,0.930781
74,0,0,0,1,S,0,25,15,1,-0.695461,-0.600000,1.000000,-0.769630,-0.600000,0.600000,-0.862046,0.736138,-0.010623,0.600000,-0.600000,0.600000,0.193784,-0.809470,0.193784,-0.695461,-0.221767,-0.600000,-0.033412,0.062686,0.809470,-0.600000,0.600000,-0.505142,-0.600000,0.600000,-0.600000,0.360168,-0.687991,-0.600000,-0.600000,-0.720290,-0.955589,-0.600000,-0.600000,-0.981064,-0.600000,0.600000,-0.600000,-0.736138,-0.800029,0.039570,-0.903610,-0.600000,-0.491472,0.600000,0.034068,-0.600000,-0.600000,-0.600000,0.600000,0.600000,-0.402628,-0.712266,-0.982055,-0.505142,-0.736138,-0.600000,-0.600000,-0.687991,0.102721,0.600000,0.975374,0.446589,-0.117457,-0.600000,-0.139282,-0.466440,-0.830944,-0.864449,0.600000,0.933007
75,1,0,0,0,E,0,23,16,1,-0.695461,-0.600000,1.000000,-0.773161,-0.600000,0.600000,-0.862641,0.736138,-0.010008,0.600000,-0.600000,0.600000,0.190674,-0.810241,0.190674,-0.695461,-0.220904,-0.600000,-0.032612,0.061513,0.810241,-0.600000,0.600000,-0.505142,-0.600000,0.600000,-0.600000,0.357865,-0.687991,-0.600000,-0.600000,-0.720290,-0.957265,-0.600000,-0.600000,-0.981615,-0.600000,0.600000,-0.600000,-0.736138,-0.801627,0.038074,-0.905342,-0.600000,-0.488972,0.600000,0.032773,-0.600000,-0.600000,-0.600000,0.600000,0.600000,-0.397824,-0.713291,-0.982749,-0.505142,-0.736138,-0.600000,-0.600000,-0.687991,0.100435,0.600000,0.976203,0.446589,-0.114885,-0.600000,-0.135718,-0.466440,-0.834433,-0.866780,0.600000,0.934862
76,0,0,0,0,S,0,21,15,1,-0.695461,-0.600000,1.000000,-0.778387,-0.600000,0.600000,-0.862641,0.736138,-0.009428,0.600000,-0.600000,0.600000,0.186080,-0.810241,0.186080,-0.695461,-0.220904,-0.600000,-0.031677,0.061506,0.810241,-0.600000,0.600000,-0.505142,-0.600000,0.600000,-0.600000,0.350996,-0.687991,-0.600000,-0.600000,-0.720290,-0.958489,-0.600000,-0.600000,-0.981615,-0.600000,0.600000,-0.600000,-0.736138,-0.806362,0.036988,-0.907887,-0.600000,-0.481479,0.600000,0.031833,-0.600000,-0.600000,-0.600000,0.600000,0.600000,-0.390656,-0.713291,-0.983251,-0.505142,-0.736138,-0.600000,-0.600000,-0.687991,0.097751,0.600000,0.976892,0.446589,-0.111864,-0.600000,-0.132231,-0.466440,-0.838543,-0.870212,0.600000,0.936669
77,0,1,1,0,S,0,19,14,1,-0.695461,-0.600000,1.000000,-0.779249,-0.600000,0.600000,-0.866163,0.736138,-0.008665,0.600000,-0.600000,0.600000,0.179350,-0.814818,0.179350,-0.695461,-0.215777,-0.600000,-0.029165,0.059511,0.814818,-0.600000,0.600000,-0.505142,-0.600000,0.600000,-0.600000,0.348720,-0.687991,-0.600000,-0.600000,-0.720290,-0.961383,-0.600000,-0.600000,-0.982839,-0.600000,0.600000,-0.600000,-0.736138,-0.807921,0.034235,-0.911589,-0.600000,-0.478982,0.600000,0.029452,-0.600000,-0.600000,-0.600000,0.600000,0.600000,-0.389466,-0.719393,-0.984522,-0.505142,-0.736138,-0.600000,-0.600000,-0.687991,0.090493,0.600000,0.978427,0.446589,-0.103678,-0.600000,-0.127700,-0.466440,-0.839894,-0.875220,0.600000,0.939006
78,0,0,0,1,S,0,17,13,1,-0.695461,-0.600000,1.000000,-0.782675,-0.600000,0.600000,-0.869040,0.736138,-0.008327,0.600000,-0.600000,0.600000,0.174970,-0.815572,0.174970,-0.695461,-0.214931,-0.600000,-0.028188,0.058952,0.815572,-0.600000,0.600000,-0.500142,-0.600000,0.600000,-0.600000,0.343059,-0.692272,-0.600000,-0.600000,-0.725305,-0.962485,-0.600000,-0.600000,-0.983091,-0.600000,0.600000,-0.600000,-0.736138,-0.811776,0.034398,-0.913982,-0.600000,-0.478982,0.600000,0.029450,-0.600000,-0.600000,-0.600000,0.600000,0.600000,-0.384718,-0.715345,-0.984447,-0.500142,-0.736138,-0.600000,-0.600000,-0.692272,0.088049,0.600000,0.979053,0.446589,-0.104606,-0.600000,-0.124936,-0.460222,-0.842572,-0.876310,0.600000,0.940425
79,1,1,0,1,S,0,15,12,1,-0.695461,-0.600000,1.000000,-0.787742,-0.600000,0.600000,-0.870176,0.737110,-0.007962,0.600000,-0.600000,0.600000,0.170675,-0.815572,0.170675,-0.695461,-0.214087,-0.600000,-0.026585,0.059226,0.815572,-0.600000,0.600000,-0.497642,-0.600000,0.600000,-0.600000,0.338562,-0.694400,-0.600000,-0.600000,-0.727295,-0.963559,-0.600000,-0.600000,-0.983175,-0.600000,0.600000,-0.600000,-0.737110,-0.814818,0.034231,-0.916316,-0.600000,-0.476487,0.600000,0.029305,-0.600000,-0.600000,-0.600000,0.600000,0.600000,-0.377638,-0.713306,-0.984524,-0.497642,-0.737110,-0.600000,-0.600000,-0.694400,0.083718,0.600000,0.979460,0.445354,-0.100911,-0.600000,-0.122761,-0.457739,-0.845212,-0.878465,0.600000,0.941539
80,0,0,0,1,S,0,13,11,1,-0.695461,-0.600000,1.000000,-0.792722,-0.600000,0.600000,-0.870176,0.737110,-0.007500,0.600000,-0.600000,0.600000,0.166463,-0.815572,0.166463,-0.695461,-0.214087,-0.600000,-0.026071,0.059218,0.815572,-0.600000,0.600000,-0.497642,-0.600000,0.600000,-0.600000,0.331872,-0.694400,-0.600000,-0.600000,-0.727295,-0.964610,-0.600000,-0.600000,-0.983175,-0.600000,0.600000,-0.600000,-0.737110,-0.819309,0.033251,-0.918593,-0.600000,-0.469008,0.600000,0.028462,-0.600000,-0.600000,-0.600000,0.600000,0.600000,-0.370609,-0.713306,-0.984976,-0.497642,-0.737110,-0.600000,-0.600000,-0.694400,0.082193,0.600000,0.980056,0.445354,-0.099107,-0.600000,-0.119561,-0.457739,-0.849103,-0.881638,0.600000,0.943172
81,0,0,0,0,S,0,11,10,1,-0.695461,-0.600000,1.000000,-0.797615,-0.600000,0.600000,-0.870176,0.737110,-0.007064,0.600000,-0.600000,0.600000,0.162335,-0.815572,0.162335,-0.695461,-0.214087,-0.600000,-0.025567,0.059211,0.815572,-0.600000,0.600000,-0.497642,-0.600000,0.600000,-0.600000,0.328551,-0.694400,-0.600000,-0.600000,-0.727295,-0.966125,-0.600000,-0.600000,-0.983421,-0.600000,0.600000,-0.600000,-0.737110,-0.821522,0.032297,-0.920813,-0.600000,-0.465274,0.600000,0.027642,-0.600000,-0.600000,-0.600000,0.600000,0.600000,-0.363634,-0.713306,-0.985414,-0.497642,-0.737110,-0.600000,-0.600000,-0.694400,0.080694,0.600000,0.980636,0.445354,-0.097332,-0.600000,-0.116433,-0.457739,-0.852913,-0.884739,0.600000,0.944762
82,0,0,0,0,S,0,9,9,1,-0.695461,-0.600000,1.000000,-0.802422,-0.600000,0.600000,-0.870176,0.737110,-0.006653,0.600000,-0.600000,0.600000,0.158290,-0.815572,0.158290,-0.695461,-0.214087,-0.600000,-0.025195,0.059204,0.815572,-0.600000,0.600000,-0.497642,-0.600000,0.600000,-0.600000,0.321962,-0.694400,-0.600000,-0.600000,-0.727295,-0.967104,-0.600000,-0.600000,-0.983421,-0.600000,0.600000,-0.600000,-0.737110,-0.825886,0.031371,-0.922977,-0.600000,-0.457817,0.600000,0.026845,-0.600000,-0.600000,-0.600000,0.600000,0.600000,-0.356716,-0.713306,-0.985840,-0.497642,-0.737110,-0.600000,-0.600000,-0.694400,0.079586,0.600000,0.981199,0.445354,-0.096019,-0.600000,-0.113376,-0.457739,-0.856643,-0.887769,0.600000,0.946310
83,0,0,0,0,S,0,7,8,1,-0.695461,-0.600000,1.000000,-0.807142,-0.600000,0.600000,-0.870176,0.737110,-0.006266,0.600000,-0.600000,0.600000,0.154327,-0.815572,0.154327,-0.695461,-0.214087,-0.600000,-0.024467,0.059196,0.815572,-0.600000,0.600000,-0.497642,-0.600000,0.600000,-0.600000,0.317607,-0.694400,-0.600000,-0.600000,-0.727295,-0.968364,-0.600000,-0.600000,-0.983584,-0.600000,0.600000,-0.600000,-0.737110,-0.828748,0.030470,-0.925088,-0.600000,-0.452856,0.600000,0.026071,-0.600000,-0.600000,-0.600000,0.600000,0.600000,-0.349857,-0.713306,-0.986254,-0.497642,-0.737110,-0.600000,-0.600000,-0.694400,0.077411,0.600000,0.981745,0.445354,-0.093442,-0.600000,-0.110390,-0.457739,-0.860295,-0.890729,0.600000,0.947817
84,0,0,0,0,S,0,5,7,1,-0.695461,-0.600000,1.000000,-0.811776,-0.600000,0.600000,-0.870176,0.737110,-0.005902,0.600000,-0.600000,0.600000,0.150446,-0.815572,0.150446,-0.695461,-0.214087,-0.600000,-0.023876,0.059189,0.815572,-0.600000,0.600000,-0.497642,-0.600000,0.600000,-0.600000,0.313285,-0.694400,-0.600000,-0.600000,-0.727295,-0.969576,-0.600000,-0.600000,-0.983745,-0.600000,0.600000,-0.600000,-0.737110,-0.831572,0.029594,-0.927145,-0.600000,-0.447904,0.600000,0.025318,-0.600000,-0.600000,-0.600000,0.600000,0.600000,-0.343059,-0.713306,-0.986656,-0.497642,-0.737110,-0.600000,-0.600000,-0.694400,0.075641,0.600000,0.982277,0.445354,-0.091341,-0.600000,-0.107472,-0.457739,-0.863868,-0.893621,0.600000,0.949285
85,0,0,0,0,S,0,3,6,1,-0.695461,-0.600000,1.000000,-0.816324,-0.600000,0.600000,-0.870176,0.737110,-0.005558,0.600000,-0.600000,0.600000,0.146645,-0.815572,0.146645,-0.695461,-0.214087,-0.600000,-0.023185,0.059182,0.815572,-0.600000,0.600000,-0.497642,-0.600000,0.600000,-0.600000,0.306861,-0.694400,-0.600000,-0.600000,-0.727295,-0.970459,-0.600000,-0.600000,-0.983745,-0.600000,0.600000,-0.600000,-0.737110,-0.835739,0.028742,-0.929150,-0.600000,-0.440495,0.600000,0.024586,-0.600000,-0.600000,-0.600000,0.600000,0.600000,-0.336325,-0.713306,-0.987046,-0.497642,-0.737110,-0.600000,-0.600000,-0.694400,0.073565,0.600000,0.982793,0.445354,-0.088877,-0.600000,-0.104623,-0.457739,-0.867364,-0.896444,0.600000,0.950713
86,0,0,1,0,S,0,1,5,1,-0.695461,-0.600000,1.000000,-0.820787,-0.600000,0.600000,-0.870176,0.737110,-0.005235,0.600000,-0.600000,0.600000,0.142924,-0.815572,0.142924,-0.695461,-0.214087,-0.600000,-0.022624,0.059174,0.815572,-0.600000,0.600000,-0.497642,-0.600000,0.600000,-0.600000,0.301564,-0.694400,-0.600000,-0.600000,-0.727295,-0.971455,-0.600000,-0.600000,-0.983825,-0.600000,0.600000,-0.600000,-0.737110,-0.839148,0.027915,-0.931103,-0.600000,-0.434341,0.600000,0.023875,-0.600000,-0.600000,-0.600000,0.600000,0.600000,-0.329656,-0.713306,-0.987425,-0.497642,-0.737110,-0.600000,-0.600000,-0.694400,0.071876,0.600000,0.983294,0.445354,-0.086869,-0.600000,-0.101840,-0.457739,-0.870784,-0.899202,0.600000,0.952103
87,0,0,0,0,S,0,0,6,1,-0.695461,-0.600000,1.000000,-0.825164,-0.600000,0.600000,-0.870176,0.738079,-0.004930,0.600000,-0.600000,0.600000,0.139282,-0.815572,0.139282,-0.695461,-0.213246,-0.600000,-0.021969,0.059167,0.815572,-0.600000,0.600000,-0.497642,-0.600000,0.600000,-0.600000,0.294237,-0.694400,-0.600000,-0.600000,-0.727295,-0.972149,-0.600000,-0.600000,-0.983746,-0.600000,0.600000,-0.600000,-0.738079,-0.843824,0.027110,-0.933007,-0.600000,-0.425760,0.600000,0.023185,-0.600000,-0.600000,-0.600000,0.600000,0.600000,-0.323055,-0.713306,-0.987793,-0.497642,-0.738079,-0.600000,-0.600000,-0.694400,0.070222,0.600000,0.983781,0.444119,-0.084513,-0.600000,-0.099123,-0.457739,-0.874128,-0.901894,0.600000,0.953456
