tick,food_sensed_N,food_sensed_E,food_sensed_S,food_sensed_W,movement,food_consumed,energy,manhattan_dist,decision_made,conn_0_0,conn_0_1,conn_0_2,conn_0_3,conn_0_5,conn_0_6,conn_0_7,conn_0_9,conn_1_0,conn_1_1,conn_1_2,conn_1_4,conn_1_6,conn_1_7,conn_1_8,conn_2_0,conn_2_1,conn_2_2,conn_2_3,conn_2_4,conn_2_7,conn_2_8,conn_2_9,conn_2_10,conn_3_7,conn_3_9,conn_3_10,conn_4_0,conn_4_2,conn_4_4,conn_4_6,conn_4_7,conn_4_9,conn_5_0,conn_5_2,conn_5_4,conn_5_5,conn_5_6,conn_5_10,conn_6_0,conn_6_2,conn_6_4,conn_6_5,conn_6_7,conn_6_8,conn_6_10,conn_7_0,conn_7_1,conn_7_3,conn_7_6,conn_7_7,conn_7_8,conn_7_9,conn_8_0,conn_8_1,conn_8_4,conn_8_5,conn_8_6,conn_8_7,conn_8_8,conn_8_10,conn_9_0,conn_9_3,conn_9_8,conn_9_9,conn_9_10,conn_10_2,conn_10_3,conn_10_4,conn_10_7,conn_10_8,conn_10_10
0,0,0,0,0,stay,0,30,0,0,-0.600000,-0.600000,-0.600000,0.600000,1.000000,-0.600000,0.600000,0.600000,0.600000,0.600000,-0.600000,-0.600000,0.600000,0.600000,-0.600000,-0.600000,-0.600000,0.600000,-0.600000,0.600000,-0.600000,-0.600000,-0.600000,0.600000,-0.600000,-0.600000,0.600000,0.600000,-0.600000,-0.600000,-0.600000,0.600000,-0.600000,-0.600000,-0.600000,-0.600000,-0.600000,-0.600000,-0.600000,-0.600000,-0.600000,-0.600000,-0.600000,-0.600000,-0.600000,-0.600000,-0.600000,0.600000,-0.600000,-0.600000,-0.600000,-0.600000,-0.600000,0.600000,-0.600000,-0.600000,-0.600000,-0.600000,0.600000,0.600000,0.600000,-0.600000,0.600000,0.600000,-0.600000,0.600000,-0.600000,0.600000,-0.600000,0.600000,-0.600000,-0.600000
1,1,1,0,0,stay,0,29,0,1,-0.600000,-0.600000,-0.600000,0.600000,1.000000,-0.613131,0.592782,0.609568,0.600000,0.600000,-0.615502,-0.574567,0.600000,0.600000,-0.603596,-0.615502,-0.590367,0.600000,-0.590367,0.600000,-0.600000,-0.600000,-0.592782,0.592782,-0.609565,-0.590367,0.600000,0.596396,-0.600000,-0.615502,-0.600000,0.600000,-0.577013,-0.600000,-0.600000,-0.607182,-0.601200,-0.603596,-0.592782,-0.600000,-0.574567,-0.600000,-0.601200,-0.600000,-0.600000,-0.598800,-0.601200,0.600000,-0.600000,-0.600000,-0.602400,-0.596396,-0.596396,0.616691,-0.601200,-0.598800,-0.607182,-0.608374,0.600000,0.603600,0.600000,-0.601200,0.600000,0.587949,-0.600000,0.600000,-0.600000,0.592782,-0.615502,0.600000,-0.600000,-0.581881
2,0,0,0,0,N,0,27,1,1,-0.600000,-0.600000,-0.600000,0.600000,1.000000,-0.620227,0.585524,0.616690,0.600000,0.600000,-0.622581,-0.564765,0.600000,0.600000,-0.608374,-0.622581,-0.584311,0.600000,-0.584311,0.600000,-0.600000,-0.600000,-0.591575,0.585524,-0.615502,-0.584311,0.600000,0.591575,-0.600000,-0.622581,-0.600000,0.600000,-0.562312,-0.600000,-0.600000,-0.608374,-0.601200,-0.608374,-0.585524,-0.600000,-0.564765,-0.600000,-0.601200,-0.600000,-0.600000,-0.598800,-0.601200,0.600000,-0.600000,-0.600000,-0.607183,-0.591575,-0.591575,0.623761,-0.601200,-0.598800,-0.614317,-0.609565,0.600000,0.605996,0.600000,-0.601200,0.600000,0.580666,-0.600000,0.600000,-0.600000,0.591575,-0.622581,0.600000,-0.600000,-0.573345
3,1,0,1,1,E,0,25,2,1,-0.600000,-0.600000,-0.600000,0.600000,1.000000,-0.631939,0.578228,0.636602,0.600000,0.600000,-0.642349,-0.538810,0.600000,0.600000,-0.613131,-0.642349,-0.558612,0.600000,-0.558612,0.600000,-0.600000,-0.600000,-0.586737,0.578228,-0.635423,-0.558612,0.600000,0.586737,-0.600000,-0.642349,-0.600000,0.600000,-0.533846,-0.600000,-0.600000,-0.613131,-0.601200,-0.613131,-0.578228,-0.600000,-0.538810,-0.595193,-0.605988,-0.600000,-0.600000,-0.598800,-0.601200,0.600000,-0.600000,-0.600000,-0.611945,-0.586737,-0.586737,0.652638,-0.601200,-0.598800,-0.621405,-0.614317,0.600000,0.608388,0.600000,-0.601200,0.600000,0.568449,-0.600000,0.595193,-0.600000,0.586737,-0.642349,0.604793,-0.600000,-0.552441
4,0,0,0,0,E,0,23,3,1,-0.600000,-0.600000,-0.600000,0.600000,1.000000,-0.644645,0.572122,0.644674,0.600000,0.600000,-0.657151,-0.518882,0.600000,0.600000,-0.614317,-0.657151,-0.546254,0.600000,-0.546254,0.600000,-0.600000,-0.600000,-0.577009,0.572122,-0.646934,-0.546254,0.600000,0.585524,-0.600000,-0.657151,-0.600000,0.600000,-0.511399,-0.600000,-0.600000,-0.622581,-0.601200,-0.614317,-0.572122,-0.600000,-0.518882,-0.595193,-0.605988,-0.600000,-0.600000,-0.598800,-0.601200,0.600000,-0.600000,-0.600000,-0.613133,-0.585524,-0.585524,0.672779,-0.601200,-0.598800,-0.627272,-0.623756,0.600000,0.613146,0.600000,-0.601200,0.600000,0.554913,-0.600000,0.595193,-0.600000,0.577009,-0.657151,0.604793,-0.600000,-0.542535
5,0,0,1,0,E,0,21,4,1,-0.600000,-0.600000,-0.600000,0.600000,1.000000,-0.649216,0.567221,0.666146,0.600000,0.600000,-0.678242,-0.506391,0.600000,0.600000,-0.614317,-0.678242,-0.521378,0.600000,-0.521378,0.600000,-0.600000,-0.600000,-0.570898,0.567221,-0.669443,-0.521378,0.600000,0.585524,-0.600000,-0.678242,-0.600000,0.600000,-0.482658,-0.600000,-0.600000,-0.628441,-0.601200,-0.614317,-0.567221,-0.600000,-0.506391,-0.595193,-0.605988,-0.600000,-0.600000,-0.598800,-0.601200,0.600000,-0.600000,-0.600000,-0.613133,-0.585524,-0.585524,0.699715,-0.601200,-0.598800,-0.631939,-0.629608,0.600000,0.617882,0.600000,-0.601200,0.600000,0.549969,-0.600000,0.595193,-0.600000,0.570898,-0.678242,0.604793,-0.600000,-0.536326
6,0,0,1,0,stay,0,20,4,1,-0.600000,-0.600000,-0.600000,0.600000,1.000000,-0.649216,0.567221,0.690167,0.600000,0.600000,-0.701784,-0.506391,0.600000,0.600000,-0.614317,-0.701784,-0.493892,0.600000,-0.493892,0.600000,-0.600000,-0.600000,-0.570898,0.567221,-0.693337,-0.493892,0.600000,0.585524,-0.600000,-0.701784,-0.600000,0.600000,-0.455267,-0.600000,-0.600000,-0.628441,-0.601200,-0.614317,-0.567221,-0.600000,-0.506391,-0.595193,-0.605988,-0.600000,-0.600000,-0.598800,-0.601200,0.600000,-0.600000,-0.600000,-0.613133,-0.585524,-0.585524,0.722332,-0.601200,-0.598800,-0.631939,-0.629608,0.600000,0.617882,0.600000,-0.601200,0.600000,0.549969,-0.600000,0.595193,-0.600000,0.570898,-0.701784,0.604793,-0.600000,-0.536326
7,0,0,0,0,W,0,18,3,1,-0.600000,-0.600000,-0.600000,0.600000,1.000000,-0.656023,0.564765,0.697613,0.600000,0.600000,-0.713177,-0.496392,0.600000,0.600000,-0.615502,-0.713177,-0.485146,0.600000,-0.485146,0.600000,-0.600000,-0.600000,-0.569673,0.564765,-0.700735,-0.485146,0.600000,0.584311,-0.600000,-0.713177,-0.600000,0.600000,-0.439195,-0.600000,-0.600000,-0.629608,-0.601200,-0.615502,-0.564765,-0.600000,-0.496392,-0.595193,-0.605988,-0.600000,-0.600000,-0.598800,-0.601200,0.600000,-0.600000,-0.600000,-0.614319,-0.584311,-0.584311,0.730294,-0.601200,-0.598800,-0.634263,-0.630774,0.600000,0.619064,0.600000,-0.601200,0.600000,0.542536,-0.600000,0.595193,-0.600000,0.569673,-0.713177,0.604793,-0.600000,-0.527613
8,0,0,1,0,E,0,16,4,1,-0.600000,-0.600000,-0.600000,0.600000,1.000000,-0.657151,0.562307,0.720326,0.600000,0.600000,-0.734189,-0.491393,0.600000,0.600000,-0.615502,-0.734189,-0.458980,0.600000,-0.458980,0.600000,-0.600000,-0.600000,-0.567221,0.562307,-0.722303,-0.458980,0.600000,0.584311,-0.600000,-0.734189,-0.600000,0.600000,-0.411085,-0.600000,-0.600000,-0.631939,-0.601200,-0.615502,-0.562307,-0.600000,-0.491393,-0.595193,-0.605988,-0.600000,-0.600000,-0.598800,-0.601200,0.600000,-0.600000,-0.600000,-0.614319,-0.584311,-0.584311,0.752367,-0.601200,-0.598800,-0.636581,-0.633102,0.600000,0.621421,0.600000,-0.601200,0.600000,0.541295,-0.600000,0.595193,-0.600000,0.567221,-0.734189,0.604793,-0.600000,-0.525120
9,0,1,0,0,S,0,14,3,1,-0.600000,-0.600000,-0.600000,0.600000,1.000000,-0.659402,0.558613,0.734231,0.600000,0.597599,-0.744796,-0.488893,0.600000,0.600000,-0.620227,-0.744796,-0.447826,0.600000,-0.447826,0.600000,-0.600000,-0.600000,-0.567221,0.556146,-0.731248,-0.447826,0.600000,0.579447,-0.600000,-0.744796,-0.600000,0.600000,-0.389465,-0.600000,-0.597599,-0.631939,-0.600002,-0.620227,-0.556146,-0.600000,-0.491393,-0.595193,-0.607182,-0.600000,-0.600000,-0.597599,-0.602399,0.600000,-0.600000,-0.600000,-0.617870,-0.579447,-0.579447,0.760666,-0.602399,-0.597599,-0.642349,-0.634263,0.597599,0.622602,0.600000,-0.602399,0.600000,0.540054,-0.600000,0.595193,-0.600000,0.567221,-0.744796,0.604793,-0.600000,-0.525120
10,0,1,0,0,stay,1,29,3,1,-0.600000,-0.600000,-0.600000,0.600000,1.000000,-0.664999,0.556147,0.748628,0.600000,0.597599,-0.761544,-0.482648,0.600000,0.600000,-0.620227,-0.761544,-0.441650,0.600000,-0.441650,0.600000,-0.600000,-0.600000,-0.563536,0.553677,-0.736138,-0.441650,0.600000,0.579447,-0.600000,-0.761544,-0.600000,0.600000,-0.365950,-0.600000,-0.597599,-0.635423,-0.613134,-0.620227,-0.553677,-0.600000,-0.485146,-0.595193,-0.620227,-0.600000,-0.600000,-0.584311,-0.615502,0.600000,-0.600000,-0.600000,-0.604810,-0.579447,-0.579447,0.767884,-0.615502,-0.584311,-0.644645,-0.650355,0.597599,0.624950,0.600000,-0.615502,0.600000,0.547500,-0.600000,0.595193,-0.600000,0.563536,-0.761544,0.604793,-0.600000,-0.522627
11,0,0,0,1,W,0,27,2,1,-0.600000,-0.600000,-0.600000,0.600000,1.000000,-0.670550,0.551206,0.759780,0.600000,0.597599,-0.767850,-0.475161,0.600000,0.600000,-0.624929,-0.767850,-0.435493,0.600000,-0.435493,0.600000,-0.600000,-0.600000,-0.563536,0.548731,-0.735179,-0.435493,0.600000,0.574567,-0.600000,-0.767850,-0.600000,0.600000,-0.353276,-0.600000,-0.597599,-0.635423,-0.614320,-0.624929,-0.548731,-0.600000,-0.477656,-0.587948,-0.628441,-0.600000,-0.600000,-0.583096,-0.616685,0.600000,-0.600000,-0.600000,-0.608393,-0.574567,-0.574567,0.772316,-0.616685,-0.583096,-0.649216,-0.651492,0.597599,0.624956,0.600000,-0.616685,0.600000,0.542542,-0.600000,0.587948,-0.600000,0.563536,-0.767850,0.611944,-0.600000,-0.515138
12,0,0,0,1,stay,0,26,2,1,-0.600000,-0.600000,-0.600000,0.600000,1.000000,-0.676053,0.548731,0.768810,0.600000,0.597599,-0.776655,-0.473914,0.600000,0.600000,-0.627272,-0.776655,-0.428130,0.600000,-0.428130,0.600000,-0.600000,-0.600000,-0.563536,0.546254,-0.738099,-0.428130,0.600000,0.572122,-0.600000,-0.776655,-0.600000,0.600000,-0.339679,-0.600000,-0.597599,-0.635423,-0.614320,-0.627272,-0.546254,-0.600000,-0.476408,-0.584311,-0.631939,-0.600000,-0.600000,-0.583096,-0.616685,0.600000,-0.600000,-0.600000,-0.610774,-0.572122,-0.572122,0.777555,-0.616685,-0.583096,-0.651492,-0.651492,0.597599,0.624959,0.600000,-0.616685,0.600000,0.536332,-0.600000,0.584311,-0.600000,0.563536,-0.776655,0.615502,-0.600000,-0.513890
13,0,1,0,0,E,0,24,3,1,-0.600000,-0.600000,-0.600000,0.600000,1.000000,-0.677148,0.548731,0.786129,0.600000,0.597599,-0.794363,-0.473914,0.600000,0.600000,-0.627272,-0.794363,-0.428130,0.600000,-0.428130,0.600000,-0.600000,-0.600000,-0.563536,0.546254,-0.738099,-0.428130,0.600000,0.572122,-0.600000,-0.794363,-0.600000,0.600000,-0.316519,-0.600000,-0.597599,-0.635423,-0.636584,-0.627272,-0.546254,-0.600000,-0.476408,-0.584311,-0.653761,-0.600000,-0.600000,-0.559845,-0.638893,0.600000,-0.600000,-0.600000,-0.587978,-0.572122,-0.572122,0.777555,-0.638893,-0.559845,-0.651492,-0.672757,0.597599,0.624959,0.600000,-0.638893,0.600000,0.558631,-0.600000,0.584311,-0.600000,0.563536,-0.794363,0.615502,-0.600000,-0.513890
14,0,0,0,0,S,0,22,4,1,-0.600000,-0.600000,-0.600000,0.600000,1.000000,-0.689064,0.542536,0.791977,0.600000,0.596396,-0.804005,-0.450300,0.600000,0.600000,-0.628441,-0.804005,-0.419580,0.600000,-0.419580,0.600000,-0.600000,-0.600000,-0.556146,0.538810,-0.744816,-0.419580,0.600000,0.570898,-0.600000,-0.804005,-0.600000,0.600000,-0.296305,-0.600000,-0.596396,-0.642349,-0.636585,-0.628441,-0.538810,-0.600000,-0.454017,-0.584311,-0.654892,-0.600000,-0.600000,-0.558612,-0.640047,0.600000,-0.600000,-0.600000,-0.587979,-0.570898,-0.570898,0.788615,-0.640047,-0.558612,-0.658277,-0.680422,0.596396,0.630805,0.600000,-0.640047,0.600000,0.546274,-0.600000,0.584311,-0.600000,0.556146,-0.804005,0.615502,-0.600000,-0.498894
15,0,1,1,1,S,0,20,5,1,-0.600000,-0.600000,-0.600000,0.600000,1.000000,-0.690136,0.541295,0.811090,0.600000,0.596396,-0.820049,-0.450300,0.600000,0.600000,-0.628441,-0.820049,-0.394235,0.600000,-0.394235,0.600000,-0.600000,-0.600000,-0.554912,0.537567,-0.761563,-0.394235,0.600000,0.570898,-0.600000,-0.820049,-0.600000,0.600000,-0.273868,-0.600000,-0.596396,-0.643498,-0.643502,-0.628441,-0.537567,-0.600000,-0.454017,-0.580664,-0.665004,-0.600000,-0.600000,-0.551205,-0.646934,0.600000,-0.600000,-0.600000,-0.580696,-0.570898,-0.570898,0.806396,-0.646934,-0.551205,-0.659402,-0.687991,0.596396,0.631969,0.600000,-0.646934,0.600000,0.552465,-0.600000,0.580664,-0.600000,0.554912,-0.820049,0.619048,-0.600000,-0.500144
16,0,1,0,0,S,0,18,6,1,-0.600000,-0.600000,-0.600000,0.600000,1.000000,-0.696520,0.535083,0.821606,0.600000,0.593988,-0.828748,-0.442884,0.600000,0.600000,-0.631939,-0.828748,-0.384718,0.600000,-0.384718,0.600000,-0.600000,-0.600000,-0.552441,0.528858,-0.767868,-0.384718,0.600000,0.567221,-0.600000,-0.828748,-0.600000,0.600000,-0.253453,-0.600000,-0.593988,-0.645790,-0.642356,-0.631939,-0.528858,-0.600000,-0.449063,-0.579447,-0.667232,-0.600000,-0.600000,-0.549968,-0.648076,0.600000,-0.600000,-0.600000,-0.583131,-0.567221,-0.567221,0.814099,-0.648076,-0.549968,-0.667225,-0.691205,0.593988,0.636615,0.600000,-0.648076,0.600000,0.546278,-0.600000,0.579447,-0.600000,0.552441,-0.828748,0.620227,-0.600000,-0.497644
17,1,0,0,1,E,0,16,7,1,-0.600000,-0.600000,-0.600000,0.600000,1.000000,-0.705957,0.525121,0.836531,0.600000,0.590367,-0.839823,-0.413499,0.600000,0.600000,-0.637738,-0.839823,-0.367115,0.600000,-0.367115,0.600000,-0.600000,-0.600000,-0.546254,0.515137,-0.778412,-0.367115,0.600000,0.561076,-0.600000,-0.839823,-0.600000,0.600000,-0.226068,-0.600000,-0.590367,-0.651492,-0.638905,-0.637738,-0.515137,-0.600000,-0.423239,-0.575789,-0.670557,-0.600000,-0.600000,-0.549968,-0.648076,0.600000,-0.600000,-0.600000,-0.589198,-0.561076,-0.561076,0.828788,-0.648076,-0.549968,-0.679333,-0.696520,0.590367,0.643536,0.600000,-0.648076,0.600000,0.535105,-0.600000,0.575789,-0.600000,0.546254,-0.839823,0.623756,-0.600000,-0.477657
18,1,0,0,1,stay,1,29,7,1,-0.600000,-0.600000,-0.600000,0.600000,1.000000,-0.713177,0.520132,0.843281,0.600000,0.589158,-0.845794,-0.396623,0.600000,0.600000,-0.640047,-0.845794,-0.361322,0.600000,-0.361322,0.600000,-0.600000,-0.600000,-0.543775,0.508891,-0.780142,-0.361322,0.600000,0.558612,-0.600000,-0.845794,-0.600000,0.600000,-0.213189,-0.600000,-0.589158,-0.653761,-0.637752,-0.640047,-0.508891,-0.600000,-0.407449,-0.572122,-0.673865,-0.600000,-0.600000,-0.549968,-0.648076,0.600000,-0.600000,-0.600000,-0.591617,-0.558612,-0.558612,0.833708,-0.648076,-0.549968,-0.684759,-0.698632,0.589158,0.646975,0.600000,-0.648076,0.600000,0.526390,-0.600000,0.572122,-0.600000,0.543775,-0.845794,0.627272,-0.600000,-0.463953
19,0,0,0,0,E,0,27,8,1,-0.600000,-0.600000,-0.600000,0.600000,1.000000,-0.725305,0.515139,0.850429,0.600000,0.589158,-0.857190,-0.381168,0.600000,0.600000,-0.643498,-0.857190,-0.352137,0.600000,-0.352137,0.600000,-0.600000,-0.600000,-0.538810,0.503892,-0.786097,-0.352137,0.600000,0.554912,-0.600000,-0.857190,-0.600000,0.600000,-0.195287,-0.600000,-0.589158,-0.658277,-0.637752,-0.643498,-0.503892,-0.600000,-0.391848,-0.570898,-0.674964,-0.600000,-0.600000,-0.549968,-0.648076,0.600000,-0.600000,-0.600000,-0.595238,-0.554912,-0.554912,0.841881,-0.648076,-0.549968,-0.689064,-0.702830,0.589158,0.648122,0.600000,-0.648076,0.600000,0.511414,-0.600000,0.570898,-0.600000,0.538810,-0.857190,0.628441,-0.600000,-0.452778
20,0,0,0,0,E,0,25,9,1,-0.600000,-0.600000,-0.600000,0.600000,1.000000,-0.732231,0.510143,0.852962,0.600000,0.589158,-0.861429,-0.371773,0.600000,0.600000,-0.645790,-0.861429,-0.349857,0.600000,-0.349857,0.600000,-0.600000,-0.600000,-0.536324,0.498892,-0.787776,-0.349857,0.600000,0.552441,-0.600000,-0.861429,-0.600000,0.600000,-0.186773,-0.600000,-0.589158,-0.660525,-0.637752,-0.645790,-0.498892,-0.600000,-0.382353,-0.570898,-0.674964,-0.600000,-0.600000,-0.549968,-0.648076,0.600000,-0.600000,-0.600000,-0.597646,-0.552441,-0.552441,0.844529,-0.648076,-0.549968,-0.693337,-0.704917,0.589158,0.650405,0.600000,-0.648076,0.600000,0.502666,-0.600000,0.570898,-0.600000,0.536324,-0.861429,0.628441,-0.600000,-0.445354
21,0,0,0,0,E,0,23,10,1,-0.600000,-0.600000,-0.600000,0.600000,1.000000,-0.740971,0.503894,0.859746,0.600000,0.587948,-0.869590,-0.355565,0.600000,0.600000,-0.646934,-0.869590,-0.340807,0.600000,-0.340807,0.600000,-0.600000,-0.600000,-0.527612,0.491393,-0.794396,-0.340807,0.600000,0.551205,-0.600000,-0.869590,-0.600000,0.600000,-0.171315,-0.600000,-0.587948,-0.668335,-0.636597,-0.646934,-0.491393,-0.600000,-0.367115,-0.570898,-0.674964,-0.600000,-0.600000,-0.549968,-0.648076,0.600000,-0.600000,-0.600000,-0.598848,-0.551205,-0.551205,0.854152,-0.648076,-0.549968,-0.699685,-0.712152,0.587948,0.656073,0.600000,-0.648076,0.600000,0.491417,-0.600000,0.570898,-0.600000,0.527612,-0.869590,0.628441,-0.600000,-0.437954
22,0,1,0,0,N,0,21,9,1,-0.600000,-0.600000,-0.600000,0.600000,1.000000,-0.740971,0.503894,0.871957,0.600000,0.587948,-0.881063,-0.355565,0.600000,0.600000,-0.646934,-0.881063,-0.339684,0.600000,-0.339684,0.600000,-0.600000,-0.600000,-0.527612,0.491393,-0.795212,-0.339684,0.600000,0.551205,-0.600000,-0.881063,-0.600000,0.600000,-0.156896,-0.600000,-0.587948,-0.668335,-0.660540,-0.646934,-0.491393,-0.600000,-0.367115,-0.570898,-0.697584,-0.600000,-0.600000,-0.523872,-0.671654,0.600000,-0.600000,-0.600000,-0.573394,-0.551205,-0.551205,0.854775,-0.671654,-0.523872,-0.699685,-0.733211,0.587948,0.656073,0.600000,-0.671654,0.600000,0.517659,-0.600000,0.570898,-0.600000,0.527612,-0.881063,0.628441,-0.600000,-0.437954
23,1,0,0,0,E,0,19,10,1,-0.600000,-0.600000,-0.600000,0.600000,1.000000,-0.748584,0.496395,0.877988,0.600000,0.586737,-0.887220,-0.338557,0.600000,0.600000,-0.649216,-0.887220,-0.334095,0.600000,-0.334095,0.600000,-0.600000,-0.600000,-0.522625,0.482648,-0.799260,-0.334095,0.600000,0.548731,-0.600000,-0.887220,-0.600000,0.600000,-0.144080,-0.600000,-0.586737,-0.672757,-0.660542,-0.649216,-0.482648,-0.600000,-0.350996,-0.570898,-0.698639,-0.600000,-0.600000,-0.522625,-0.672757,0.600000,-0.600000,-0.600000,-0.574618,-0.548731,-0.548731,0.860288,-0.672757,-0.522625,-0.706995,-0.738079,0.586737,0.661698,0.600000,-0.672757,0.600000,0.508916,-0.600000,0.570898,-0.600000,0.522625,-0.887220,0.628441,-0.600000,-0.425682
24,0,0,1,1,E,0,17,11,1,-0.600000,-0.600000,-0.600000,0.600000,1.000000,-0.749525,0.495145,0.889313,0.600000,0.586737,-0.897326,-0.336320,0.600000,0.600000,-0.649216,-0.897326,-0.311135,0.600000,-0.311135,0.600000,-0.600000,-0.600000,-0.521378,0.481400,-0.814848,-0.311135,0.600000,0.548731,-0.600000,-0.897326,-0.600000,0.600000,-0.131014,-0.600000,-0.586737,-0.673858,-0.660542,-0.649216,-0.481400,-0.600000,-0.348720,-0.569673,-0.699692,-0.600000,-0.600000,-0.522625,-0.672757,0.600000,-0.600000,-0.600000,-0.574618,-0.548731,-0.548731,0.873018,-0.672757,-0.522625,-0.708031,-0.739045,0.586737,0.662818,0.600000,-0.672757,0.600000,0.507667,-0.600000,0.569673,-0.600000,0.521378,-0.897326,0.629608,-0.600000,-0.424460
25,0,0,0,1,N,0,15,10,1,-0.600000,-0.600000,-0.600000,0.600000,1.000000,-0.753265,0.493895,0.897428,0.600000,0.584311,-0.904912,-0.329651,0.600000,0.600000,-0.650355,-0.904912,-0.297364,0.600000,-0.297364,0.600000,-0.600000,-0.600000,-0.518882,0.477656,-0.823744,-0.297364,0.600000,0.547493,-0.600000,-0.904912,-0.600000,0.600000,-0.118961,-0.600000,-0.584311,-0.676053,-0.658298,-0.650355,-0.477656,-0.600000,-0.344188,-0.568448,-0.700742,-0.600000,-0.600000,-0.522625,-0.672757,0.600000,-0.600000,-0.600000,-0.575840,-0.547493,-0.547493,0.881121,-0.672757,-0.522625,-0.711125,-0.740971,0.584311,0.665053,0.600000,-0.672757,0.600000,0.502667,-0.600000,0.568448,-0.600000,0.518882,-0.904912,0.630774,-0.600000,-0.422018
26,1,0,0,0,E,0,13,11,1,-0.600000,-0.600000,-0.600000,0.600000,1.000000,-0.764261,0.485148,0.903277,0.600000,0.584311,-0.912393,-0.305793,0.600000,0.600000,-0.652627,-0.912393,-0.285991,0.600000,-0.285991,0.600000,-0.600000,-0.600000,-0.510140,0.468930,-0.831601,-0.285991,0.600000,0.545015,-0.600000,-0.912393,-0.600000,0.600000,-0.106435,-0.600000,-0.584311,-0.683678,-0.658298,-0.652627,-0.468930,-0.600000,-0.319781,-0.568448,-0.700742,-0.600000,-0.600000,-0.522625,-0.672757,0.600000,-0.600000,-0.600000,-0.578282,-0.545015,-0.545015,0.890256,-0.672757,-0.522625,-0.718269,-0.747640,0.584311,0.670607,0.600000,-0.672757,0.600000,0.487670,-0.600000,0.568448,-0.600000,0.510140,-0.912393,0.630774,-0.600000,-0.403831
27,0,0,0,0,E,0,11,12,1,-0.600000,-0.600000,-0.600000,0.600000,1.000000,-0.773161,0.480154,0.906305,0.600000,0.584311,-0.917462,-0.290091,0.600000,0.600000,-0.653761,-0.917462,-0.282934,0.600000,-0.282934,0.600000,-0.600000,-0.600000,-0.502642,0.463951,-0.833694,-0.282934,0.600000,0.543775,-0.600000,-0.917462,-0.600000,0.600000,-0.098596,-0.600000,-0.584311,-0.690136,-0.658298,-0.653761,-0.463951,-0.600000,-0.303677,-0.568448,-0.700742,-0.600000,-0.600000,-0.522625,-0.672757,0.600000,-0.600000,-0.600000,-0.579501,-0.543775,-0.543775,0.894584,-0.672757,-0.522625,-0.722303,-0.753265,0.584311,0.673916,0.600000,-0.672757,0.600000,0.475186,-0.600000,0.568448,-0.600000,0.502642,-0.917462,0.630774,-0.600000,-0.393039
28,0,0,1,0,E,0,9,13,1,-0.600000,-0.600000,-0.600000,0.600000,1.000000,-0.774913,0.478905,0.915258,0.600000,0.583096,-0.925434,-0.280903,0.600000,0.600000,-0.654892,-0.925434,-0.262102,0.600000,-0.262102,0.600000,-0.600000,-0.600000,-0.498892,0.461465,-0.847770,-0.262102,0.600000,0.542534,-0.600000,-0.925434,-0.600000,0.600000,-0.088006,-0.600000,-0.583096,-0.693337,-0.657173,-0.654892,-0.461465,-0.600000,-0.295277,-0.568448,-0.700742,-0.600000,-0.600000,-0.522625,-0.672757,0.600000,-0.600000,-0.600000,-0.580720,-0.542534,-0.542534,0.905402,-0.672757,-0.522625,-0.724306,-0.756046,0.583096,0.675017,0.600000,-0.672757,0.600000,0.472693,-0.600000,0.568448,-0.600000,0.498892,-0.925434,0.630774,-0.600000,-0.387088
29,0,0,1,0,stay,0,8,13,1,-0.600000,-0.600000,-0.600000,0.600000,1.000000,-0.774913,0.478905,0.923426,0.600000,0.583096,-0.932693,-0.280903,0.600000,0.600000,-0.654892,-0.932693,-0.241365,0.600000,-0.241365,0.600000,-0.600000,-0.600000,-0.498892,0.461465,-0.861453,-0.241365,0.600000,0.542534,-0.600000,-0.932693,-0.600000,0.600000,-0.079551,-0.600000,-0.583096,-0.693337,-0.657173,-0.654892,-0.461465,-0.600000,-0.295277,-0.568448,-0.700742,-0.600000,-0.600000,-0.522625,-0.672757,0.600000,-0.600000,-0.600000,-0.580720,-0.542534,-0.542534,0.914430,-0.672757,-0.522625,-0.724306,-0.756046,0.583096,0.675017,0.600000,-0.672757,0.600000,0.472693,-0.600000,0.568448,-0.600000,0.498892,-0.932693,0.630774,-0.600000,-0.387088
30,0,0,0,0,W,0,6,12,1,-0.600000,-0.600000,-0.600000,0.600000,1.000000,-0.784374,0.470177,0.929237,0.600000,0.583096,-0.939006,-0.266967,0.600000,0.600000,-0.654892,-0.939006,-0.233211,0.600000,-0.233211,0.600000,-0.600000,-0.600000,-0.491393,0.452778,-0.866747,-0.233211,0.600000,0.542534,-0.600000,-0.939006,-0.600000,0.600000,-0.069855,-0.600000,-0.583096,-0.699685,-0.657173,-0.654892,-0.452778,-0.600000,-0.280907,-0.568448,-0.700742,-0.600000,-0.600000,-0.522625,-0.672757,0.600000,-0.600000,-0.600000,-0.580720,-0.542534,-0.542534,0.920139,-0.672757,-0.522625,-0.731248,-0.761544,0.583096,0.682654,0.600000,-0.672757,0.600000,0.459006,-0.600000,0.568448,-0.600000,0.491393,-0.939006,0.630774,-0.600000,-0.377635
31,0,0,1,0,E,0,4,13,1,-0.600000,-0.600000,-0.600000,0.600000,1.000000,-0.785219,0.470177,0.935853,0.600000,0.581881,-0.944762,-0.263066,0.600000,0.600000,-0.656023,-0.944762,-0.214938,0.600000,-0.214938,0.600000,-0.600000,-0.600000,-0.490143,0.451539,-0.878435,-0.214938,0.600000,0.541293,-0.600000,-0.944762,-0.600000,0.600000,-0.062726,-0.600000,-0.581881,-0.700735,-0.656046,-0.656023,-0.451539,-0.600000,-0.277884,-0.568448,-0.700742,-0.600000,-0.600000,-0.522625,-0.672757,0.600000,-0.600000,-0.600000,-0.581937,-0.541293,-0.541293,0.927875,-0.672757,-0.522625,-0.732231,-0.762452,0.581881,0.682656,0.600000,-0.672757,0.600000,0.457764,-0.600000,0.568448,-0.600000,0.490143,-0.944762,0.630774,-0.600000,-0.375286
32,0,0,1,0,S,0,2,14,1,-0.600000,-0.600000,-0.600000,0.600000,1.000000,-0.785219,0.467685,0.941067,0.600000,0.577009,-0.947817,-0.259203,0.600000,0.600000,-0.660525,-0.947817,-0.204972,0.600000,-0.204972,0.600000,-0.600000,-0.600000,-0.490143,0.444119,-0.884710,-0.204972,0.600000,0.536324,-0.600000,-0.947817,-0.600000,0.600000,-0.056534,-0.600000,-0.577009,-0.700735,-0.651523,-0.660525,-0.444119,-0.600000,-0.277884,-0.568448,-0.700742,-0.600000,-0.600000,-0.522625,-0.672757,0.600000,-0.600000,-0.600000,-0.586797,-0.536324,-0.536324,0.931797,-0.672757,-0.522625,-0.738079,-0.762452,0.577009,0.684825,0.600000,-0.672757,0.600000,0.457764,-0.600000,0.568448,-0.600000,0.490143,-0.947817,0.630774,-0.600000,-0.375286
33,0,0,1,0,stay,1,29,14,1,-0.600000,-0.600000,-0.600000,0.600000,1.000000,-0.785219,0.467685,0.946892,0.600000,0.577009,-0.953009,-0.259203,0.600000,0.600000,-0.660525,-0.953009,-0.187602,0.600000,-0.187602,0.600000,-0.600000,-0.600000,-0.490143,0.444119,-0.895484,-0.187602,0.600000,0.536324,-0.600000,-0.953009,-0.600000,0.600000,-0.050933,-0.600000,-0.577009,-0.700735,-0.651523,-0.660525,-0.444119,-0.600000,-0.277884,-0.568448,-0.700742,-0.600000,-0.600000,-0.522625,-0.672757,0.600000,-0.600000,-0.600000,-0.586797,-0.536324,-0.536324,0.938478,-0.672757,-0.522625,-0.738079,-0.762452,0.577009,0.684825,0.600000,-0.672757,0.600000,0.457764,-0.600000,0.568448,-0.600000,0.490143,-0.953009,0.630774,-0.600000,-0.375286
34,0,0,1,0,stay,0,28,14,1,-0.600000,-0.600000,-0.600000,0.600000,1.000000,-0.785219,0.467685,0.952171,0.600000,0.577009,-0.957707,-0.259203,0.600000,0.600000,-0.660525,-0.957707,-0.171385,0.600000,-0.171385,0.600000,-0.600000,-0.600000,-0.490143,0.444119,-0.905359,-0.171385,0.600000,0.536324,-0.600000,-0.957707,-0.600000,0.600000,-0.045860,-0.600000,-0.577009,-0.700735,-0.651523,-0.660525,-0.444119,-0.600000,-0.277884,-0.568448,-0.700742,-0.600000,-0.600000,-0.522625,-0.672757,0.600000,-0.600000,-0.600000,-0.586797,-0.536324,-0.536324,0.944543,-0.672757,-0.522625,-0.738079,-0.762452,0.577009,0.684825,0.600000,-0.672757,0.600000,0.457764,-0.600000,0.568448,-0.600000,0.490143,-0.957707,0.630774,-0.600000,-0.375286
35,0,0,1,0,S,0,26,15,1,-0.600000,-0.600000,-0.600000,0.600000,1.000000,-0.785219,0.467684,0.955697,0.600000,0.572122,-0.960077,-0.255377,0.600000,0.600000,-0.664999,-0.960077,-0.163018,0.600000,-0.163018,0.600000,-0.600000,-0.600000,-0.490143,0.439185,-0.910387,-0.163018,0.600000,0.531348,-0.600000,-0.960077,-0.600000,0.600000,-0.041661,-0.600000,-0.572122,-0.700735,-0.646972,-0.664999,-0.439185,-0.600000,-0.277884,-0.568448,-0.700742,-0.600000,-0.600000,-0.522625,-0.672757,0.600000,-0.600000,-0.600000,-0.591640,-0.531348,-0.531348,0.947610,-0.672757,-0.522625,-0.741931,-0.762452,0.572122,0.684833,0.600000,-0.672757,0.600000,0.457764,-0.600000,0.568448,-0.600000,0.490143,-0.960077,0.630774,-0.600000,-0.375286
36,0,0,1,0,stay,1,29,15,1,-0.600000,-0.600000,-0.600000,0.600000,1.000000,-0.785219,0.467684,0.960137,0.600000,0.572122,-0.964095,-0.255377,0.600000,0.600000,-0.664999,-0.964095,-0.148535,0.600000,-0.148535,0.600000,-0.600000,-0.600000,-0.490143,0.439185,-0.918982,-0.148535,0.600000,0.531348,-0.600000,-0.964095,-0.600000,0.600000,-0.037475,-0.600000,-0.572122,-0.700735,-0.646972,-0.664999,-0.439185,-0.600000,-0.277884,-0.568448,-0.700742,-0.600000,-0.600000,-0.522625,-0.672757,0.600000,-0.600000,-0.600000,-0.591640,-0.531348,-0.531348,0.952821,-0.672757,-0.522625,-0.741931,-0.762452,0.572122,0.684833,0.600000,-0.672757,0.600000,0.457764,-0.600000,0.568448,-0.600000,0.490143,-0.964095,0.630774,-0.600000,-0.375286
37,0,0,0,0,N,0,27,14,1,-0.600000,-0.600000,-0.600000,0.600000,1.000000,-0.789412,0.466439,0.961644,0.600000,0.572122,-0.966119,-0.251587,0.600000,0.600000,-0.664999,-0.966119,-0.145396,0.600000,-0.145396,0.600000,-0.600000,-0.600000,-0.487644,0.437954,-0.920828,-0.145396,0.600000,0.531348,-0.600000,-0.966119,-0.600000,0.600000,-0.035194,-0.600000,-0.572122,-0.702830,-0.646972,-0.664999,-0.437954,-0.600000,-0.273884,-0.568448,-0.700742,-0.600000,-0.600000,-0.522625,-0.672757,0.600000,-0.600000,-0.600000,-0.591640,-0.531348,-0.531348,0.954374,-0.672757,-0.522625,-0.742888,-0.764261,0.572122,0.685912,0.600000,-0.672757,0.600000,0.451564,-0.600000,0.568448,-0.600000,0.487644,-0.966119,0.630774,-0.600000,-0.372942
38,0,0,0,0,N,0,25,13,1,-0.600000,-0.600000,-0.600000,0.600000,1.000000,-0.795179,0.462707,0.963276,0.600000,0.570898,-0.968034,-0.242279,0.600000,0.600000,-0.666113,-0.968034,-0.142924,0.600000,-0.142924,0.600000,-0.600000,-0.600000,-0.483897,0.433035,-0.922277,-0.142924,0.600000,0.530103,-0.600000,-0.968034,-0.600000,0.600000,-0.032411,-0.600000,-0.570898,-0.705957,-0.645830,-0.666113,-0.433035,-0.600000,-0.265017,-0.568448,-0.700742,-0.600000,-0.600000,-0.522625,-0.672757,0.600000,-0.600000,-0.600000,-0.592848,-0.530103,-0.530103,0.955879,-0.672757,-0.522625,-0.746695,-0.766956,0.570898,0.689139,0.600000,-0.672757,0.600000,0.442909,-0.600000,0.568448,-0.600000,0.483897,-0.968034,0.630774,-0.600000,-0.365947
39,0,0,0,0,E,0,23,14,1,-0.600000,-0.600000,-0.600000,0.600000,1.000000,-0.800029,0.457737,0.965009,0.600000,0.570898,-0.969843,-0.234103,0.600000,0.600000,-0.666113,-0.969843,-0.139282,0.600000,-0.139282,0.600000,-0.600000,-0.600000,-0.478903,0.428130,-0.924404,-0.139282,0.600000,0.530103,-0.600000,-0.969843,-0.600000,0.600000,-0.029985,-0.600000,-0.570898,-0.710096,-0.645830,-0.666113,-0.428130,-0.600000,-0.256334,-0.568448,-0.700742,-0.600000,-0.600000,-0.522625,-0.672757,0.600000,-0.600000,-0.600000,-0.592848,-0.530103,-0.530103,0.957948,-0.672757,-0.522625,-0.750463,-0.770516,0.570898,0.693412,0.600000,-0.672757,0.600000,0.435518,-0.600000,0.568448,-0.600000,0.478903,-0.969843,0.630774,-0.600000,-0.360161
40,0,0,0,0,N,0,21,13,1,-0.600000,-0.600000,-0.600000,0.600000,1.000000,-0.808696,0.451536,0.967305,0.600000,0.568448,-0.972373,-0.220044,0.600000,0.600000,-0.666113,-0.972373,-0.135718,0.600000,-0.135718,0.600000,-0.600000,-0.600000,-0.470175,0.419580,-0.926479,-0.135718,0.600000,0.530103,-0.600000,-0.972373,-0.600000,0.600000,-0.026286,-0.600000,-0.568448,-0.717255,-0.643541,-0.666113,-0.419580,-0.600000,-0.243203,-0.568448,-0.700742,-0.600000,-0.600000,-0.522625,-0.672757,0.600000,-0.600000,-0.600000,-0.592848,-0.530103,-0.530103,0.960497,-0.672757,-0.522625,-0.756968,-0.776655,0.568448,0.700809,0.600000,-0.672757,0.600000,0.422043,-0.600000,0.568448,-0.600000,0.470175,-0.972373,0.630774,-0.600000,-0.352128
41,0,0,0,0,N,0,19,14,1,-0.600000,-0.600000,-0.600000,0.600000,1.000000,-0.814061,0.447823,0.969007,0.600000,0.567221,-0.974197,-0.209906,0.600000,0.600000,-0.666113,-0.974197,-0.129948,0.600000,-0.129948,0.600000,-0.600000,-0.600000,-0.463951,0.414715,-0.929820,-0.129948,0.600000,0.530103,-0.600000,-0.974197,-0.600000,0.600000,-0.023953,-0.600000,-0.567221,-0.722303,-0.642394,-0.666113,-0.414715,-0.600000,-0.233211,-0.568448,-0.700742,-0.600000,-0.600000,-0.522625,-0.672757,0.600000,-0.600000,-0.600000,-0.592848,-0.530103,-0.530103,0.963256,-0.672757,-0.522625,-0.760633,-0.780967,0.567221,0.704990,0.600000,-0.672757,0.600000,0.413527,-0.600000,0.568448,-0.600000,0.463951,-0.974197,0.630774,-0.600000,-0.345308
42,0,0,0,0,E,0,17,15,1,-0.600000,-0.600000,-0.600000,0.600000,1.000000,-0.820049,0.445349,0.970620,0.600000,0.564765,-0.976021,-0.200917,0.600000,0.600000,-0.667225,-0.976021,-0.128259,0.600000,-0.128259,0.600000,-0.600000,-0.600000,-0.458980,0.409867,-0.930794,-0.128259,0.600000,0.528858,-0.600000,-0.976021,-0.600000,0.600000,-0.021609,-0.600000,-0.564765,-0.726301,-0.640095,-0.667225,-0.409867,-0.600000,-0.225250,-0.568448,-0.700742,-0.600000,-0.600000,-0.522625,-0.672757,0.600000,-0.600000,-0.600000,-0.594055,-0.528858,-0.528858,0.964477,-0.672757,-0.522625,-0.764261,-0.784374,0.564765,0.708105,0.600000,-0.672757,0.600000,0.403856,-0.600000,0.568448,-0.600000,0.458980,-0.976021,0.630774,-0.600000,-0.339673
43,0,0,0,0,E,0,15,16,1,-0.600000,-0.600000,-0.600000,0.600000,1.000000,-0.828748,0.442879,0.971606,0.600000,0.562307,-0.977719,-0.186070,0.600000,0.600000,-0.668335,-0.977719,-0.127700,0.600000,-0.127700,0.600000,-0.600000,-0.600000,-0.454017,0.405036,-0.931116,-0.127700,0.600000,0.527612,-0.600000,-0.977719,-0.600000,0.600000,-0.019490,-0.600000,-0.562307,-0.730263,-0.637790,-0.668335,-0.405036,-0.600000,-0.210743,-0.568448,-0.700742,-0.600000,-0.600000,-0.522625,-0.672757,0.600000,-0.600000,-0.600000,-0.595260,-0.527612,-0.527612,0.965326,-0.672757,-0.522625,-0.767850,-0.787742,0.562307,0.711201,0.600000,-0.672757,0.600000,0.389490,-0.600000,0.568448,-0.600000,0.454017,-0.977719,0.630774,-0.600000,-0.325236
44,0,0,0,0,stay,0,14,16,1,-0.600000,-0.600000,-0.600000,0.600000,1.000000,-0.834359,0.437947,0.973221,0.600000,0.561076,-0.979299,-0.178604,0.600000,0.600000,-0.669443,-0.979299,-0.124936,0.600000,-0.124936,0.600000,-0.600000,-0.600000,-0.449063,0.399023,-0.932706,-0.124936,0.600000,0.526366,-0.600000,-0.979299,-0.600000,0.600000,-0.017575,-0.600000,-0.561076,-0.734189,-0.636635,-0.669443,-0.399023,-0.600000,-0.203345,-0.568448,-0.700742,-0.600000,-0.600000,-0.522625,-0.672757,0.600000,-0.600000,-0.600000,-0.596465,-0.526366,-0.526366,0.966805,-0.672757,-0.522625,-0.772282,-0.791072,0.561076,0.715298,0.600000,-0.672757,0.600000,0.380017,-0.600000,0.568448,-0.600000,0.449063,-0.979299,0.630774,-0.600000,-0.319769
45,0,1,0,0,E,0,12,17,1,-0.600000,-0.600000,-0.600000,0.600000,1.000000,-0.837110,0.436716,0.975713,0.600000,0.559845,-0.981420,-0.174960,0.600000,0.600000,-0.669443,-0.981420,-0.122761,0.600000,-0.122761,0.600000,-0.600000,-0.600000,-0.446589,0.396627,-0.933953,-0.122761,0.600000,0.526366,-0.600000,-0.981420,-0.600000,0.600000,-0.015536,-0.600000,-0.559845,-0.736138,-0.652681,-0.669443,-0.396627,-0.600000,-0.200120,-0.568448,-0.716245,-0.600000,-0.600000,-0.503892,-0.689064,0.600000,-0.600000,-0.600000,-0.578298,-0.526366,-0.526366,0.967758,-0.689064,-0.503892,-0.774038,-0.804793,0.559845,0.717332,0.600000,-0.689064,0.600000,0.393046,-0.600000,0.568448,-0.600000,0.446589,-0.981420,0.630774,-0.600000,-0.317596
46,0,1,0,0,S,0,10,16,1,-0.600000,-0.600000,-0.600000,0.600000,1.000000,-0.837110,0.436716,0.978193,0.600000,0.559845,-0.983327,-0.174960,0.600000,0.600000,-0.669443,-0.983327,-0.122761,0.600000,-0.122761,0.600000,-0.600000,-0.600000,-0.446589,0.396627,-0.933953,-0.122761,0.600000,0.526366,-0.600000,-0.983327,-0.600000,0.600000,-0.013937,-0.600000,-0.559845,-0.736138,-0.677200,-0.669443,-0.396627,-0.600000,-0.200120,-0.568448,-0.738085,-0.600000,-0.600000,-0.476408,-0.712152,0.600000,-0.600000,-0.600000,-0.551276,-0.526366,-0.526366,0.967758,-0.712152,-0.476408,-0.774038,-0.821522,0.559845,0.717332,0.600000,-0.712152,0.600000,0.419560,-0.600000,0.568448,-0.600000,0.446589,-0.983327,0.630774,-0.600000,-0.317596
47,1,1,0,0,E,0,8,17,1,-0.600000,-0.600000,-0.600000,0.600000,1.000000,-0.840496,0.431801,0.979543,0.600000,0.556146,-0.984208,-0.165062,0.600000,0.600000,-0.672757,-0.984208,-0.120089,0.600000,-0.120089,0.600000,-0.600000,-0.600000,-0.445354,0.388277,-0.935482,-0.120089,0.600000,0.522625,-0.600000,-0.984208,-0.600000,0.600000,-0.012558,-0.600000,-0.556146,-0.737110,-0.676111,-0.672757,-0.388277,-0.600000,-0.191448,-0.568448,-0.740016,-0.600000,-0.600000,-0.473914,-0.714200,0.600000,-0.600000,-0.600000,-0.552514,-0.522625,-0.522625,0.968684,-0.714200,-0.473914,-0.780109,-0.823715,0.556146,0.721374,0.600000,-0.714200,0.600000,0.415908,-0.600000,0.568448,-0.600000,0.445354,-0.984208,0.630774,-0.600000,-0.306849
48,1,1,0,0,stay,1,29,17,1,-0.600000,-0.600000,-0.600000,0.600000,1.000000,-0.845140,0.426898,0.980525,0.600000,0.554912,-0.985116,-0.153657,0.600000,0.600000,-0.672757,-0.985116,-0.117468,0.600000,-0.117468,0.600000,-0.600000,-0.600000,-0.435493,0.382353,-0.936978,-0.117468,0.600000,0.522625,-0.600000,-0.985116,-0.600000,0.600000,-0.011486,-0.600000,-0.554912,-0.744796,-0.675016,-0.672757,-0.382353,-0.600000,-0.179350,-0.568448,-0.740016,-0.600000,-0.600000,-0.473914,-0.714200,0.600000,-0.600000,-0.600000,-0.552514,-0.522625,-0.522625,0.970602,-0.714200,-0.473914,-0.784374,-0.829457,0.554912,0.726377,0.600000,-0.714200,0.600000,0.407428,-0.600000,0.568448,-0.600000,0.435493,-0.985116,0.630774,-0.600000,-0.298400
49,0,0,1,0,E,0,27,18,1,-0.600000,-0.600000,-0.600000,0.600000,1.000000,-0.845794,0.425671,0.982089,0.600000,0.549968,-0.986042,-0.148518,0.600000,0.600000,-0.676053,-0.986042,-0.110883,0.600000,-0.110883,0.600000,-0.600000,-0.600000,-0.433035,0.376463,-0.940717,-0.110883,0.600000,0.518882,-0.600000,-0.986042,-0.600000,0.600000,-0.010297,-0.600000,-0.549968,-0.746695,-0.670617,-0.676053,-0.376463,-0.600000,-0.176421,-0.568448,-0.740016,-0.600000,-0.600000,-0.473914,-0.714200,0.600000,-0.600000,-0.600000,-0.556220,-0.518882,-0.518882,0.972674,-0.714200,-0.473914,-0.788578,-0.830870,0.549968,0.728369,0.600000,-0.714200,0.600000,0.406221,-0.600000,0.568448,-0.600000,0.433035,-0.986042,0.630774,-0.600000,-0.296308
50,0,0,1,0,stay,1,29,18,1,-0.600000,-0.600000,-0.600000,0.600000,1.000000,-0.845794,0.425671,0.983929,0.600000,0.549968,-0.987481,-0.148518,0.600000,0.600000,-0.676053,-0.987481,-0.100473,0.600000,-0.100473,0.600000,-0.600000,-0.600000,-0.433035,0.376463,-0.946574,-0.100473,0.600000,0.518882,-0.600000,-0.987481,-0.600000,0.600000,-0.009231,-0.600000,-0.549968,-0.746695,-0.670617,-0.676053,-0.376463,-0.600000,-0.176421,-0.568448,-0.740016,-0.600000,-0.600000,-0.473914,-0.714200,0.600000,-0.600000,-0.600000,-0.556220,-0.518882,-0.518882,0.975457,-0.714200,-0.473914,-0.788578,-0.830870,0.549968,0.728369,0.600000,-0.714200,0.600000,0.406221,-0.600000,0.568448,-0.600000,0.433035,-0.987481,0.630774,-0.600000,-0.296308
51,1,0,0,0,E,0,27,19,1,-0.600000,-0.600000,-0.600000,0.600000,1.000000,-0.850948,0.419567,0.985296,0.600000,0.547493,-0.988605,-0.134527,0.600000,0.600000,-0.677148,-0.988605,-0.096035,0.600000,-0.096035,0.600000,-0.600000,-0.600000,-0.423239,0.368278,-0.949053,-0.096035,0.600000,0.517634,-0.600000,-0.988605,-0.600000,0.600000,-0.008031,-0.600000,-0.547493,-0.754195,-0.668407,-0.677148,-0.368278,-0.600000,-0.161655,-0.568448,-0.740016,-0.600000,-0.600000,-0.473914,-0.714200,0.600000,-0.600000,-0.600000,-0.557455,-0.517634,-0.517634,0.977529,-0.714200,-0.473914,-0.794363,-0.836426,0.547493,0.734273,0.600000,-0.714200,0.600000,0.396605,-0.600000,0.568448,-0.600000,0.423239,-0.988605,0.630774,-0.600000,-0.282923
52,0,0,0,0,N,0,25,20,1,-0.600000,-0.600000,-0.600000,0.600000,1.000000,-0.855341,0.417129,0.986348,0.600000,0.540052,-0.989369,-0.126012,0.600000,0.600000,-0.680422,-0.989369,-0.092611,0.600000,-0.092611,0.600000,-0.600000,-0.600000,-0.419580,0.359016,-0.950957,-0.092611,0.600000,0.513888,-0.600000,-0.989369,-0.600000,0.600000,-0.006984,-0.600000,-0.540052,-0.756968,-0.661730,-0.680422,-0.359016,-0.600000,-0.155639,-0.568448,-0.740016,-0.600000,-0.600000,-0.473914,-0.714200,0.600000,-0.600000,-0.600000,-0.561153,-0.513888,-0.513888,0.978709,-0.714200,-0.473914,-0.800829,-0.838471,0.540052,0.739130,0.600000,-0.714200,0.600000,0.388256,-0.600000,0.568448,-0.600000,0.419580,-0.989369,0.630774,-0.600000,-0.276870
53,0,0,0,0,stay,1,29,20,1,-0.600000,-0.600000,-0.600000,0.600000,1.000000,-0.860229,0.413485,0.986813,0.600000,0.540052,-0.989983,-0.121664,0.600000,0.600000,-0.680422,-0.989983,-0.091356,0.600000,-0.091356,0.600000,-0.600000,-0.600000,-0.414715,0.355569,-0.951653,-0.091356,0.600000,0.513888,-0.600000,-0.989983,-0.600000,0.600000,-0.006481,-0.600000,-0.540052,-0.760633,-0.661730,-0.680422,-0.355569,-0.600000,-0.150446,-0.568448,-0.740016,-0.600000,-0.600000,-0.473914,-0.714200,0.600000,-0.600000,-0.600000,-0.561153,-0.513888,-0.513888,0.979428,-0.714200,-0.473914,-0.803215,-0.841166,0.540052,0.742015,0.600000,-0.714200,0.600000,0.378793,-0.600000,0.568448,-0.600000,0.414715,-0.989983,0.630774,-0.600000,-0.272875
54,0,0,0,0,E,0,27,21,1,-0.600000,-0.600000,-0.600000,0.600000,1.000000,-0.864392,0.411059,0.987200,0.600000,0.538810,-0.990468,-0.115895,0.600000,0.600000,-0.681509,-0.990468,-0.090528,0.600000,-0.090528,0.600000,-0.600000,-0.600000,-0.412289,0.352137,-0.952112,-0.090528,0.600000,0.512639,-0.600000,-0.990468,-0.600000,0.600000,-0.006044,-0.600000,-0.538810,-0.762452,-0.660611,-0.681509,-0.352137,-0.600000,-0.144155,-0.568448,-0.740016,-0.600000,-0.600000,-0.473914,-0.714200,0.600000,-0.600000,-0.600000,-0.562384,-0.512639,-0.512639,0.979828,-0.714200,-0.473914,-0.805578,-0.842500,0.538810,0.743929,0.600000,-0.714200,0.600000,0.370588,-0.600000,0.568448,-0.600000,0.412289,-0.990468,0.630774,-0.600000,-0.265002
55,0,0,0,0,E,0,25,22,1,-0.600000,-0.600000,-0.600000,0.600000,1.000000,-0.870722,0.405018,0.987939,0.600000,0.538810,-0.991283,-0.110860,0.600000,0.600000,-0.683678,-0.991283,-0.089706,0.600000,-0.089706,0.600000,-0.600000,-0.600000,-0.406242,0.346450,-0.952567,-0.089706,0.600000,0.510140,-0.600000,-0.991283,-0.600000,0.600000,-0.005389,-0.600000,-0.538810,-0.766956,-0.660611,-0.683678,-0.346450,-0.600000,-0.138085,-0.568448,-0.740016,-0.600000,-0.600000,-0.473914,-0.714200,0.600000,-0.600000,-0.600000,-0.564844,-0.510140,-0.510140,0.980511,-0.714200,-0.473914,-0.809470,-0.845794,0.538810,0.746785,0.600000,-0.714200,0.600000,0.357845,-0.600000,0.568448,-0.600000,0.406242,-0.991283,0.630774,-0.600000,-0.260153
56,0,0,0,0,stay,0,24,22,1,-0.600000,-0.600000,-0.600000,0.600000,1.000000,-0.873515,0.402610,0.988350,0.600000,0.538810,-0.991706,-0.109387,0.600000,0.600000,-0.683678,-0.991706,-0.088486,0.600000,-0.088486,0.600000,-0.600000,-0.600000,-0.403831,0.344188,-0.953242,-0.088486,0.600000,0.510140,-0.600000,-0.991706,-0.600000,0.600000,-0.005076,-0.600000,-0.538810,-0.768741,-0.660611,-0.683678,-0.344188,-0.600000,-0.136306,-0.568448,-0.740016,-0.600000,-0.600000,-0.473914,-0.714200,0.600000,-0.600000,-0.600000,-0.564844,-0.510140,-0.510140,0.980984,-0.714200,-0.473914,-0.811010,-0.847096,0.538810,0.748673,0.600000,-0.714200,0.600000,0.352116,-0.600000,0.568448,-0.600000,0.403831,-0.991706,0.630774,-0.600000,-0.259188
57,0,0,0,0,E,0,22,23,1,-0.600000,-0.600000,-0.600000,0.600000,1.000000,-0.877339,0.401407,0.988635,0.600000,0.538810,-0.992147,-0.105072,0.600000,0.600000,-0.683678,-0.992147,-0.088486,0.600000,-0.088486,0.600000,-0.600000,-0.600000,-0.402628,0.343059,-0.953242,-0.088486,0.600000,0.510140,-0.600000,-0.992147,-0.600000,0.600000,-0.004781,-0.600000,-0.538810,-0.769630,-0.660611,-0.683678,-0.343059,-0.600000,-0.131085,-0.568448,-0.740016,-0.600000,-0.600000,-0.473914,-0.714200,0.600000,-0.600000,-0.600000,-0.564844,-0.510140,-0.510140,0.981078,-0.714200,-0.473914,-0.811776,-0.847744,0.538810,0.749614,0.600000,-0.714200,0.600000,0.344168,-0.600000,0.568448,-0.600000,0.402628,-0.992147,0.630774,-0.600000,-0.251573
58,0,1,1,0,E,0,20,24,1,-0.600000,-0.600000,-0.600000,0.600000,1.000000,-0.878947,0.401406,0.989708,0.600000,0.537567,-0.992962,-0.102739,0.600000,0.600000,-0.684759,-0.992962,-0.080359,0.600000,-0.080359,0.600000,-0.600000,-0.600000,-0.402628,0.341932,-0.957715,-0.080359,0.600000,0.508891,-0.600000,-0.992962,-0.600000,0.600000,-0.004241,-0.600000,-0.537567,-0.769630,-0.676139,-0.684759,-0.341932,-0.600000,-0.128820,-0.568448,-0.754201,-0.600000,-0.600000,-0.455257,-0.729276,0.600000,-0.600000,-0.600000,-0.547573,-0.508891,-0.508891,0.982936,-0.729276,-0.455257,-0.812540,-0.857190,0.537567,0.749616,0.600000,-0.729276,0.600000,0.357819,-0.600000,0.568448,-0.600000,0.402628,-0.992962,0.630774,-0.600000,-0.247821
59,0,1,1,0,stay,0,19,24,1,-0.600000,-0.600000,-0.600000,0.600000,1.000000,-0.878947,0.401406,0.990773,0.600000,0.537567,-0.993692,-0.102739,0.600000,0.600000,-0.684759,-0.993692,-0.072580,0.600000,-0.072580,0.600000,-0.600000,-0.600000,-0.402628,0.341932,-0.961961,-0.072580,0.600000,0.508891,-0.600000,-0.993692,-0.600000,0.600000,-0.003800,-0.600000,-0.537567,-0.769630,-0.699767,-0.684759,-0.341932,-0.600000,-0.128820,-0.568448,-0.774044,-0.600000,-0.600000,-0.428130,-0.750463,0.600000,-0.600000,-0.600000,-0.520211,-0.508891,-0.508891,0.984690,-0.750463,-0.428130,-0.812540,-0.870157,0.537567,0.749616,0.600000,-0.750463,0.600000,0.383453,-0.600000,0.568448,-0.600000,0.402628,-0.993692,0.630774,-0.600000,-0.247821
60,1,0,0,0,N,0,17,25,1,-0.600000,-0.600000,-0.600000,0.600000,1.000000,-0.882629,0.399001,0.991307,0.600000,0.533837,-0.994117,-0.094714,0.600000,0.600000,-0.684759,-0.994117,-0.070254,0.600000,-0.070254,0.600000,-0.600000,-0.600000,-0.395430,0.336325,-0.963224,-0.070254,0.600000,0.508891,-0.600000,-0.994117,-0.600000,0.600000,-0.003404,-0.600000,-0.533837,-0.774913,-0.697666,-0.684759,-0.336325,-0.600000,-0.120620,-0.568448,-0.774918,-0.600000,-0.600000,-0.426906,-0.751400,0.600000,-0.600000,-0.600000,-0.518963,-0.508891,-0.508891,0.985643,-0.751400,-0.426906,-0.816324,-0.874068,0.533837,0.754285,0.600000,-0.751400,0.600000,0.376381,-0.600000,0.568448,-0.600000,0.395430,-0.994117,0.630774,-0.600000,-0.239518
61,0,1,1,0,E,0,15,26,1,-0.600000,-0.600000,-0.600000,0.600000,1.000000,-0.883147,0.398999,0.992169,0.600000,0.532593,-0.994701,-0.093009,0.600000,0.600000,-0.684759,-0.994701,-0.063684,0.600000,-0.063684,0.600000,-0.600000,-0.600000,-0.394235,0.335209,-0.966776,-0.063684,0.600000,0.508891,-0.600000,-0.994701,-0.600000,0.600000,-0.003034,-0.600000,-0.532593,-0.775785,-0.714287,-0.684759,-0.335209,-0.600000,-0.119035,-0.568448,-0.789417,-0.600000,-0.600000,-0.406242,-0.766956,0.600000,-0.600000,-0.600000,-0.497723,-0.508891,-0.508891,0.987123,-0.766956,-0.406242,-0.817074,-0.883663,0.532593,0.755212,0.600000,-0.766956,0.600000,0.395323,-0.600000,0.568448,-0.600000,0.394235,-0.994701,0.630774,-0.600000,-0.237699
62,0,0,0,1,N,0,13,27,1,-0.600000,-0.600000,-0.600000,0.600000,1.000000,-0.889209,0.395404,0.992697,0.600000,0.530103,-0.995156,-0.088868,0.600000,0.600000,-0.687991,-0.995156,-0.063089,0.600000,-0.063089,0.600000,-0.600000,-0.600000,-0.391848,0.329656,-0.966617,-0.063089,0.600000,0.505142,-0.600000,-0.995156,-0.600000,0.600000,-0.002677,-0.600000,-0.530103,-0.777522,-0.713269,-0.687991,-0.329656,-0.600000,-0.114896,-0.564765,-0.792727,-0.600000,-0.600000,-0.405036,-0.767850,0.600000,-0.600000,-0.600000,-0.500223,-0.505142,-0.505142,0.987375,-0.767850,-0.405036,-0.820787,-0.885199,0.530103,0.757065,0.600000,-0.767850,0.600000,0.382246,-0.600000,0.564765,-0.600000,0.391848,-0.995156,0.634263,-0.600000,-0.232299
63,1,1,1,0,W,0,11,29,1,-0.600000,-0.600000,-0.600000,0.600000,1.000000,-0.889702,0.395401,0.993189,0.600000,0.527612,-0.995438,-0.083346,0.600000,0.600000,-0.689064,-0.995438,-0.059909,0.600000,-0.059909,0.600000,-0.600000,-0.600000,-0.383535,0.327448,-0.968198,-0.059909,0.600000,0.503892,-0.600000,-0.995438,-0.600000,0.600000,-0.002471,-0.600000,-0.527612,-0.783526,-0.711222,-0.689064,-0.327448,-0.600000,-0.108922,-0.563536,-0.793549,-0.600000,-0.600000,-0.405036,-0.767850,0.600000,-0.600000,-0.600000,-0.501473,-0.503892,-0.503892,0.988454,-0.767850,-0.405036,-0.822256,-0.888715,0.527612,0.757987,0.600000,-0.767850,0.600000,0.381065,-0.600000,0.563536,-0.600000,0.383535,-0.995438,0.635423,-0.600000,-0.227864
64,1,0,0,0,N,0,9,30,1,-0.600000,-0.600000,-0.600000,0.600000,1.000000,-0.892617,0.389433,0.993897,0.600000,0.520130,-0.995809,-0.073910,0.600000,0.600000,-0.692272,-0.995809,-0.056343,0.600000,-0.056343,0.600000,-0.600000,-0.600000,-0.375289,0.315442,-0.970144,-0.056343,0.600000,0.500142,-0.600000,-0.995809,-0.600000,0.600000,-0.002084,-0.600000,-0.520130,-0.789412,-0.705028,-0.692272,-0.315442,-0.600000,-0.099571,-0.563536,-0.793549,-0.600000,-0.600000,-0.405036,-0.767850,0.600000,-0.600000,-0.600000,-0.505223,-0.500142,-0.500142,0.989545,-0.767850,-0.405036,-0.830165,-0.892136,0.520130,0.765261,0.600000,-0.767850,0.600000,0.374011,-0.600000,0.563536,-0.600000,0.375289,-0.995809,0.635423,-0.600000,-0.216615
65,0,0,1,0,N,0,7,31,1,-0.600000,-0.600000,-0.600000,0.600000,1.000000,-0.892617,0.390617,0.994365,0.600000,0.513888,-0.996053,-0.071543,0.600000,0.600000,-0.695461,-0.996053,-0.053230,0.600000,-0.053230,0.600000,-0.600000,-0.600000,-0.374117,0.311135,-0.971837,-0.053230,0.600000,0.496392,-0.600000,-0.996053,-0.600000,0.600000,-0.001876,-0.600000,-0.513888,-0.790243,-0.699808,-0.695461,-0.311135,-0.600000,-0.098677,-0.563536,-0.793549,-0.600000,-0.600000,-0.405036,-0.767850,0.600000,-0.600000,-0.600000,-0.508972,-0.496392,-0.496392,0.990198,-0.767850,-0.405036,-0.832970,-0.892617,0.513888,0.766166,0.600000,-0.767850,0.600000,0.374011,-0.600000,0.563536,-0.600000,0.374117,-0.996053,0.635423,-0.600000,-0.215767
66,0,0,1,0,stay,1,29,31,1,-0.600000,-0.600000,-0.600000,0.600000,1.000000,-0.892617,0.390617,0.994951,0.600000,0.513888,-0.996463,-0.071543,0.600000,0.600000,-0.695461,-0.996463,-0.047940,0.600000,-0.047940,0.600000,-0.600000,-0.600000,-0.374117,0.311135,-0.974703,-0.047940,0.600000,0.496392,-0.600000,-0.996463,-0.600000,0.600000,-0.001680,-0.600000,-0.513888,-0.790243,-0.699808,-0.695461,-0.311135,-0.600000,-0.098677,-0.563536,-0.793549,-0.600000,-0.600000,-0.405036,-0.767850,0.600000,-0.600000,-0.600000,-0.508972,-0.496392,-0.496392,0.991212,-0.767850,-0.405036,-0.832970,-0.892617,0.513888,0.766166,0.600000,-0.767850,0.600000,0.374011,-0.600000,0.563536,-0.600000,0.374117,-0.996463,0.635423,-0.600000,-0.215767
67,0,0,1,0,stay,0,28,31,1,-0.600000,-0.600000,-0.600000,0.600000,1.000000,-0.892617,0.390617,0.995475,0.600000,0.513888,-0.996831,-0.071543,0.600000,0.600000,-0.695461,-0.996831,-0.043151,0.600000,-0.043151,0.600000,-0.600000,-0.600000,-0.374117,0.311135,-0.977284,-0.043151,0.600000,0.496392,-0.600000,-0.996831,-0.600000,0.600000,-0.001505,-0.600000,-0.513888,-0.790243,-0.699808,-0.695461,-0.311135,-0.600000,-0.098677,-0.563536,-0.793549,-0.600000,-0.600000,-0.405036,-0.767850,0.600000,-0.600000,-0.600000,-0.508972,-0.496392,-0.496392,0.992123,-0.767850,-0.405036,-0.832970,-0.892617,0.513888,0.766166,0.600000,-0.767850,0.600000,0.374011,-0.600000,0.563536,-0.600000,0.374117,-0.996831,0.635423,-0.600000,-0.215767
68,1,0,0,0,N,0,26,32,1,-0.600000,-0.600000,-0.600000,0.600000,1.000000,-0.897787,0.388234,0.995675,0.600000,0.510140,-0.997060,-0.063951,0.600000,0.600000,-0.695461,-0.997060,-0.042535,0.600000,-0.042535,0.600000,-0.600000,-0.600000,-0.364793,0.305798,-0.977616,-0.042535,0.600000,0.496392,-0.600000,-0.997060,-0.600000,0.600000,-0.001341,-0.600000,-0.510140,-0.796806,-0.696650,-0.695461,-0.305798,-0.600000,-0.089706,-0.563536,-0.793549,-0.600000,-0.600000,-0.405036,-0.767850,0.600000,-0.600000,-0.600000,-0.508972,-0.496392,-0.496392,0.992542,-0.767850,-0.405036,-0.836426,-0.896399,0.510140,0.770621,0.600000,-0.767850,0.600000,0.361217,-0.600000,0.563536,-0.600000,0.364793,-0.997060,0.635423,-0.600000,-0.204956
69,0,0,1,0,S,0,24,31,1,-0.600000,-0.600000,-0.600000,0.600000,1.000000,-0.898245,0.387046,0.996105,0.600000,0.510140,-0.997353,-0.063652,0.600000,0.600000,-0.695461,-0.997353,-0.038449,0.600000,-0.038449,0.600000,-0.600000,-0.600000,-0.363634,0.304736,-0.979807,-0.038449,0.600000,0.496392,-0.600000,-0.997353,-0.600000,0.600000,-0.001201,-0.600000,-0.510140,-0.797615,-0.696650,-0.695461,-0.304736,-0.600000,-0.089298,-0.563536,-0.793549,-0.600000,-0.600000,-0.405036,-0.767850,0.600000,-0.600000,-0.600000,-0.508972,-0.496392,-0.496392,0.993316,-0.767850,-0.405036,-0.837110,-0.896863,0.510140,0.771505,0.600000,-0.767850,0.600000,0.360063,-0.600000,0.563536,-0.600000,0.363634,-0.997353,0.635423,-0.600000,-0.204956
70,0,0,0,0,S,0,22,30,1,-0.600000,-0.600000,-0.600000,0.600000,1.000000,-0.902293,0.384667,0.996440,0.600000,0.502642,-0.997593,-0.059878,0.600000,0.600000,-0.699685,-0.997593,-0.037173,0.600000,-0.037173,0.600000,-0.597599,-0.600000,-0.359016,0.296320,-0.980489,-0.037173,0.600000,0.491393,-0.600000,-0.997593,-0.600000,0.600000,-0.001018,-0.600000,-0.502642,-0.800829,-0.690279,-0.699685,-0.296320,-0.602399,-0.086486,-0.563536,-0.793549,-0.600000,-0.600000,-0.405036,-0.767850,0.602399,-0.600000,-0.600000,-0.513970,-0.491393,-0.491393,0.993672,-0.767850,-0.405036,-0.842500,-0.898702,0.502642,0.775026,0.600000,-0.767850,0.600000,0.349754,-0.600000,0.563536,-0.600000,0.359016,-0.997593,0.635423,-0.600000,-0.202516
71,0,0,0,0,stay,1,29,30,1,-0.600000,-0.600000,-0.600000,0.600000,1.000000,-0.904480,0.382300,0.996597,0.600000,0.501392,-0.997722,-0.058483,0.600000,0.600000,-0.699685,-0.997722,-0.036994,0.600000,-0.036994,0.600000,-0.597599,-0.600000,-0.355569,0.293198,-0.980585,-0.036994,0.600000,0.491393,-0.600000,-0.997722,-0.600000,0.600000,-0.000944,-0.600000,-0.501392,-0.803215,-0.689210,-0.699685,-0.293198,-0.602399,-0.084916,-0.563536,-0.793549,-0.600000,-0.600000,-0.405036,-0.767850,0.602399,-0.600000,-0.600000,-0.513970,-0.491393,-0.491393,0.993797,-0.767850,-0.405036,-0.844483,-0.900062,0.501392,0.777634,0.600000,-0.767850,0.600000,0.344085,-0.600000,0.563536,-0.600000,0.355569,-0.997722,0.635423,-0.600000,-0.201704
72,0,1,1,0,E,0,27,29,1,-0.600000,-0.600000,-0.600000,0.600000,1.000000,-0.905342,0.381118,0.996936,0.600000,0.500142,-0.997949,-0.056849,0.600000,0.600000,-0.699685,-0.997949,-0.033584,0.600000,-0.033584,0.600000,-0.597599,-0.600000,-0.353279,0.291128,-0.982404,-0.033584,0.600000,0.491393,-0.600000,-0.997949,-0.600000,0.600000,-0.000837,-0.600000,-0.500142,-0.804793,-0.701929,-0.699685,-0.291128,-0.602399,-0.082989,-0.563536,-0.804010,-0.600000,-0.600000,-0.389466,-0.779249,0.602399,-0.600000,-0.600000,-0.497724,-0.491393,-0.491393,0.994441,-0.779249,-0.389466,-0.845794,-0.906622,0.500142,0.779361,0.600000,-0.779249,0.600000,0.356590,-0.600000,0.563536,-0.600000,0.353279,-0.997949,0.635423,-0.600000,-0.199296
73,0,0,0,0,E,0,25,28,1,-0.600000,-0.600000,-0.600000,0.600000,1.000000,-0.908721,0.377580,0.997129,0.600000,0.496392,-0.998097,-0.054996,0.600000,0.600000,-0.702830,-0.998097,-0.033100,0.600000,-0.033100,0.600000,-0.597599,-0.600000,-0.349857,0.284970,-0.982662,-0.033100,0.600000,0.487644,-0.600000,-0.998097,-0.600000,0.600000,-0.000742,-0.600000,-0.496392,-0.807142,-0.699836,-0.702830,-0.284970,-0.602399,-0.081477,-0.563536,-0.804798,-0.600000,-0.600000,-0.388277,-0.780109,0.602399,-0.600000,-0.600000,-0.500224,-0.487644,-0.487644,0.994605,-0.780109,-0.388277,-0.849673,-0.908305,0.496392,0.781940,0.600000,-0.780109,0.600000,0.348593,-0.600000,0.563536,-0.600000,0.349857,-0.998097,0.635423,-0.600000,-0.198493
74,0,0,0,0,stay,1,29,28,1,-0.600000,-0.600000,-0.600000,0.600000,1.000000,-0.912393,0.377574,0.997323,0.600000,0.491393,-0.998270,-0.052449,0.600000,0.600000,-0.704917,-0.998270,-0.032622,0.600000,-0.032622,0.600000,-0.597599,-0.600000,-0.346450,0.280907,-0.982917,-0.032622,0.600000,0.485146,-0.600000,-0.998270,-0.600000,0.600000,-0.000648,-0.600000,-0.491393,-0.809470,-0.695623,-0.704917,-0.280907,-0.602399,-0.079255,-0.563536,-0.804798,-0.600000,-0.600000,-0.388277,-0.780109,0.602399,-0.600000,-0.600000,-0.502724,-0.485146,-0.485146,0.994764,-0.780109,-0.388277,-0.852215,-0.909549,0.491393,0.783648,0.600000,-0.780109,0.600000,0.338437,-0.600000,0.563536,-0.600000,0.346450,-0.998270,0.635423,-0.600000,-0.196109
75,0,0,0,0,N,0,27,29,1,-0.600000,-0.600000,-0.600000,0.600000,1.000000,-0.915545,0.375224,0.997389,0.600000,0.490143,-0.998354,-0.050251,0.600000,0.600000,-0.706995,-0.998354,-0.032622,0.600000,-0.032622,0.600000,-0.597599,-0.600000,-0.345318,0.277884,-0.982917,-0.032622,0.600000,0.482648,-0.600000,-0.998354,-0.600000,0.600000,-0.000604,-0.600000,-0.490143,-0.810241,-0.694564,-0.706995,-0.277884,-0.602399,-0.076379,-0.563536,-0.804798,-0.600000,-0.600000,-0.388277,-0.780109,0.602399,-0.600000,-0.600000,-0.505224,-0.482648,-0.482648,0.994790,-0.780109,-0.388277,-0.854097,-0.909960,0.490143,0.784500,0.600000,-0.780109,0.600000,0.329533,-0.600000,0.563536,-0.600000,0.345318,-0.998354,0.635423,-0.600000,-0.190642
76,1,0,0,0,E,0,25,28,1,-0.600000,-0.600000,-0.600000,0.600000,1.000000,-0.920079,0.375224,0.997389,0.600000,0.490143,-0.998450,-0.047458,0.600000,0.600000,-0.706995,-0.998450,-0.032622,0.600000,-0.032622,0.600000,-0.597599,-0.600000,-0.345318,0.277884,-0.982917,-0.032622,0.600000,0.482648,-0.600000,-0.998450,-0.600000,0.600000,-0.000569,-0.600000,-0.490143,-0.810241,-0.694564,-0.706995,-0.277884,-0.602399,-0.072244,-0.563536,-0.804798,-0.600000,-0.600000,-0.388277,-0.780109,0.602399,-0.600000,-0.600000,-0.505224,-0.482648,-0.482648,0.994790,-0.780109,-0.388277,-0.854097,-0.909960,0.490143,0.784500,0.600000,-0.780109,0.600000,0.316403,-0.600000,0.563536,-0.600000,0.345318,-0.998450,0.635423,-0.600000,-0.181542
77,0,0,0,0,E,0,23,27,1,-0.600000,-0.600000,-0.600000,0.600000,1.000000,-0.924390,0.375224,0.997389,0.600000,0.490143,-0.998541,-0.044812,0.600000,0.600000,-0.706995,-0.998541,-0.032622,0.600000,-0.032622,0.600000,-0.597599,-0.600000,-0.345318,0.277884,-0.982917,-0.032622,0.600000,0.482648,-0.600000,-0.998541,-0.600000,0.600000,-0.000536,-0.600000,-0.490143,-0.810241,-0.694564,-0.706995,-0.277884,-0.602399,-0.068316,-0.563536,-0.804798,-0.600000,-0.600000,-0.388277,-0.780109,0.602399,-0.600000,-0.600000,-0.505224,-0.482648,-0.482648,0.994790,-0.780109,-0.388277,-0.854097,-0.909960,0.490143,0.784500,0.600000,-0.780109,0.600000,0.303559,-0.600000,0.563536,-0.600000,0.345318,-0.998541,0.635423,-0.600000,-0.172782
78,0,0,0,0,E,0,21,26,1,-0.600000,-0.600000,-0.600000,0.600000,1.000000,-0.928487,0.375224,0.997389,0.600000,0.490143,-0.998626,-0.042307,0.600000,0.600000,-0.706995,-0.998626,-0.032622,0.600000,-0.032622,0.600000,-0.597599,-0.600000,-0.345318,0.277884,-0.982917,-0.032622,0.600000,0.482648,-0.600000,-0.998626,-0.600000,0.600000,-0.000505,-0.600000,-0.490143,-0.810241,-0.694564,-0.706995,-0.277884,-0.602399,-0.064587,-0.563536,-0.804798,-0.600000,-0.600000,-0.388277,-0.780109,0.602399,-0.600000,-0.600000,-0.505224,-0.482648,-0.482648,0.994790,-0.780109,-0.388277,-0.854097,-0.909960,0.490143,0.784500,0.600000,-0.780109,0.600000,0.291013,-0.600000,0.563536,-0.600000,0.345318,-0.998626,0.635423,-0.600000,-0.164361
79,0,0,1,0,E,0,19,25,1,-0.600000,-0.600000,-0.600000,0.600000,1.000000,-0.929150,0.375224,0.997637,0.600000,0.490143,-0.998769,-0.041702,0.600000,0.600000,-0.706995,-0.998769,-0.029459,0.600000,-0.029459,0.600000,-0.597599,-0.600000,-0.344188,0.277884,-0.984597,-0.029459,0.600000,0.482648,-0.600000,-0.998769,-0.600000,0.600000,-0.000452,-0.600000,-0.490143,-0.811010,-0.694564,-0.706995,-0.277884,-0.602399,-0.063684,-0.563536,-0.804798,-0.600000,-0.600000,-0.388277,-0.780109,0.602399,-0.600000,-0.600000,-0.505224,-0.482648,-0.482648,0.995332,-0.780109,-0.388277,-0.854097,-0.910370,0.490143,0.784500,0.600000,-0.780109,0.600000,0.288952,-0.600000,0.563536,-0.600000,0.344188,-0.998769,0.635423,-0.600000,-0.162987
80,0,0,1,0,stay,0,18,25,1,-0.600000,-0.600000,-0.600000,0.600000,1.000000,-0.929150,0.375224,0.997884,0.600000,0.490143,-0.998897,-0.041702,0.600000,0.600000,-0.706995,-0.998897,-0.026465,0.600000,-0.026465,0.600000,-0.597599,-0.600000,-0.344188,0.277884,-0.986183,-0.026465,0.600000,0.482648,-0.600000,-0.998897,-0.600000,0.600000,-0.000405,-0.600000,-0.490143,-0.811010,-0.694564,-0.706995,-0.277884,-0.602399,-0.063684,-0.563536,-0.804798,-0.600000,-0.600000,-0.388277,-0.780109,0.602399,-0.600000,-0.600000,-0.505224,-0.482648,-0.482648,0.995817,-0.780109,-0.388277,-0.854097,-0.910370,0.490143,0.784500,0.600000,-0.780109,0.600000,0.288952,-0.600000,0.563536,-0.600000,0.344188,-0.998897,0.635423,-0.600000,-0.162987
81,0,0,0,0,E,0,16,24,1,-0.600000,-0.600000,-0.600000,0.600000,1.000000,-0.930781,0.375224,0.997956,0.600000,0.490143,-0.998962,-0.041106,0.600000,0.600000,-0.706995,-0.998962,-0.026336,0.600000,-0.026336,0.600000,-0.597599,-0.600000,-0.341932,0.277884,-0.986251,-0.026336,0.600000,0.482648,-0.600000,-0.998962,-0.600000,0.600000,-0.000381,-0.600000,-0.490143,-0.812540,-0.694564,-0.706995,-0.277884,-0.602399,-0.062794,-0.563536,-0.804798,-0.600000,-0.600000,-0.388277,-0.780109,0.602399,-0.600000,-0.600000,-0.505224,-0.482648,-0.482648,0.995879,-0.780109,-0.388277,-0.854097,-0.911184,0.490143,0.784500,0.600000,-0.780109,0.600000,0.283837,-0.600000,0.563536,-0.600000,0.341932,-0.998962,0.635423,-0.600000,-0.162303
82,0,0,0,0,N,0,14,25,1,-0.600000,-0.600000,-0.600000,0.600000,1.000000,-0.932378,0.372880,0.998046,0.600000,0.488893,-0.999017,-0.040129,0.600000,0.600000,-0.706995,-0.999017,-0.026208,0.600000,-0.026208,0.600000,-0.597599,-0.600000,-0.338562,0.274881,-0.986319,-0.026208,0.600000,0.482648,-0.600000,-0.999017,-0.600000,0.600000,-0.000354,-0.600000,-0.488893,-0.814818,-0.693503,-0.706995,-0.274881,-0.602399,-0.061624,-0.563536,-0.804798,-0.600000,-0.600000,-0.388277,-0.780109,0.602399,-0.600000,-0.600000,-0.505224,-0.482648,-0.482648,0.995961,-0.780109,-0.388277,-0.855960,-0.912393,0.488893,0.787029,0.600000,-0.780109,0.600000,0.278777,-0.600000,0.563536,-0.600000,0.338562,-0.999017,0.635423,-0.600000,-0.161618
83,1,0,0,0,N,0,12,26,1,-0.600000,-0.600000,-0.600000,0.600000,1.000000,-0.934249,0.372875,0.998123,0.600000,0.485146,-0.999070,-0.037150,0.600000,0.600000,-0.708031,-0.999070,-0.025827,0.600000,-0.025827,0.600000,-0.597599,-0.600000,-0.331872,0.271898,-0.986520,-0.025827,0.600000,0.481400,-0.600000,-0.999070,-0.600000,0.600000,-0.000325,-0.600000,-0.485146,-0.819309,-0.690309,-0.708031,-0.271898,-0.602399,-0.057963,-0.563536,-0.804798,-0.600000,-0.600000,-0.388277,-0.780109,0.602399,-0.600000,-0.600000,-0.506474,-0.481400,-0.481400,0.996139,-0.780109,-0.388277,-0.857802,-0.914767,0.485146,0.788705,0.600000,-0.780109,0.600000,0.272779,-0.600000,0.563536,-0.600000,0.331872,-0.999070,0.635423,-0.600000,-0.156924
84,1,0,0,1,N,0,10,27,1,-0.600000,-0.600000,-0.600000,0.600000,1.000000,-0.937261,0.369369,0.998224,0.600000,0.481400,-0.999124,-0.034052,0.600000,0.600000,-0.711125,-0.999124,-0.025451,0.600000,-0.025451,0.600000,-0.597599,-0.600000,-0.329656,0.265993,-0.986521,-0.025451,0.600000,0.477656,-0.600000,-0.999124,-0.600000,0.600000,-0.000292,-0.600000,-0.481400,-0.820787,-0.687096,-0.711125,-0.265993,-0.602399,-0.053993,-0.559845,-0.807147,-0.600000,-0.600000,-0.388277,-0.780109,0.602399,-0.600000,-0.600000,-0.510223,-0.477656,-0.477656,0.996234,-0.780109,-0.388277,-0.861429,-0.915545,0.481400,0.791202,0.600000,-0.780109,0.600000,0.262963,-0.600000,0.559845,-0.600000,0.329656,-0.999124,0.638893,-0.600000,-0.148501
85,0,1,0,1,E,0,8,26,1,-0.600000,-0.600000,-0.600000,0.600000,1.000000,-0.940706,0.370534,0.998224,0.600000,0.480151,-0.999175,-0.031973,0.600000,0.600000,-0.712152,-0.999175,-0.025451,0.600000,-0.025451,0.600000,-0.597599,-0.600000,-0.329656,0.265993,-0.986521,-0.025451,0.600000,0.476408,-0.600000,-0.999175,-0.600000,0.600000,-0.000274,-0.600000,-0.480151,-0.820787,-0.686021,-0.712152,-0.265993,-0.602399,-0.051002,-0.559845,-0.807147,-0.600000,-0.600000,-0.388277,-0.780109,0.602399,-0.600000,-0.600000,-0.511472,-0.476408,-0.476408,0.996234,-0.780109,-0.388277,-0.861429,-0.915545,0.480151,0.790376,0.600000,-0.780109,0.600000,0.251487,-0.600000,0.559845,-0.600000,0.329656,-0.999175,0.638893,-0.600000,-0.141060
86,0,1,0,0,E,0,6,25,1,-0.600000,-0.600000,-0.600000,0.600000,1.000000,-0.943172,0.368200,0.998285,0.600000,0.476408,-0.999220,-0.030309,0.600000,0.600000,-0.716239,-0.999220,-0.025081,0.600000,-0.025081,0.600000,-0.597599,-0.600000,-0.329656,0.261135,-0.986720,-0.025081,0.600000,0.471421,-0.600000,-0.999220,-0.600000,0.600000,-0.000249,-0.600000,-0.476408,-0.820787,-0.682784,-0.716239,-0.261135,-0.602399,-0.049096,-0.559845,-0.807147,-0.600000,-0.600000,-0.388277,-0.780109,0.602399,-0.600000,-0.600000,-0.516469,-0.471421,-0.471421,0.996290,-0.780109,-0.388277,-0.864392,-0.915545,0.476408,0.791212,0.600000,-0.780109,0.600000,0.243100,-0.600000,0.559845,-0.600000,0.329656,-0.999220,0.638893,-0.600000,-0.136274
87,0,1,0,0,stay,1,29,25,1,-0.600000,-0.600000,-0.600000,0.600000,1.000000,-0.945541,0.367031,0.998417,0.600000,0.471421,-0.999294,-0.028312,0.600000,0.600000,-0.717255,-0.999294,-0.024475,0.600000,-0.024475,0.600000,-0.597599,-0.600000,-0.325248,0.256334,-0.987044,-0.024475,0.600000,0.470175,-0.600000,-0.999294,-0.600000,0.600000,-0.000215,-0.600000,-0.471421,-0.823715,-0.682792,-0.717255,-0.256334,-0.602399,-0.046809,-0.559845,-0.810246,-0.600000,-0.600000,-0.383535,-0.783526,0.602399,-0.600000,-0.600000,-0.512722,-0.470175,-0.470175,0.996453,-0.783526,-0.383535,-0.867301,-0.918593,0.471421,0.794504,0.600000,-0.783526,0.600000,0.238515,-0.600000,0.559845,-0.600000,0.325248,-0.999294,0.638893,-0.600000,-0.132771
88,0,1,0,0,stay,0,28,25,1,-0.600000,-0.600000,-0.600000,0.600000,1.000000,-0.945541,0.367031,0.998582,0.600000,0.471421,-0.999368,-0.028312,0.600000,0.600000,-0.717255,-0.999368,-0.024356,0.600000,-0.024356,0.600000,-0.597599,-0.600000,-0.325248,0.256334,-0.987108,-0.024356,0.600000,0.470175,-0.600000,-0.999368,-0.600000,0.600000,-0.000193,-0.600000,-0.471421,-0.823715,-0.706146,-0.717255,-0.256334,-0.602399,-0.046809,-0.559845,-0.826609,-0.600000,-0.600000,-0.357865,-0.801627,0.602399,-0.600000,-0.600000,-0.485229,-0.470175,-0.470175,0.996471,-0.801627,-0.357865,-0.867301,-0.926465,0.471421,0.794504,0.600000,-0.801627,0.600000,0.259037,-0.600000,0.559845,-0.600000,0.325248,-0.999368,0.638893,-0.600000,-0.132771
89,0,0,0,0,E,0,26,24,1,-0.600000,-0.600000,-0.600000,0.600000,1.000000,-0.948311,0.363546,0.998691,0.600000,0.467684,-0.999431,-0.027097,0.600000,0.600000,-0.720290,-0.999431,-0.024237,0.600000,-0.024237,0.600000,-0.597599,-0.600000,-0.321962,0.250650,-0.987172,-0.024237,0.600000,0.466440,-0.600000,-0.999431,-0.600000,0.600000,-0.000166,-0.600000,-0.467684,-0.825886,-0.704071,-0.720290,-0.250650,-0.602399,-0.045485,-0.559845,-0.827326,-0.600000,-0.600000,-0.356716,-0.802422,0.602399,-0.600000,-0.600000,-0.487727,-0.466440,-0.466440,0.996540,-0.802422,-0.356716,-0.870722,-0.927819,0.467684,0.796953,0.600000,-0.802422,0.600000,0.249543,-0.600000,0.559845,-0.600000,0.321962,-0.999431,0.638893,-0.600000,-0.131046
90,1,0,1,0,S,0,24,23,1,-0.600000,-0.600000,-0.600000,0.600000,1.000000,-0.948556,0.363544,0.998761,0.600000,0.466440,-0.999461,-0.025555,0.600000,0.600000,-0.720290,-0.999461,-0.022967,0.600000,-0.022967,0.600000,-0.597599,-0.600000,-0.310064,0.249711,-0.987851,-0.022967,0.600000,0.466440,-0.600000,-0.999461,-0.600000,0.600000,-0.000155,-0.600000,-0.466440,-0.833666,-0.703029,-0.720290,-0.249711,-0.602399,-0.043151,-0.559845,-0.827326,-0.600000,-0.600000,-0.356716,-0.802422,0.602399,-0.600000,-0.600000,-0.487727,-0.466440,-0.466440,0.996901,-0.802422,-0.356716,-0.871285,-0.931424,0.466440,0.797762,0.600000,-0.802422,0.600000,0.248606,-0.600000,0.559845,-0.600000,0.310064,-0.999461,0.638893,-0.600000,-0.131044
91,0,0,0,0,N,0,22,24,1,-0.600000,-0.600000,-0.600000,0.600000,1.000000,-0.951180,0.362378,0.998857,0.600000,0.458980,-0.999513,-0.023982,0.600000,0.600000,-0.723306,-0.999513,-0.022521,0.600000,-0.022521,0.600000,-0.597599,-0.600000,-0.304736,0.243203,-0.988090,-0.022521,0.600000,0.462708,-0.600000,-0.999513,-0.600000,0.600000,-0.000132,-0.600000,-0.458980,-0.837110,-0.696734,-0.723306,-0.243203,-0.602399,-0.041726,-0.559845,-0.827326,-0.600000,-0.600000,-0.356716,-0.802422,0.602399,-0.600000,-0.600000,-0.491475,-0.462708,-0.462708,0.997038,-0.802422,-0.356716,-0.875166,-0.933007,0.458980,0.800981,0.600000,-0.802422,0.600000,0.238462,-0.600000,0.559845,-0.600000,0.304736,-0.999513,0.638893,-0.600000,-0.129905
92,1,0,0,1,E,0,20,23,1,-0.600000,-0.600000,-0.600000,0.600000,1.000000,-0.953677,0.363532,0.998868,0.600000,0.456497,-0.999539,-0.022392,0.600000,0.600000,-0.724306,-0.999539,-0.022521,0.600000,-0.022521,0.600000,-0.597599,-0.600000,-0.304736,0.242283,-0.988031,-0.022521,0.600000,0.461465,-0.600000,-0.999539,-0.600000,0.600000,-0.000123,-0.600000,-0.456497,-0.837110,-0.694619,-0.724306,-0.242283,-0.602399,-0.039386,-0.558612,-0.828040,-0.600000,-0.600000,-0.356716,-0.802422,0.602399,-0.600000,-0.600000,-0.492725,-0.461465,-0.461465,0.997038,-0.802422,-0.356716,-0.875713,-0.933007,0.456497,0.800984,0.600000,-0.802422,0.600000,0.228605,-0.600000,0.558612,-0.600000,0.304736,-0.999539,0.640047,-0.600000,-0.123260
93,0,0,0,0,E,0,18,22,1,-0.600000,-0.600000,-0.600000,0.600000,1.000000,-0.956263,0.363532,0.998868,0.600000,0.456497,-0.999566,-0.021113,0.600000,0.600000,-0.724306,-0.999566,-0.022521,0.600000,-0.022521,0.600000,-0.597599,-0.600000,-0.304736,0.242283,-0.988031,-0.022521,0.600000,0.461465,-0.600000,-0.999566,-0.600000,0.600000,-0.000115,-0.600000,-0.456497,-0.837110,-0.694619,-0.724306,-0.242283,-0.602399,-0.037173,-0.558612,-0.828040,-0.600000,-0.600000,-0.356716,-0.802422,0.602399,-0.600000,-0.600000,-0.492725,-0.461465,-0.461465,0.997038,-0.802422,-0.356716,-0.875713,-0.933007,0.456497,0.800984,0.600000,-0.802422,0.600000,0.218183,-0.600000,0.558612,-0.600000,0.304736,-0.999566,0.640047,-0.600000,-0.116910
94,1,0,1,0,E,0,16,21,1,-0.600000,-0.600000,-0.600000,0.600000,1.000000,-0.956680,0.363528,0.998934,0.600000,0.454017,-0.999591,-0.019709,0.600000,0.600000,-0.724306,-0.999591,-0.021339,0.600000,-0.021339,0.600000,-0.597599,-0.600000,-0.298411,0.240450,-0.988666,-0.021339,0.600000,0.461465,-0.600000,-0.999591,-0.600000,0.600000,-0.000107,-0.600000,-0.454017,-0.841166,-0.692496,-0.724306,-0.240450,-0.602399,-0.035079,-0.558612,-0.828040,-0.600000,-0.600000,-0.356716,-0.802422,0.602399,-0.600000,-0.600000,-0.492725,-0.461465,-0.461465,0.997279,-0.802422,-0.356716,-0.876799,-0.934862,0.454017,0.802575,0.600000,-0.802422,0.600000,0.216480,-0.600000,0.558612,-0.600000,0.298411,-0.999591,0.640047,-0.600000,-0.113842
95,0,0,0,0,N,0,14,22,1,-0.600000,-0.600000,-0.600000,0.600000,1.000000,-0.957707,0.361211,0.999007,0.600000,0.449063,-0.999617,-0.018764,0.600000,0.600000,-0.727295,-0.999617,-0.020720,0.600000,-0.020720,0.600000,-0.597599,-0.600000,-0.295277,0.235006,-0.988998,-0.020720,0.600000,0.457739,-0.600000,-0.999617,-0.600000,0.600000,-0.000095,-0.600000,-0.449063,-0.843163,-0.688225,-0.727295,-0.235006,-0.602399,-0.034076,-0.558612,-0.828040,-0.600000,-0.600000,-0.356716,-0.802422,0.602399,-0.600000,-0.600000,-0.496474,-0.457739,-0.457739,0.997399,-0.802422,-0.356716,-0.880009,-0.935772,0.449063,0.804950,0.600000,-0.802422,0.600000,0.212263,-0.600000,0.558612,-0.600000,0.295277,-0.999617,0.640047,-0.600000,-0.112335
96,0,0,1,0,N,0,12,23,1,-0.600000,-0.600000,-0.600000,0.600000,1.000000,-0.958312,0.361210,0.999101,0.600000,0.447826,-0.999657,-0.018308,0.600000,0.600000,-0.727295,-0.999657,-0.018781,0.600000,-0.018781,0.600000,-0.597599,-0.600000,-0.294237,0.234107,-0.990037,-0.018781,0.600000,0.457739,-0.600000,-0.999657,-0.600000,0.600000,-0.000084,-0.600000,-0.447826,-0.843824,-0.687152,-0.727295,-0.234107,-0.602399,-0.033422,-0.558612,-0.828040,-0.600000,-0.600000,-0.356716,-0.802422,0.602399,-0.600000,-0.600000,-0.496474,-0.457739,-0.457739,0.997658,-0.802422,-0.356716,-0.880537,-0.936072,0.447826,0.805735,0.600000,-0.802422,0.600000,0.209763,-0.600000,0.558612,-0.600000,0.294237,-0.999657,0.640047,-0.600000,-0.110845
97,0,0,1,0,stay,0,11,23,1,-0.600000,-0.600000,-0.600000,0.600000,1.000000,-0.958312,0.361210,0.999195,0.600000,0.447826,-0.999693,-0.018308,0.600000,0.600000,-0.727295,-0.999693,-0.016853,0.600000,-0.016853,0.600000,-0.597599,-0.600000,-0.294237,0.234107,-0.991068,-0.016853,0.600000,0.457739,-0.600000,-0.999693,-0.600000,0.600000,-0.000075,-0.600000,-0.447826,-0.843824,-0.687152,-0.727295,-0.234107,-0.602399,-0.033422,-0.558612,-0.828040,-0.600000,-0.600000,-0.356716,-0.802422,0.602399,-0.600000,-0.600000,-0.496474,-0.457739,-0.457739,0.997902,-0.802422,-0.356716,-0.880537,-0.936072,0.447826,0.805735,0.600000,-0.802422,0.600000,0.209763,-0.600000,0.558612,-0.600000,0.294237,-0.999693,0.640047,-0.600000,-0.110845
98,0,0,0,0,S,0,9,22,1,-0.600000,-0.600000,-0.600000,0.600000,1.000000,-0.959884,0.358896,0.999279,0.600000,0.439185,-0.999723,-0.017343,0.600000,0.600000,-0.731248,-0.999723,-0.016043,0.600000,-0.016043,0.600000,-0.597599,-0.600000,-0.291128,0.226125,-0.991501,-0.016043,0.600000,0.452778,-0.600000,-0.999723,-0.600000,0.600000,-0.000063,-0.600000,-0.439185,-0.845794,-0.679586,-0.731248,-0.226125,-0.602399,-0.032780,-0.558612,-0.828040,-0.600000,-0.600000,-0.356716,-0.802422,0.602399,-0.600000,-0.600000,-0.501474,-0.452778,-0.452778,0.998034,-0.802422,-0.356716,-0.885199,-0.936966,0.439185,0.809629,0.600000,-0.802422,0.600000,0.203199,-0.600000,0.558612,-0.600000,0.291128,-0.999723,0.640047,-0.600000,-0.110348
99,0,0,0,0,stay,1,29,22,1,-0.600000,-0.600000,-0.600000,0.600000,1.000000,-0.961585,0.356595,0.999325,0.600000,0.437954,-0.999748,-0.016672,0.600000,0.600000,-0.731248,-0.999748,-0.015885,0.600000,-0.015885,0.600000,-0.597599,-0.600000,-0.288039,0.223507,-0.991585,-0.015885,0.600000,0.452778,-0.600000,-0.999748,-0.600000,0.600000,-0.000056,-0.600000,-0.437954,-0.847744,-0.678497,-0.731248,-0.223507,-0.602399,-0.031686,-0.558612,-0.828040,-0.600000,-0.600000,-0.356716,-0.802422,0.602399,-0.600000,-0.600000,-0.501474,-0.452778,-0.452778,0.998083,-0.802422,-0.356716,-0.886718,-0.937848,0.437954,0.811933,0.600000,-0.802422,0.600000,0.196000,-0.600000,0.558612,-0.600000,0.288039,-0.999748,0.640047,-0.600000,-0.108392
100,0,1,0,0,E,0,27,21,1,-0.600000,-0.600000,-0.600000,0.600000,1.000000,-0.961770,0.356593,0.999392,0.600000,0.436723,-0.999774,-0.016509,0.600000,0.600000,-0.731248,-0.999774,-0.015807,0.600000,-0.015807,0.600000,-0.597599,-0.600000,-0.287014,0.222639,-0.991626,-0.015807,0.600000,0.452778,-0.600000,-0.999774,-0.600000,0.600000,-0.000050,-0.600000,-0.436723,-0.848389,-0.697826,-0.731248,-0.222639,-0.602399,-0.031533,-0.558612,-0.841170,-0.600000,-0.600000,-0.335209,-0.817074,0.602399,-0.600000,-0.600000,-0.477738,-0.452778,-0.452778,0.998102,-0.817074,-0.335209,-0.887220,-0.943440,0.436723,0.812697,0.600000,-0.817074,0.600000,0.210547,-0.600000,0.558612,-0.600000,0.287014,-0.999774,0.640047,-0.600000,-0.108390
101,0,0,0,0,W,0,25,22,1,-0.600000,-0.600000,-0.600000,0.600000,1.000000,-0.963039,0.356592,0.999410,0.600000,0.435493,-0.999787,-0.015949,0.600000,0.600000,-0.731248,-0.999787,-0.015729,0.600000,-0.015729,0.600000,-0.597599,-0.600000,-0.285991,0.221774,-0.991668,-0.015729,0.600000,0.452778,-0.600000,-0.999787,-0.600000,0.600000,-0.000046,-0.600000,-0.435493,-0.849032,-0.697828,-0.731248,-0.221774,-0.602399,-0.030627,-0.558612,-0.841838,-0.600000,-0.600000,-0.334095,-0.817821,0.602399,-0.600000,-0.600000,-0.476490,-0.452778,-0.452778,0.998121,-0.817821,-0.334095,-0.887720,-0.943972,0.435493,0.813458,0.600000,-0.817821,0.600000,0.205594,-0.600000,0.558612,-0.600000,0.285991,-0.999787,0.640047,-0.600000,-0.105991
102,0,1,0,0,E,0,23,21,1,-0.600000,-0.600000,-0.600000,0.600000,1.000000,-0.965121,0.356592,0.999410,0.600000,0.435493,-0.999799,-0.015032,0.600000,0.600000,-0.731248,-0.999799,-0.015729,0.600000,-0.015729,0.600000,-0.597599,-0.600000,-0.285991,0.221774,-0.991668,-0.015729,0.600000,0.452778,-0.600000,-0.999799,-0.600000,0.600000,-0.000044,-0.600000,-0.435493,-0.849032,-0.697828,-0.731248,-0.221774,-0.602399,-0.028891,-0.558612,-0.841838,-0.600000,-0.600000,-0.334095,-0.817821,0.602399,-0.600000,-0.600000,-0.476490,-0.452778,-0.452778,0.998121,-0.817821,-0.334095,-0.887720,-0.943972,0.435493,0.813458,0.600000,-0.817821,0.600000,0.195953,-0.600000,0.558612,-0.600000,0.285991,-0.999799,0.640047,-0.600000,-0.100428
103,0,0,1,0,E,0,21,20,1,-0.600000,-0.600000,-0.600000,0.600000,1.000000,-0.965457,0.356585,0.999450,0.600000,0.430581,-0.999811,-0.014593,0.600000,0.600000,-0.735165,-0.999811,-0.014898,0.600000,-0.014898,0.600000,-0.597599,-0.600000,-0.285991,0.218337,-0.992111,-0.014898,0.600000,0.447826,-0.600000,-0.999811,-0.600000,0.600000,-0.000039,-0.600000,-0.430581,-0.849032,-0.693599,-0.735165,-0.218337,-0.602399,-0.028611,-0.558612,-0.841838,-0.600000,-0.600000,-0.334095,-0.817821,0.602399,-0.600000,-0.600000,-0.481481,-0.447826,-0.447826,0.998222,-0.817821,-0.334095,-0.889702,-0.943972,0.430581,0.813468,0.600000,-0.817821,0.600000,0.194380,-0.600000,0.558612,-0.600000,0.285991,-0.999811,0.640047,-0.600000,-0.099526
104,0,0,1,0,stay,1,29,20,1,-0.600000,-0.600000,-0.600000,0.600000,1.000000,-0.965457,0.356585,0.999507,0.600000,0.430581,-0.999831,-0.014593,0.600000,0.600000,-0.735165,-0.999831,-0.013363,0.600000,-0.013363,0.600000,-0.597599,-0.600000,-0.285991,0.218337,-0.992929,-0.013363,0.600000,0.447826,-0.600000,-0.999831,-0.600000,0.600000,-0.000035,-0.600000,-0.430581,-0.849032,-0.693599,-0.735165,-0.218337,-0.602399,-0.028611,-0.558612,-0.841838,-0.600000,-0.600000,-0.334095,-0.817821,0.602399,-0.600000,-0.600000,-0.481481,-0.447826,-0.447826,0.998407,-0.817821,-0.334095,-0.889702,-0.943972,0.430581,0.813468,0.600000,-0.817821,0.600000,0.194380,-0.600000,0.558612,-0.600000,0.285991,-0.999831,0.640047,-0.600000,-0.099526
105,0,0,0,0,E,0,27,19,1,-0.600000,-0.600000,-0.600000,0.600000,1.000000,-0.966930,0.355433,0.999545,0.600000,0.426906,-0.999848,-0.014097,0.600000,0.600000,-0.736138,-0.999848,-0.013166,0.600000,-0.013166,0.600000,-0.597599,-0.600000,-0.282934,0.214938,-0.993034,-0.013166,0.600000,0.446589,-0.600000,-0.999848,-0.600000,0.600000,-0.000031,-0.600000,-0.426906,-0.850948,-0.690405,-0.736138,-0.214938,-0.602399,-0.028059,-0.558612,-0.841838,-0.600000,-0.600000,-0.334095,-0.817821,0.602399,-0.600000,-0.600000,-0.482729,-0.446589,-0.446589,0.998454,-0.817821,-0.334095,-0.891653,-0.944762,0.426906,0.815739,0.600000,-0.817821,0.600000,0.187419,-0.600000,0.558612,-0.600000,0.282934,-0.999848,0.640047,-0.600000,-0.099073
106,1,1,0,0,N,0,25,20,1,-0.600000,-0.600000,-0.600000,0.600000,1.000000,-0.967722,0.354284,0.999565,0.600000,0.424460,-0.999856,-0.013219,0.600000,0.600000,-0.736138,-0.999856,-0.013037,0.600000,-0.013037,0.600000,-0.597599,-0.600000,-0.276881,0.212414,-0.993103,-0.013037,0.600000,0.446589,-0.600000,-0.999856,-0.600000,0.600000,-0.000028,-0.600000,-0.424460,-0.854720,-0.689338,-0.736138,-0.212414,-0.602399,-0.026594,-0.558612,-0.842504,-0.600000,-0.600000,-0.332982,-0.818566,0.602399,-0.600000,-0.600000,-0.481481,-0.446589,-0.446589,0.998515,-0.818566,-0.332982,-0.893097,-0.946564,0.424460,0.817986,0.600000,-0.818566,0.600000,0.184386,-0.600000,0.558612,-0.600000,0.276881,-0.999856,0.640047,-0.600000,-0.096859
107,0,1,0,0,E,0,23,19,1,-0.600000,-0.600000,-0.600000,0.600000,1.000000,-0.969843,0.354274,0.999595,0.600000,0.417146,-0.999871,-0.012273,0.600000,0.600000,-0.739045,-0.999871,-0.012845,0.600000,-0.012845,0.600000,-0.597599,-0.600000,-0.273884,0.207431,-0.993205,-0.012845,0.600000,0.442884,-0.600000,-0.999871,-0.600000,0.600000,-0.000024,-0.600000,-0.417146,-0.856576,-0.683966,-0.739045,-0.207431,-0.602399,-0.025451,-0.558612,-0.843167,-0.600000,-0.600000,-0.331872,-0.819309,0.602399,-0.600000,-0.600000,-0.483977,-0.442884,-0.442884,0.998559,-0.819309,-0.331872,-0.895933,-0.947569,0.417146,0.820220,0.600000,-0.819309,0.600000,0.174793,-0.600000,0.558612,-0.600000,0.273884,-0.999871,0.640047,-0.600000,-0.094256
108,0,0,1,1,E,0,21,18,1,-0.600000,-0.600000,-0.600000,0.600000,1.000000,-0.969990,0.351982,0.999641,0.600000,0.409867,-0.999881,-0.011914,0.600000,0.600000,-0.743843,-0.999881,-0.011867,0.600000,-0.011867,0.600000,-0.597599,-0.600000,-0.272890,0.200923,-0.993726,-0.011867,0.600000,0.436723,-0.600000,-0.999881,-0.600000,0.600000,-0.000020,-0.600000,-0.409867,-0.857190,-0.677452,-0.743843,-0.200923,-0.602399,-0.025451,-0.558612,-0.843167,-0.600000,-0.600000,-0.331872,-0.819309,0.602399,-0.600000,-0.600000,-0.490223,-0.436723,-0.436723,0.998676,-0.819309,-0.331872,-0.899611,-0.947817,0.409867,0.822431,0.600000,-0.819309,0.600000,0.174072,-0.600000,0.558612,-0.600000,0.272890,-0.999881,0.640047,-0.600000,-0.094683
109,0,0,1,1,stay,1,29,18,1,-0.600000,-0.600000,-0.600000,0.600000,1.000000,-0.969990,0.351982,0.999678,0.600000,0.409867,-0.999894,-0.011914,0.600000,0.600000,-0.743843,-0.999894,-0.010641,0.600000,-0.010641,0.600000,-0.597599,-0.600000,-0.272890,0.200923,-0.994377,-0.010641,0.600000,0.436723,-0.600000,-0.999894,-0.600000,0.600000,-0.000018,-0.600000,-0.409867,-0.857190,-0.677452,-0.743843,-0.200923,-0.602399,-0.025451,-0.558612,-0.843167,-0.600000,-0.600000,-0.331872,-0.819309,0.602399,-0.600000,-0.600000,-0.490223,-0.436723,-0.436723,0.998814,-0.819309,-0.331872,-0.899611,-0.947817,0.409867,0.822431,0.600000,-0.819309,0.600000,0.174072,-0.600000,0.558612,-0.600000,0.272890,-0.999894,0.640047,-0.600000,-0.094683
110,0,0,0,0,W,0,27,19,1,-0.600000,-0.600000,-0.600000,0.600000,1.000000,-0.971553,0.349694,0.999706,0.600000,0.403831,-0.999905,-0.011394,0.600000,0.600000,-0.746695,-0.999905,-0.010432,0.600000,-0.010432,0.600000,-0.597599,-0.600000,-0.268935,0.195354,-0.994488,-0.010432,0.600000,0.433035,-0.600000,-0.999905,-0.600000,0.600000,-0.000015,-0.600000,-0.403831,-0.859626,-0.671970,-0.746695,-0.195354,-0.602399,-0.024959,-0.558612,-0.843167,-0.600000,-0.600000,-0.331872,-0.819309,0.602399,-0.600000,-0.600000,-0.493972,-0.433035,-0.433035,0.998861,-0.819309,-0.331872,-0.902734,-0.948800,0.403831,0.825345,0.600000,-0.819309,0.600000,0.166293,-0.600000,0.558612,-0.600000,0.268935,-0.999905,0.640047,-0.600000,-0.094676
111,0,0,0,0,stay,1,29,19,1,-0.600000,-0.600000,-0.600000,0.600000,1.000000,-0.973169,0.348548,0.999727,0.600000,0.397824,-0.999914,-0.010843,0.600000,0.600000,-0.749525,-0.999914,-0.010278,0.600000,-0.010278,0.600000,-0.597599,-0.600000,-0.265993,0.190674,-0.994570,-0.010278,0.600000,0.429355,-0.600000,-0.999914,-0.600000,0.600000,-0.000013,-0.600000,-0.397824,-0.861429,-0.666440,-0.749525,-0.190674,-0.602399,-0.024356,-0.558612,-0.843167,-0.600000,-0.600000,-0.331872,-0.819309,0.602399,-0.600000,-0.600000,-0.497721,-0.429355,-0.429355,0.998895,-0.819309,-0.331872,-0.905342,-0.949525,0.397824,0.827507,0.600000,-0.819309,0.600000,0.158127,-0.600000,0.558612,-0.600000,0.265993,-0.999914,0.640047,-0.600000,-0.093816
112,0,0,1,0,E,0,27,18,1,-0.600000,-0.600000,-0.600000,0.600000,1.000000,-0.973300,0.348546,0.999756,0.600000,0.396627,-0.999923,-0.010630,0.600000,0.600000,-0.749525,-0.999923,-0.009260,0.600000,-0.009260,0.600000,-0.597599,-0.600000,-0.264043,0.189902,-0.995110,-0.009260,0.600000,0.429355,-0.600000,-0.999923,-0.600000,0.600000,-0.000012,-0.600000,-0.396627,-0.862621,-0.665329,-0.749525,-0.189902,-0.602399,-0.024001,-0.558612,-0.843167,-0.600000,-0.600000,-0.331872,-0.819309,0.602399,-0.600000,-0.600000,-0.497721,-0.429355,-0.429355,0.999015,-0.819309,-0.331872,-0.905770,-0.950004,0.396627,0.828221,0.600000,-0.819309,0.600000,0.157461,-0.600000,0.558612,-0.600000,0.264043,-0.999923,0.640047,-0.600000,-0.093389
113,0,0,0,0,N,0,25,19,1,-0.600000,-0.600000,-0.600000,0.600000,1.000000,-0.973943,0.348545,0.999767,0.600000,0.395430,-0.999928,-0.010422,0.600000,0.600000,-0.749525,-0.999928,-0.009169,0.600000,-0.009169,0.600000,-0.597599,-0.600000,-0.262102,0.189133,-0.995158,-0.009169,0.600000,0.429355,-0.600000,-0.999928,-0.600000,0.600000,-0.000011,-0.600000,-0.395430,-0.863804,-0.664215,-0.749525,-0.189133,-0.602399,-0.023652,-0.558612,-0.843167,-0.600000,-0.600000,-0.331872,-0.819309,0.602399,-0.600000,-0.600000,-0.497721,-0.429355,-0.429355,0.999034,-0.819309,-0.331872,-0.906197,-0.950478,0.395430,0.828932,0.600000,-0.819309,0.600000,0.154167,-0.600000,0.558612,-0.600000,0.262102,-0.999928,0.640047,-0.600000,-0.092962
114,0,0,0,0,N,0,23,20,1,-0.600000,-0.600000,-0.600000,0.600000,1.000000,-0.975186,0.347403,0.999783,0.600000,0.390656,-0.999935,-0.009917,0.600000,0.600000,-0.749525,-0.999935,-0.009078,0.600000,-0.009078,0.600000,-0.597599,-0.600000,-0.256334,0.185323,-0.995206,-0.009078,0.600000,0.429355,-0.600000,-0.999935,-0.600000,0.600000,-0.000009,-0.600000,-0.390656,-0.867301,-0.659744,-0.749525,-0.185323,-0.602399,-0.022967,-0.558612,-0.843167,-0.600000,-0.600000,-0.331872,-0.819309,0.602399,-0.600000,-0.600000,-0.497721,-0.429355,-0.429355,0.999072,-0.819309,-0.331872,-0.908305,-0.951874,0.390656,0.832454,0.600000,-0.819309,0.600000,0.147748,-0.600000,0.558612,-0.600000,0.256334,-0.999935,0.640047,-0.600000,-0.092952
115,0,0,0,0,W,0,21,21,1,-0.600000,-0.600000,-0.600000,0.600000,1.000000,-0.976370,0.346262,0.999799,0.600000,0.385903,-0.999941,-0.009437,0.600000,0.600000,-0.749525,-0.999941,-0.008856,0.600000,-0.008856,0.600000,-0.597599,-0.600000,-0.251592,0.181572,-0.995324,-0.008856,0.600000,0.429355,-0.600000,-0.999941,-0.600000,0.600000,-0.000008,-0.600000,-0.385903,-0.870157,-0.655244,-0.749525,-0.181572,-0.602399,-0.022302,-0.558612,-0.843167,-0.600000,-0.600000,-0.331872,-0.819309,0.602399,-0.600000,-0.600000,-0.497721,-0.429355,-0.429355,0.999118,-0.819309,-0.331872,-0.910370,-0.953009,0.385903,0.835918,0.600000,-0.819309,0.600000,0.141552,-0.600000,0.558612,-0.600000,0.251592,-0.999941,0.640047,-0.600000,-0.092523
116,0,0,0,0,E,0,19,20,1,-0.600000,-0.600000,-0.600000,0.600000,1.000000,-0.977054,0.345127,0.999809,0.600000,0.383535,-0.999945,-0.009206,0.600000,0.600000,-0.750463,-0.999945,-0.008768,0.600000,-0.008768,0.600000,-0.597599,-0.600000,-0.249711,0.179350,-0.995371,-0.008768,0.600000,0.428130,-0.600000,-0.999945,-0.600000,0.600000,-0.000007,-0.600000,-0.383535,-0.871285,-0.652983,-0.750463,-0.179350,-0.602399,-0.021976,-0.558612,-0.843167,-0.600000,-0.600000,-0.331872,-0.819309,0.602399,-0.600000,-0.600000,-0.498971,-0.428130,-0.428130,0.999135,-0.819309,-0.331872,-0.911589,-0.953456,0.383535,0.837289,0.600000,-0.819309,0.600000,0.137939,-0.600000,0.558612,-0.600000,0.249711,-0.999945,0.640047,-0.600000,-0.092100
117,0,0,0,0,E,0,17,19,1,-0.600000,-0.600000,-0.600000,0.600000,1.000000,-0.978258,0.343990,0.999823,0.600000,0.378814,-0.999950,-0.008673,0.600000,0.600000,-0.751400,-0.999950,-0.008596,0.600000,-0.008596,0.600000,-0.597599,-0.600000,-0.244126,0.175694,-0.995462,-0.008596,0.600000,0.426906,-0.600000,-0.999950,-0.600000,0.600000,-0.000006,-0.600000,-0.378814,-0.874618,-0.648441,-0.751400,-0.175694,-0.602399,-0.021131,-0.558612,-0.843167,-0.600000,-0.600000,-0.331872,-0.819309,0.602399,-0.600000,-0.600000,-0.500221,-0.426906,-0.426906,0.999177,-0.819309,-0.331872,-0.913587,-0.954772,0.378814,0.840003,0.600000,-0.819309,0.600000,0.131516,-0.600000,0.558612,-0.600000,0.244126,-0.999950,0.640047,-0.600000,-0.091257
118,1,1,0,0,N,0,15,20,1,-0.600000,-0.600000,-0.600000,0.600000,1.000000,-0.979095,0.342858,0.999829,0.600000,0.376463,-0.999953,-0.008049,0.600000,0.600000,-0.751400,-0.999953,-0.008510,0.600000,-0.008510,0.600000,-0.597599,-0.600000,-0.241365,0.173529,-0.995507,-0.008510,0.600000,0.426906,-0.600000,-0.999953,-0.600000,0.600000,-0.000006,-0.600000,-0.376463,-0.876257,-0.646159,-0.751400,-0.173529,-0.602399,-0.019824,-0.558612,-0.843167,-0.600000,-0.600000,-0.331872,-0.819309,0.602399,-0.600000,-0.600000,-0.500221,-0.426906,-0.426906,0.999198,-0.819309,-0.331872,-0.914767,-0.955417,0.376463,0.842012,0.600000,-0.819309,0.600000,0.127006,-0.600000,0.558612,-0.600000,0.241365,-0.999953,0.640047,-0.600000,-0.087186
119,0,0,0,0,E,0,13,19,1,-0.600000,-0.600000,-0.600000,0.600000,1.000000,-0.980291,0.340598,0.999843,0.600000,0.370609,-0.999958,-0.007583,0.600000,0.600000,-0.755122,-0.999958,-0.008385,0.600000,-0.008385,0.600000,-0.597599,-0.600000,-0.238626,0.168558,-0.995574,-0.008385,0.600000,0.422018,-0.600000,-0.999958,-0.600000,0.600000,-0.000005,-0.600000,-0.370609,-0.877877,-0.640427,-0.755122,-0.168558,-0.602399,-0.019154,-0.558612,-0.843167,-0.600000,-0.600000,-0.331872,-0.819309,0.602399,-0.600000,-0.600000,-0.505221,-0.422018,-0.422018,0.999222,-0.819309,-0.331872,-0.917462,-0.956053,0.370609,0.844009,0.600000,-0.819309,0.600000,0.120489,-0.600000,0.558612,-0.600000,0.238626,-0.999958,0.640047,-0.600000,-0.085601
120,0,0,0,1,E,0,11,18,1,-0.600000,-0.600000,-0.600000,0.600000,1.000000,-0.980769,0.338352,0.999851,0.600000,0.369443,-0.999961,-0.007434,0.600000,0.600000,-0.755122,-0.999961,-0.008302,0.600000,-0.008302,0.600000,-0.597599,-0.600000,-0.235907,0.166463,-0.995618,-0.008302,0.600000,0.422018,-0.600000,-0.999961,-0.600000,0.600000,-0.000005,-0.600000,-0.369443,-0.879479,-0.639275,-0.755122,-0.166463,-0.602399,-0.018874,-0.558612,-0.843167,-0.600000,-0.600000,-0.331872,-0.819309,0.602399,-0.600000,-0.600000,-0.505221,-0.422018,-0.422018,0.999241,-0.819309,-0.331872,-0.918593,-0.956680,0.369443,0.845977,0.600000,-0.819309,0.600000,0.117860,-0.600000,0.558612,-0.600000,0.235907,-0.999961,0.640047,-0.600000,-0.085596
121,0,0,0,0,E,0,9,17,1,-0.600000,-0.600000,-0.600000,0.600000,1.000000,-0.981236,0.338348,0.999858,0.600000,0.367115,-0.999963,-0.007287,0.600000,0.600000,-0.755122,-0.999963,-0.008219,0.600000,-0.008219,0.600000,-0.597599,-0.600000,-0.234107,0.165078,-0.995662,-0.008219,0.600000,0.422018,-0.600000,-0.999963,-0.600000,0.600000,-0.000004,-0.600000,-0.367115,-0.880537,-0.636968,-0.755122,-0.165078,-0.602399,-0.018689,-0.558612,-0.843167,-0.600000,-0.600000,-0.331872,-0.819309,0.602399,-0.600000,-0.600000,-0.505221,-0.422018,-0.422018,0.999256,-0.819309,-0.331872,-0.919339,-0.957094,0.367115,0.847278,0.600000,-0.819309,0.600000,0.115281,-0.600000,0.558612,-0.600000,0.234107,-0.999963,0.640047,-0.600000,-0.085593
122,0,1,0,0,E,0,7,16,1,-0.600000,-0.600000,-0.600000,0.600000,1.000000,-0.981782,0.338346,0.999863,0.600000,0.365953,-0.999965,-0.007215,0.600000,0.600000,-0.755122,-0.999965,-0.008179,0.600000,-0.008179,0.600000,-0.597599,-0.600000,-0.233211,0.164389,-0.995683,-0.008179,0.600000,0.422018,-0.600000,-0.999965,-0.600000,0.600000,-0.000004,-0.600000,-0.365953,-0.881063,-0.635812,-0.755122,-0.164389,-0.602399,-0.018597,-0.558612,-0.843167,-0.600000,-0.600000,-0.331872,-0.819309,0.602399,-0.600000,-0.600000,-0.505221,-0.422018,-0.422018,0.999263,-0.819309,-0.331872,-0.919710,-0.957299,0.365953,0.847925,0.600000,-0.819309,0.600000,0.112250,-0.600000,0.558612,-0.600000,0.233211,-0.999965,0.640047,-0.600000,-0.085592
123,1,1,1,0,E,0,5,15,1,-0.600000,-0.600000,-0.600000,0.600000,1.000000,-0.982225,0.333876,0.999877,0.600000,0.359016,-0.999968,-0.006466,0.600000,0.600000,-0.758806,-0.999968,-0.007591,0.600000,-0.007591,0.600000,-0.597599,-0.600000,-0.231425,0.157624,-0.995995,-0.007591,0.600000,0.417146,-0.600000,-0.999968,-0.600000,0.600000,-0.000003,-0.600000,-0.359016,-0.882109,-0.628842,-0.758806,-0.157624,-0.602399,-0.017189,-0.558612,-0.843167,-0.600000,-0.600000,-0.331872,-0.819309,0.602399,-0.600000,-0.600000,-0.510220,-0.417146,-0.417146,0.999323,-0.819309,-0.331872,-0.923333,-0.957707,0.359016,0.851760,0.600000,-0.819309,0.600000,0.109778,-0.600000,0.558612,-0.600000,0.231425,-0.999968,0.640047,-0.600000,-0.080259
124,1,1,1,0,stay,1,29,15,1,-0.600000,-0.600000,-0.600000,0.600000,1.000000,-0.982225,0.333874,0.999884,0.600000,0.357865,-0.999970,-0.006060,0.600000,0.600000,-0.758806,-0.999970,-0.007151,0.600000,-0.007151,0.600000,-0.597599,-0.600000,-0.222639,0.156960,-0.996228,-0.007151,0.600000,0.417146,-0.600000,-0.999970,-0.600000,0.600000,-0.000003,-0.600000,-0.357865,-0.887220,-0.627675,-0.758806,-0.156960,-0.602399,-0.016202,-0.558612,-0.843167,-0.600000,-0.600000,-0.331872,-0.819309,0.602399,-0.600000,-0.600000,-0.510220,-0.417146,-0.417146,0.999394,-0.819309,-0.331872,-0.923687,-0.959691,0.357865,0.852391,0.600000,-0.819309,0.600000,0.109778,-0.600000,0.558612,-0.600000,0.222639,-0.999970,0.640047,-0.600000,-0.079522
125,1,0,0,0,N,0,27,16,1,-0.600000,-0.600000,-0.600000,0.600000,1.000000,-0.982996,0.330535,0.999897,0.600000,0.348720,-0.999973,-0.005217,0.600000,0.600000,-0.762452,-0.999973,-0.006736,0.600000,-0.006736,0.600000,-0.597599,-0.600000,-0.217483,0.149807,-0.996447,-0.006736,0.600000,0.412289,-0.600000,-0.999973,-0.600000,0.600000,-0.000003,-0.600000,-0.348720,-0.890193,-0.618286,-0.762452,-0.149807,-0.602399,-0.014535,-0.558612,-0.843167,-0.600000,-0.600000,-0.331872,-0.819309,0.602399,-0.600000,-0.600000,-0.515217,-0.412289,-0.412289,0.999446,-0.819309,-0.331872,-0.927482,-0.960838,0.348720,0.856753,0.600000,-0.819309,0.600000,0.105449,-0.600000,0.558612,-0.600000,0.217483,-0.999973,0.640047,-0.600000,-0.073848
126,0,1,0,0,W,0,25,17,1,-0.600000,-0.600000,-0.600000,0.600000,1.000000,-0.983733,0.328320,0.999903,0.600000,0.346450,-0.999975,-0.005038,0.600000,0.600000,-0.765161,-0.999975,-0.006670,0.600000,-0.006670,0.600000,-0.597599,-0.600000,-0.215784,0.147273,-0.996482,-0.006670,0.600000,0.408658,-0.600000,-0.999975,-0.600000,0.600000,-0.000002,-0.600000,-0.346450,-0.891168,-0.617107,-0.765161,-0.147273,-0.602399,-0.014180,-0.558612,-0.843829,-0.600000,-0.600000,-0.330763,-0.820049,0.602399,-0.600000,-0.600000,-0.517715,-0.408658,-0.408658,0.999457,-0.820049,-0.330763,-0.928819,-0.961400,0.346450,0.857373,0.600000,-0.820049,0.600000,0.101726,-0.600000,0.558612,-0.600000,0.215784,-0.999975,0.640047,-0.600000,-0.072824
127,1,0,0,0,E,0,23,16,1,-0.600000,-0.600000,-0.600000,0.600000,1.000000,-0.984592,0.328312,0.999906,0.600000,0.341932,-0.999977,-0.004651,0.600000,0.600000,-0.767850,-0.999977,-0.006670,0.600000,-0.006670,0.600000,-0.597599,-0.600000,-0.214938,0.144774,-0.996482,-0.006670,0.600000,0.405036,-0.600000,-0.999977,-0.600000,0.600000,-0.000002,-0.600000,-0.341932,-0.891653,-0.613560,-0.767850,-0.144774,-0.602399,-0.013363,-0.558612,-0.844488,-0.600000,-0.600000,-0.329656,-0.820787,0.602399,-0.600000,-0.600000,-0.520212,-0.405036,-0.405036,0.999460,-0.820787,-0.329656,-0.930133,-0.961770,0.341932,0.857991,0.600000,-0.820787,0.600000,0.097236,-0.600000,0.558612,-0.600000,0.214938,-0.999977,0.640047,-0.600000,-0.069189
128,1,0,0,0,stay,1,29,16,1,-0.600000,-0.600000,-0.600000,0.600000,1.000000,-0.985479,0.328312,0.999906,0.600000,0.341932,-0.999978,-0.004381,0.600000,0.600000,-0.767850,-0.999978,-0.006670,0.600000,-0.006670,0.600000,-0.597599,-0.600000,-0.214938,0.144774,-0.996482,-0.006670,0.600000,0.405036,-0.600000,-0.999978,-0.600000,0.600000,-0.000002,-0.600000,-0.341932,-0.891653,-0.613560,-0.767850,-0.144774,-0.602399,-0.012593,-0.558612,-0.844488,-0.600000,-0.600000,-0.329656,-0.820787,0.602399,-0.600000,-0.600000,-0.520212,-0.405036,-0.405036,0.999460,-0.820787,-0.329656,-0.930133,-0.961770,0.341932,0.857991,0.600000,-0.820787,0.600000,0.092085,-0.600000,0.558612,-0.600000,0.214938,-0.999978,0.640047,-0.600000,-0.065415
129,0,0,1,0,E,0,27,15,1,-0.600000,-0.600000,-0.600000,0.600000,1.000000,-0.985622,0.328311,0.999915,0.600000,0.340807,-0.999980,-0.004294,0.600000,0.600000,-0.767850,-0.999980,-0.006007,0.600000,-0.006007,0.600000,-0.597599,-0.600000,-0.214094,0.144155,-0.996833,-0.006007,0.600000,0.405036,-0.600000,-0.999980,-0.600000,0.600000,-0.000002,-0.600000,-0.340807,-0.892136,-0.612375,-0.767850,-0.144155,-0.602399,-0.012407,-0.558612,-0.844488,-0.600000,-0.600000,-0.329656,-0.820787,0.602399,-0.600000,-0.600000,-0.520212,-0.405036,-0.405036,0.999517,-0.820787,-0.329656,-0.930458,-0.961954,0.340807,0.858600,0.600000,-0.820787,0.600000,0.091251,-0.600000,0.558612,-0.600000,0.214094,-0.999980,0.640047,-0.600000,-0.064804
130,1,0,0,1,N,0,25,16,1,-0.600000,-0.600000,-0.600000,0.600000,1.000000,-0.985972,0.328307,0.999919,0.600000,0.338562,-0.999981,-0.004024,0.600000,0.600000,-0.767850,-0.999981,-0.005918,0.600000,-0.005918,0.600000,-0.597599,-0.600000,-0.209912,0.142924,-0.996864,-0.005918,0.600000,0.405036,-0.600000,-0.999981,-0.600000,0.600000,-0.000002,-0.600000,-0.338562,-0.894523,-0.609999,-0.767850,-0.142924,-0.602399,-0.011750,-0.557380,-0.845144,-0.600000,-0.600000,-0.329656,-0.820787,0.602399,-0.600000,-0.600000,-0.520212,-0.405036,-0.405036,0.999536,-0.820787,-0.329656,-0.931103,-0.962860,0.338562,0.859812,0.600000,-0.820787,0.600000,0.089195,-0.600000,0.557380,-0.600000,0.209912,-0.999981,0.641199,-0.600000,-0.063005
131,0,0,0,1,N,0,23,17,1,-0.600000,-0.600000,-0.600000,0.600000,1.000000,-0.986516,0.326096,0.999925,0.600000,0.334095,-0.999983,-0.003867,0.600000,0.600000,-0.770516,-0.999983,-0.005801,0.600000,-0.005801,0.600000,-0.597599,-0.600000,-0.208256,0.139282,-0.996926,-0.005801,0.600000,0.401425,-0.600000,-0.999983,-0.600000,0.600000,-0.000001,-0.600000,-0.334095,-0.895465,-0.605234,-0.770516,-0.139282,-0.602399,-0.011519,-0.557380,-0.845144,-0.600000,-0.600000,-0.329656,-0.820787,0.602399,-0.600000,-0.600000,-0.523955,-0.401425,-0.401425,0.999549,-0.820787,-0.329656,-0.933007,-0.963217,0.334095,0.861620,0.600000,-0.820787,0.600000,0.085992,-0.600000,0.557380,-0.600000,0.208256,-0.999983,0.641199,-0.600000,-0.062414
132,0,0,0,1,E,0,21,16,1,-0.600000,-0.600000,-0.600000,0.600000,1.000000,-0.987103,0.324993,0.999930,0.600000,0.331872,-0.999984,-0.003734,0.600000,0.600000,-0.772282,-0.999984,-0.005772,0.600000,-0.005772,0.600000,-0.597599,-0.600000,-0.205790,0.137490,-0.996942,-0.005772,0.600000,0.399023,-0.600000,-0.999984,-0.600000,0.600000,-0.000001,-0.600000,-0.331872,-0.896863,-0.602843,-0.772282,-0.137490,-0.602399,-0.011237,-0.557380,-0.845144,-0.600000,-0.600000,-0.329656,-0.820787,0.602399,-0.600000,-0.600000,-0.526449,-0.399023,-0.399023,0.999558,-0.820787,-0.329656,-0.933941,-0.963746,0.331872,0.862221,0.600000,-0.820787,0.600000,0.082513,-0.600000,0.557380,-0.600000,0.205790,-0.999984,0.641199,-0.600000,-0.061827
133,1,0,0,0,E,0,19,17,1,-0.600000,-0.600000,-0.600000,0.600000,1.000000,-0.987481,0.324987,0.999933,0.600000,0.328551,-0.999985,-0.003464,0.600000,0.600000,-0.772282,-0.999985,-0.005687,0.600000,-0.005687,0.600000,-0.597599,-0.600000,-0.200923,0.135718,-0.996987,-0.005687,0.600000,0.399023,-0.600000,-0.999985,-0.600000,0.600000,-0.000001,-0.600000,-0.328551,-0.899611,-0.599248,-0.772282,-0.135718,-0.602399,-0.010588,-0.557380,-0.845144,-0.600000,-0.600000,-0.329656,-0.820787,0.602399,-0.600000,-0.600000,-0.526449,-0.399023,-0.399023,0.999578,-0.820787,-0.329656,-0.934862,-0.964782,0.328551,0.863996,0.600000,-0.820787,0.600000,0.080265,-0.600000,0.557380,-0.600000,0.200923,-0.999985,0.641199,-0.600000,-0.060106
134,0,0,0,0,E,0,17,18,1,-0.600000,-0.600000,-0.600000,0.600000,1.000000,-0.987787,0.323887,0.999936,0.600000,0.326347,-0.999986,-0.003379,0.600000,0.600000,-0.772282,-0.999986,-0.005630,0.600000,-0.005630,0.600000,-0.597599,-0.600000,-0.198521,0.133965,-0.997017,-0.005630,0.600000,0.399023,-0.600000,-0.999986,-0.600000,0.600000,-0.000001,-0.600000,-0.326347,-0.900960,-0.596846,-0.772282,-0.133965,-0.602399,-0.010432,-0.557380,-0.845144,-0.600000,-0.600000,-0.329656,-0.820787,0.602399,-0.600000,-0.600000,-0.526449,-0.399023,-0.399023,0.999588,-0.820787,-0.329656,-0.935772,-0.965290,0.326347,0.865752,0.600000,-0.820787,0.600000,0.078435,-0.600000,0.557380,-0.600000,0.198521,-0.999986,0.641199,-0.600000,-0.060102
135,1,0,1,0,E,0,15,19,1,-0.600000,-0.600000,-0.600000,0.600000,1.000000,-0.987847,0.324980,0.999940,0.600000,0.324151,-0.999987,-0.003166,0.600000,0.600000,-0.772282,-0.999987,-0.005330,0.600000,-0.005330,0.600000,-0.597599,-0.600000,-0.192224,0.133384,-0.997177,-0.005330,0.600000,0.399023,-0.600000,-0.999987,-0.600000,0.600000,-0.000001,-0.600000,-0.324151,-0.904480,-0.594438,-0.772282,-0.133384,-0.602399,-0.009878,-0.557380,-0.845144,-0.600000,-0.600000,-0.329656,-0.820787,0.602399,-0.600000,-0.600000,-0.526449,-0.399023,-0.399023,0.999626,-0.820787,-0.329656,-0.936072,-0.966608,0.324151,0.866333,0.600000,-0.820787,0.600000,0.078074,-0.600000,0.557380,-0.600000,0.192224,-0.999987,0.641199,-0.600000,-0.059259
136,0,1,0,0,N,0,13,20,1,-0.600000,-0.600000,-0.600000,0.600000,1.000000,-0.987847,0.324978,0.999947,0.600000,0.323055,-0.999988,-0.003135,0.600000,0.600000,-0.772282,-0.999988,-0.005251,0.600000,-0.005251,0.600000,-0.597599,-0.600000,-0.190674,0.132806,-0.997219,-0.005251,0.600000,0.399023,-0.600000,-0.999988,-0.600000,0.600000,-0.000001,-0.600000,-0.323055,-0.905342,-0.615951,-0.772282,-0.132806,-0.602399,-0.009829,-0.557380,-0.857194,-0.600000,-0.600000,-0.308994,-0.834359,0.602399,-0.600000,-0.600000,-0.502725,-0.399023,-0.399023,0.999635,-0.834359,-0.308994,-0.936371,-0.969843,0.323055,0.866912,0.600000,-0.834359,0.600000,0.085176,-0.600000,0.557380,-0.600000,0.190674,-0.999988,0.641199,-0.600000,-0.059537
137,0,0,0,1,E,0,11,21,1,-0.600000,-0.600000,-0.600000,0.600000,1.000000,-0.988491,0.321685,0.999951,0.600000,0.318693,-0.999990,-0.003027,0.600000,0.600000,-0.775785,-0.999990,-0.005199,0.600000,-0.005199,0.600000,-0.597599,-0.600000,-0.188366,0.128820,-0.997219,-0.005199,0.600000,0.394235,-0.600000,-0.999990,-0.600000,0.600000,-0.000001,-0.600000,-0.318693,-0.906622,-0.612400,-0.775785,-0.128820,-0.602399,-0.009684,-0.554912,-0.859024,-0.600000,-0.600000,-0.307927,-0.835051,0.602399,-0.600000,-0.600000,-0.506475,-0.394235,-0.394235,0.999644,-0.835051,-0.307927,-0.938430,-0.970424,0.318693,0.868645,0.600000,-0.835051,0.600000,0.081351,-0.600000,0.554912,-0.600000,0.188366,-0.999990,0.643498,-0.600000,-0.059534
138,0,1,0,1,E,0,9,22,1,-0.600000,-0.600000,-0.600000,0.600000,1.000000,-0.988994,0.322773,0.999956,0.600000,0.315442,-0.999991,-0.002894,0.600000,0.600000,-0.775785,-0.999991,-0.005173,0.600000,-0.005173,0.600000,-0.597599,-0.600000,-0.183815,0.127700,-0.997177,-0.005173,0.600000,0.394235,-0.600000,-0.999991,-0.600000,0.600000,-0.000001,-0.600000,-0.315442,-0.909136,-0.618324,-0.775785,-0.127700,-0.602399,-0.009399,-0.549968,-0.866152,-0.600000,-0.600000,-0.299460,-0.840496,0.602399,-0.600000,-0.600000,-0.496475,-0.394235,-0.394235,0.999656,-0.840496,-0.299460,-0.939006,-0.972373,0.315442,0.869784,0.600000,-0.840496,0.600000,0.080966,-0.600000,0.549968,-0.600000,0.183815,-0.999991,0.648076,-0.600000,-0.059526
139,0,0,0,1,W,0,7,21,1,-0.600000,-0.600000,-0.600000,0.600000,1.000000,-0.989578,0.319492,0.999959,0.600000,0.311135,-0.999992,-0.002767,0.600000,0.600000,-0.777522,-0.999992,-0.005045,0.600000,-0.005045,0.600000,-0.597599,-0.600000,-0.180088,0.123844,-0.997247,-0.005045,0.600000,0.391848,-0.600000,-0.999992,-0.600000,0.600000,-0.000001,-0.600000,-0.311135,-0.911184,-0.613596,-0.777522,-0.123844,-0.602399,-0.009169,-0.549968,-0.866152,-0.600000,-0.600000,-0.299460,-0.840496,0.602399,-0.600000,-0.600000,-0.498975,-0.391848,-0.391848,0.999673,-0.840496,-0.299460,-0.940984,-0.973038,0.311135,0.872599,0.600000,-0.840496,0.600000,0.076959,-0.600000,0.549968,-0.600000,0.180088,-0.999992,0.648076,-0.600000,-0.059520
140,0,1,0,1,E,0,5,22,1,-0.600000,-0.600000,-0.600000,0.600000,1.000000,-0.990082,0.318399,0.999963,0.600000,0.307927,-0.999992,-0.002658,0.600000,0.600000,-0.777522,-0.999992,-0.004971,0.600000,-0.004971,0.600000,-0.597599,-0.600000,-0.176421,0.121686,-0.997261,-0.004971,0.600000,0.391848,-0.600000,-0.999992,-0.600000,0.600000,-0.000000,-0.600000,-0.307927,-0.913191,-0.614785,-0.777522,-0.121686,-0.602399,-0.008944,-0.547493,-0.869600,-0.600000,-0.600000,-0.295277,-0.843163,0.602399,-0.600000,-0.600000,-0.493975,-0.391848,-0.391848,0.999686,-0.843163,-0.295277,-0.942088,-0.974197,0.307927,0.874810,0.600000,-0.843163,0.600000,0.074845,-0.600000,0.547493,-0.600000,0.176421,-0.999992,0.650355,-0.600000,-0.059514
141,0,1,0,0,E,0,3,23,1,-0.600000,-0.600000,-0.600000,0.600000,1.000000,-0.990516,0.319476,0.999965,0.600000,0.302619,-0.999993,-0.002554,0.600000,0.600000,-0.779249,-0.999993,-0.004872,0.600000,-0.004872,0.600000,-0.597599,-0.600000,-0.174970,0.119561,-0.997315,-0.004872,0.600000,0.389466,-0.600000,-0.999993,-0.600000,0.600000,-0.000000,-0.600000,-0.302619,-0.913982,-0.608851,-0.779249,-0.119561,-0.602399,-0.008812,-0.547493,-0.869600,-0.600000,-0.600000,-0.295277,-0.843163,0.602399,-0.600000,-0.600000,-0.496475,-0.389466,-0.389466,0.999695,-0.843163,-0.295277,-0.943172,-0.974447,0.302619,0.875907,0.600000,-0.843163,0.600000,0.071782,-0.600000,0.547493,-0.600000,0.174970,-0.999993,0.650355,-0.600000,-0.059232
142,0,0,0,1,E,0,1,24,1,-0.600000,-0.600000,-0.600000,0.600000,1.000000,-0.990748,0.317300,0.999967,0.600000,0.299460,-0.999993,-0.002491,0.600000,0.600000,-0.780967,-0.999993,-0.004776,0.600000,-0.004776,0.600000,-0.597599,-0.600000,-0.173529,0.116949,-0.997355,-0.004776,0.600000,0.387090,-0.600000,-0.999993,-0.600000,0.600000,-0.000000,-0.600000,-0.299460,-0.914767,-0.605275,-0.780967,-0.116949,-0.602399,-0.008725,-0.546254,-0.870167,-0.600000,-0.600000,-0.295277,-0.843163,0.602399,-0.600000,-0.600000,-0.498975,-0.387090,-0.387090,0.999704,-0.843163,-0.295277,-0.944500,-0.974696,0.299460,0.877533,0.600000,-0.843163,0.600000,0.070131,-0.600000,0.546254,-0.600000,0.173529,-0.999993,0.651492,-0.600000,-0.059229
143,0,0,0,1,stay,1,29,24,1,-0.600000,-0.600000,-0.600000,0.600000,1.000000,-0.991064,0.315130,0.999969,0.600000,0.296320,-0.999994,-0.002393,0.600000,0.600000,-0.781822,-0.999994,-0.004705,0.600000,-0.004705,0.600000,-0.597599,-0.600000,-0.170675,0.114387,-0.997381,-0.004705,0.600000,0.385903,-0.600000,-0.999994,-0.600000,0.600000,-0.000000,-0.600000,-0.296320,-0.916316,-0.601688,-0.781822,-0.114387,-0.602399,-0.008510,-0.545015,-0.870732,-0.600000,-0.600000,-0.295277,-0.843163,0.602399,-0.600000,-0.600000,-0.500225,-0.385903,-0.385903,0.999714,-0.843163,-0.295277,-0.945799,-0.975186,0.296320,0.879672,0.600000,-0.843163,0.600000,0.067877,-0.600000,0.545015,-0.600000,0.170675,-0.999994,0.652627,-0.600000,-0.058947
144,0,0,0,0,N,0,27,25,1,-0.600000,-0.600000,-0.600000,0.600000,1.000000,-0.991455,0.315124,0.999971,0.600000,0.293198,-0.999994,-0.002288,0.600000,0.600000,-0.783526,-0.999994,-0.004658,0.600000,-0.004658,0.600000,-0.597599,-0.600000,-0.167858,0.112874,-0.997407,-0.004658,0.600000,0.383535,-0.600000,-0.999994,-0.600000,0.600000,-0.000000,-0.600000,-0.293198,-0.917840,-0.598089,-0.783526,-0.112874,-0.602399,-0.008260,-0.545015,-0.870732,-0.600000,-0.600000,-0.295277,-0.843163,0.602399,-0.600000,-0.600000,-0.502725,-0.383535,-0.383535,0.999723,-0.843163,-0.295277,-0.946564,-0.975666,0.293198,0.880206,0.600000,-0.843163,0.600000,0.065079,-0.600000,0.545015,-0.600000,0.167858,-0.999994,0.652627,-0.600000,-0.058388
145,0,1,0,0,E,0,25,26,1,-0.600000,-0.600000,-0.600000,0.600000,1.000000,-0.991910,0.315116,0.999973,0.600000,0.289067,-0.999995,-0.002176,0.600000,0.600000,-0.783526,-0.999995,-0.004566,0.600000,-0.004566,0.600000,-0.597599,-0.600000,-0.163702,0.110883,-0.997459,-0.004566,0.600000,0.383535,-0.600000,-0.999995,-0.600000,0.600000,-0.000000,-0.600000,-0.289067,-0.920079,-0.598094,-0.783526,-0.110883,-0.602399,-0.008018,-0.545015,-0.872970,-0.600000,-0.600000,-0.291128,-0.845794,0.602399,-0.600000,-0.600000,-0.497725,-0.383535,-0.383535,0.999736,-0.845794,-0.291128,-0.947569,-0.976828,0.289067,0.882302,0.600000,-0.845794,0.600000,0.062975,-0.600000,0.545015,-0.600000,0.163702,-0.999995,0.652627,-0.600000,-0.058381
146,0,1,0,0,E,0,23,27,1,-0.600000,-0.600000,-0.600000,0.600000,1.000000,-0.992302,0.315106,0.999974,0.600000,0.283951,-0.999995,-0.002080,0.600000,0.600000,-0.786063,-0.999995,-0.004499,0.600000,-0.004499,0.600000,-0.597599,-0.600000,-0.162335,0.108437,-0.997496,-0.004499,0.600000,0.379992,-0.600000,-0.999995,-0.600000,0.600000,-0.000000,-0.600000,-0.283951,-0.920813,-0.593281,-0.786063,-0.108437,-0.602399,-0.007860,-0.545015,-0.873525,-0.600000,-0.600000,-0.290096,-0.846447,0.602399,-0.600000,-0.600000,-0.500225,-0.379992,-0.379992,0.999743,-0.846447,-0.290096,-0.948800,-0.977166,0.283951,0.883345,0.600000,-0.846447,0.600000,0.060364,-0.600000,0.545015,-0.600000,0.162335,-0.999995,0.652627,-0.600000,-0.057830
147,0,0,1,1,E,0,21,28,1,-0.600000,-0.600000,-0.600000,0.600000,1.000000,-0.992302,0.315098,0.999976,0.600000,0.279897,-0.999996,-0.002039,0.600000,0.600000,-0.789412,-0.999996,-0.004258,0.600000,-0.004258,0.600000,-0.597599,-0.600000,-0.162335,0.106515,-0.997630,-0.004258,0.600000,0.375289,-0.600000,-0.999996,-0.600000,0.600000,-0.000000,-0.600000,-0.279897,-0.920813,-0.588448,-0.789412,-0.106515,-0.602399,-0.007860,-0.545015,-0.873525,-0.600000,-0.600000,-0.290096,-0.846447,0.602399,-0.600000,-0.600000,-0.505225,-0.375289,-0.375289,0.999757,-0.846447,-0.290096,-0.949765,-0.977166,0.279897,0.883353,0.600000,-0.846447,0.600000,0.060364,-0.600000,0.545015,-0.600000,0.162335,-0.999996,0.652627,-0.600000,-0.057830
148,0,0,1,1,stay,1,29,28,1,-0.600000,-0.600000,-0.600000,0.600000,1.000000,-0.992302,0.315098,0.999979,0.600000,0.279897,-0.999996,-0.002039,0.600000,0.600000,-0.789412,-0.999996,-0.003815,0.600000,-0.003815,0.600000,-0.597599,-0.600000,-0.162335,0.106515,-0.997877,-0.003815,0.600000,0.375289,-0.600000,-0.999996,-0.600000,0.600000,-0.000000,-0.600000,-0.279897,-0.920813,-0.588448,-0.789412,-0.106515,-0.602399,-0.007860,-0.545015,-0.873525,-0.600000,-0.600000,-0.290096,-0.846447,0.602399,-0.600000,-0.600000,-0.505225,-0.375289,-0.375289,0.999782,-0.846447,-0.290096,-0.949765,-0.977166,0.279897,0.883353,0.600000,-0.846447,0.600000,0.060364,-0.600000,0.545015,-0.600000,0.162335,-0.999996,0.652627,-0.600000,-0.057830
149,0,0,0,0,W,0,27,27,1,-0.600000,-0.600000,-0.600000,0.600000,1.000000,-0.992566,0.315090,0.999980,0.600000,0.275880,-0.999996,-0.001979,0.600000,0.600000,-0.791072,-0.999996,-0.003721,0.600000,-0.003721,0.600000,-0.597599,-0.600000,-0.160978,0.104623,-0.997930,-0.003721,0.600000,0.372946,-0.600000,-0.999996,-0.600000,0.600000,-0.000000,-0.600000,-0.275880,-0.921541,-0.583598,-0.791072,-0.104623,-0.602399,-0.007782,-0.545015,-0.873525,-0.600000,-0.600000,-0.290096,-0.846447,0.602399,-0.600000,-0.600000,-0.507725,-0.372946,-0.372946,0.999790,-0.846447,-0.290096,-0.950713,-0.977389,0.275880,0.884385,0.600000,-0.846447,0.600000,0.058405,-0.600000,0.545015,-0.600000,0.160978,-0.999996,0.652627,-0.600000,-0.057828
150,0,0,1,1,E,0,25,28,1,-0.600000,-0.600000,-0.600000,0.600000,1.000000,-0.992602,0.315088,0.999982,0.600000,0.274881,-0.999997,-0.001959,0.600000,0.600000,-0.791072,-0.999997,-0.003351,0.600000,-0.003351,0.600000,-0.597599,-0.600000,-0.160302,0.104154,-0.998136,-0.003351,0.600000,0.372946,-0.600000,-0.999997,-0.600000,0.600000,-0.000000,-0.600000,-0.274881,-0.921902,-0.582383,-0.791072,-0.104154,-0.602399,-0.007743,-0.545015,-0.873525,-0.600000,-0.600000,-0.290096,-0.846447,0.602399,-0.600000,-0.600000,-0.507725,-0.372946,-0.372946,0.999812,-0.846447,-0.290096,-0.950947,-0.977499,0.274881,0.884896,0.600000,-0.846447,0.600000,0.058130,-0.600000,0.545015,-0.600000,0.160302,-0.999997,0.652627,-0.600000,-0.057827
151,0,0,1,1,stay,0,24,28,1,-0.600000,-0.600000,-0.600000,0.600000,1.000000,-0.992602,0.315088,0.999984,0.600000,0.274881,-0.999997,-0.001959,0.600000,0.600000,-0.791072,-0.999997,-0.003002,0.600000,-0.003002,0.600000,-0.597599,-0.600000,-0.160302,0.104154,-0.998330,-0.003002,0.600000,0.372946,-0.600000,-0.999997,-0.600000,0.600000,-0.000000,-0.600000,-0.274881,-0.921902,-0.582383,-0.791072,-0.104154,-0.602399,-0.007743,-0.545015,-0.873525,-0.600000,-0.600000,-0.290096,-0.846447,0.602399,-0.600000,-0.600000,-0.507725,-0.372946,-0.372946,0.999831,-0.846447,-0.290096,-0.950947,-0.977499,0.274881,0.884896,0.600000,-0.846447,0.600000,0.058130,-0.600000,0.545015,-0.600000,0.160302,-0.999997,0.652627,-0.600000,-0.057827
152,0,0,0,0,W,0,22,27,1,-0.600000,-0.600000,-0.600000,0.600000,1.000000,-0.992962,0.313999,0.999985,0.600000,0.269920,-0.999997,-0.001864,0.600000,0.600000,-0.792722,-0.999997,-0.002913,0.600000,-0.002913,0.600000,-0.597599,-0.600000,-0.157624,0.101383,-0.998380,-0.002913,0.600000,0.370609,-0.600000,-0.999997,-0.600000,0.600000,-0.000000,-0.600000,-0.269920,-0.923333,-0.576293,-0.792722,-0.101383,-0.602399,-0.007553,-0.545015,-0.873525,-0.600000,-0.600000,-0.290096,-0.846447,0.602399,-0.600000,-0.600000,-0.510224,-0.370609,-0.370609,0.999840,-0.846447,-0.290096,-0.952331,-0.977936,0.269920,0.886926,0.600000,-0.846447,0.600000,0.055446,-0.600000,0.545015,-0.600000,0.157624,-0.999997,0.652627,-0.600000,-0.057549
153,1,1,1,0,S,0,20,26,1,-0.600000,-0.600000,-0.600000,0.600000,1.000000,-0.992997,0.313995,0.999986,0.600000,0.267952,-0.999998,-0.001737,0.600000,0.600000,-0.792722,-0.999998,-0.002744,0.600000,-0.002744,0.600000,-0.597599,-0.600000,-0.151731,0.100473,-0.998474,-0.002744,0.600000,0.370609,-0.600000,-0.999998,-0.600000,0.600000,-0.000000,-0.600000,-0.267952,-0.926465,-0.573850,-0.792722,-0.100473,-0.602399,-0.007115,-0.545015,-0.873525,-0.600000,-0.600000,-0.290096,-0.846447,0.602399,-0.600000,-0.600000,-0.510224,-0.370609,-0.370609,0.999856,-0.846447,-0.290096,-0.952784,-0.978888,0.267952,0.887927,0.600000,-0.846447,0.600000,0.055184,-0.600000,0.545015,-0.600000,0.151731,-0.999998,0.652627,-0.600000,-0.056738
154,0,0,0,0,N,0,18,27,1,-0.600000,-0.600000,-0.600000,0.600000,1.000000,-0.993303,0.312908,0.999988,0.600000,0.263071,-0.999998,-0.001653,0.600000,0.600000,-0.794363,-0.999998,-0.002663,0.600000,-0.002663,0.600000,-0.597599,-0.600000,-0.148535,0.097789,-0.998519,-0.002663,0.600000,0.368278,-0.600000,-0.999998,-0.600000,0.600000,-0.000000,-0.600000,-0.263071,-0.928154,-0.567728,-0.794363,-0.097789,-0.602399,-0.006941,-0.545015,-0.873525,-0.600000,-0.600000,-0.290096,-0.846447,0.602399,-0.600000,-0.600000,-0.512723,-0.368278,-0.368278,0.999863,-0.846447,-0.290096,-0.954118,-0.979400,0.263071,0.889909,0.600000,-0.846447,0.600000,0.052879,-0.600000,0.545015,-0.600000,0.148535,-0.999998,0.652627,-0.600000,-0.056734
155,0,0,1,1,E,0,16,28,1,-0.600000,-0.600000,-0.600000,0.600000,1.000000,-0.993370,0.312906,0.999989,0.600000,0.262102,-0.999998,-0.001620,0.600000,0.600000,-0.794363,-0.999998,-0.002409,0.600000,-0.002409,0.600000,-0.597599,-0.600000,-0.146645,0.097348,-0.998660,-0.002409,0.600000,0.368278,-0.600000,-0.999998,-0.600000,0.600000,-0.000000,-0.600000,-0.262102,-0.929150,-0.566501,-0.794363,-0.097348,-0.602399,-0.006838,-0.545015,-0.873525,-0.600000,-0.600000,-0.290096,-0.846447,0.602399,-0.600000,-0.600000,-0.512723,-0.368278,-0.368278,0.999878,-0.846447,-0.290096,-0.954337,-0.979701,0.262102,0.890399,0.600000,-0.846447,0.600000,0.052380,-0.600000,0.545015,-0.600000,0.146645,-0.999998,0.652627,-0.600000,-0.056730
156,0,0,0,0,S,0,14,27,1,-0.600000,-0.600000,-0.600000,0.600000,1.000000,-0.993723,0.312893,0.999990,0.600000,0.256334,-0.999998,-0.001541,0.600000,0.600000,-0.795994,-0.999998,-0.002338,0.600000,-0.002338,0.600000,-0.597599,-0.600000,-0.144155,0.094738,-0.998700,-0.002338,0.600000,0.365953,-0.600000,-0.999998,-0.600000,0.600000,-0.000000,-0.600000,-0.256334,-0.930458,-0.559122,-0.795994,-0.094738,-0.602399,-0.006703,-0.545015,-0.873525,-0.600000,-0.600000,-0.290096,-0.846447,0.602399,-0.600000,-0.600000,-0.515221,-0.365953,-0.365953,0.999884,-0.846447,-0.290096,-0.955630,-0.980096,0.256334,0.892343,0.600000,-0.846447,0.600000,0.049710,-0.600000,0.545015,-0.600000,0.144155,-0.999998,0.652627,-0.600000,-0.056725
157,0,0,0,1,E,0,12,28,1,-0.600000,-0.600000,-0.600000,0.600000,1.000000,-0.993878,0.312889,0.999990,0.600000,0.254430,-0.999998,-0.001503,0.600000,0.600000,-0.795994,-0.999998,-0.002315,0.600000,-0.002315,0.600000,-0.597599,-0.600000,-0.142924,0.093882,-0.998707,-0.002315,0.600000,0.365953,-0.600000,-0.999998,-0.600000,0.600000,-0.000000,-0.600000,-0.254430,-0.931103,-0.556656,-0.795994,-0.093882,-0.602399,-0.006603,-0.543775,-0.874077,-0.600000,-0.600000,-0.290096,-0.846447,0.602399,-0.600000,-0.600000,-0.515221,-0.365953,-0.365953,0.999886,-0.846447,-0.290096,-0.956053,-0.980291,0.254430,0.893302,0.600000,-0.846447,0.600000,0.048540,-0.600000,0.543775,-0.600000,0.142924,-0.999998,0.653761,-0.600000,-0.056455
158,0,0,1,0,E,0,10,29,1,-0.600000,-0.600000,-0.600000,0.600000,1.000000,-0.993908,0.312889,0.999991,0.600000,0.254430,-0.999999,-0.001495,0.600000,0.600000,-0.795994,-0.999999,-0.002084,0.600000,-0.002084,0.600000,-0.597599,-0.600000,-0.142311,0.093882,-0.998836,-0.002084,0.600000,0.365953,-0.600000,-0.999999,-0.600000,0.600000,-0.000000,-0.600000,-0.254430,-0.931424,-0.556656,-0.795994,-0.093882,-0.602399,-0.006571,-0.543775,-0.874077,-0.600000,-0.600000,-0.290096,-0.846447,0.602399,-0.600000,-0.600000,-0.515221,-0.365953,-0.365953,0.999898,-0.846447,-0.290096,-0.956053,-0.980387,0.254430,0.893302,0.600000,-0.846447,0.600000,0.048309,-0.600000,0.543775,-0.600000,0.142311,-0.999999,0.653761,-0.600000,-0.056454
159,0,1,0,0,N,0,8,30,1,-0.600000,-0.600000,-0.600000,0.600000,1.000000,-0.994087,0.311812,0.999992,0.600000,0.253482,-0.999999,-0.001458,0.600000,0.600000,-0.795994,-0.999999,-0.002063,0.600000,-0.002063,0.600000,-0.597599,-0.600000,-0.139883,0.093033,-0.998847,-0.002063,0.600000,0.365953,-0.600000,-0.999999,-0.600000,0.600000,-0.000000,-0.600000,-0.253482,-0.932693,-0.556656,-0.795994,-0.093033,-0.602399,-0.006441,-0.543775,-0.874628,-0.600000,-0.600000,-0.289067,-0.847096,0.602399,-0.600000,-0.600000,-0.513972,-0.365953,-0.365953,0.999901,-0.847096,-0.289067,-0.956472,-0.980864,0.253482,0.894253,0.600000,-0.847096,0.600000,0.047169,-0.600000,0.543775,-0.600000,0.139883,-0.999999,0.653761,-0.600000,-0.056449
160,1,0,0,0,E,0,6,31,1,-0.600000,-0.600000,-0.600000,0.600000,1.000000,-0.994375,0.311804,0.999992,0.600000,0.249711,-0.999999,-0.001353,0.600000,0.600000,-0.798422,-0.999999,-0.002063,0.600000,-0.002063,0.600000,-0.597599,-0.600000,-0.139282,0.091356,-0.998847,-0.002063,0.600000,0.362477,-0.600000,-0.999999,-0.600000,0.600000,-0.000000,-0.600000,-0.249711,-0.933007,-0.551717,-0.798422,-0.091356,-0.602399,-0.006098,-0.543775,-0.874628,-0.600000,-0.600000,-0.289067,-0.847096,0.602399,-0.600000,-0.600000,-0.517719,-0.362477,-0.362477,0.999902,-0.847096,-0.289067,-0.957299,-0.980957,0.249711,0.894731,0.600000,-0.847096,0.600000,0.044967,-0.600000,0.543775,-0.600000,0.139282,-0.999999,0.653761,-0.600000,-0.053839
161,1,0,0,0,stay,1,29,31,1,-0.600000,-0.600000,-0.600000,0.600000,1.000000,-0.994701,0.311804,0.999992,0.600000,0.249711,-0.999999,-0.001274,0.600000,0.600000,-0.798422,-0.999999,-0.002063,0.600000,-0.002063,0.600000,-0.597599,-0.600000,-0.139282,0.091356,-0.998847,-0.002063,0.600000,0.362477,-0.600000,-0.999999,-0.600000,0.600000,-0.000000,-0.600000,-0.249711,-0.933007,-0.551717,-0.798422,-0.091356,-0.602399,-0.005744,-0.543775,-0.874628,-0.600000,-0.600000,-0.289067,-0.847096,0.602399,-0.600000,-0.600000,-0.517719,-0.362477,-0.362477,0.999902,-0.847096,-0.289067,-0.957299,-0.980957,0.249711,0.894731,0.600000,-0.847096,0.600000,0.042454,-0.600000,0.543775,-0.600000,0.139282,-0.999999,0.653761,-0.600000,-0.050857
162,0,0,0,0,E,0,27,32,1,-0.600000,-0.600000,-0.600000,0.600000,1.000000,-0.995009,0.311804,0.999992,0.600000,0.249711,-0.999999,-0.001200,0.600000,0.600000,-0.798422,-0.999999,-0.002063,0.600000,-0.002063,0.600000,-0.597599,-0.600000,-0.139282,0.091356,-0.998847,-0.002063,0.600000,0.362477,-0.600000,-0.999999,-0.600000,0.600000,-0.000000,-0.600000,-0.249711,-0.933007,-0.551717,-0.798422,-0.091356,-0.602399,-0.005410,-0.543775,-0.874628,-0.600000,-0.600000,-0.289067,-0.847096,0.602399,-0.600000,-0.600000,-0.517719,-0.362477,-0.362477,0.999902,-0.847096,-0.289067,-0.957299,-0.980957,0.249711,0.894731,0.600000,-0.847096,0.600000,0.040075,-0.600000,0.543775,-0.600000,0.139282,-0.999999,0.653761,-0.600000,-0.048031
163,0,0,0,0,E,0,25,33,1,-0.600000,-0.600000,-0.600000,0.600000,1.000000,-0.995299,0.311804,0.999992,0.600000,0.249711,-0.999999,-0.001130,0.600000,0.600000,-0.798422,-0.999999,-0.002063,0.600000,-0.002063,0.600000,-0.597599,-0.600000,-0.139282,0.091356,-0.998847,-0.002063,0.600000,0.362477,-0.600000,-0.999999,-0.600000,0.600000,-0.000000,-0.600000,-0.249711,-0.933007,-0.551717,-0.798422,-0.091356,-0.602399,-0.005096,-0.543775,-0.874628,-0.600000,-0.600000,-0.289067,-0.847096,0.602399,-0.600000,-0.600000,-0.517719,-0.362477,-0.362477,0.999902,-0.847096,-0.289067,-0.957299,-0.980957,0.249711,0.894731,0.600000,-0.847096,0.600000,0.037825,-0.600000,0.543775,-0.600000,0.139282,-0.999999,0.653761,-0.600000,-0.045355
164,0,1,1,0,E,0,23,34,1,-0.600000,-0.600000,-0.600000,0.600000,1.000000,-0.995346,0.311802,0.999993,0.600000,0.248775,-0.999999,-0.001107,0.600000,0.600000,-0.798422,-0.999999,-0.001857,0.600000,-0.001857,0.600000,-0.597599,-0.600000,-0.138682,0.090941,-0.998962,-0.001857,0.600000,0.362477,-0.600000,-0.999999,-0.600000,0.600000,-0.000000,-0.600000,-0.248775,-0.933320,-0.557894,-0.798422,-0.090941,-0.602399,-0.005020,-0.543775,-0.877887,-0.600000,-0.600000,-0.282934,-0.850948,0.602399,-0.600000,-0.600000,-0.510225,-0.362477,-0.362477,0.999912,-0.850948,-0.282934,-0.957503,-0.981602,0.248775,0.895202,0.600000,-0.850948,0.600000,0.038556,-0.600000,0.543775,-0.600000,0.138682,-0.999999,0.653761,-0.600000,-0.044922
165,0,1,1,0,stay,0,22,34,1,-0.600000,-0.600000,-0.600000,0.600000,1.000000,-0.995346,0.311802,0.999993,0.600000,0.248775,-0.999999,-0.001107,0.600000,0.600000,-0.798422,-0.999999,-0.001664,0.600000,-0.001664,0.600000,-0.597599,-0.600000,-0.138682,0.090941,-0.999071,-0.001664,0.600000,0.362477,-0.600000,-0.999999,-0.600000,0.600000,-0.000000,-0.600000,-0.248775,-0.933320,-0.584836,-0.798422,-0.090941,-0.602399,-0.005020,-0.543775,-0.889218,-0.600000,-0.600000,-0.261135,-0.864392,0.602399,-0.600000,-0.600000,-0.482733,-0.362477,-0.362477,0.999921,-0.864392,-0.261135,-0.957503,-0.983491,0.248775,0.895202,0.600000,-0.864392,0.600000,0.042837,-0.600000,0.543775,-0.600000,0.138682,-0.999999,0.653761,-0.600000,-0.044922
166,0,0,0,0,S,0,20,33,1,-0.600000,-0.600000,-0.600000,0.600000,1.000000,-0.995572,0.311792,0.999994,0.600000,0.244126,-0.999999,-0.001053,0.600000,0.600000,-0.799227,-0.999999,-0.001615,0.600000,-0.001615,0.600000,-0.597599,-0.600000,-0.136306,0.088891,-0.999098,-0.001615,0.600000,0.361322,-0.600000,-0.999999,-0.600000,0.600000,-0.000000,-0.600000,-0.244126,-0.934556,-0.579975,-0.799227,-0.088891,-0.602399,-0.004897,-0.543775,-0.889711,-0.600000,-0.600000,-0.260170,-0.864978,0.602399,-0.600000,-0.600000,-0.482733,-0.361322,-0.361322,0.999925,-0.864978,-0.260170,-0.958511,-0.983893,0.244126,0.897069,0.600000,-0.864978,0.600000,0.041024,-0.600000,0.543775,-0.600000,0.136306,-0.999999,0.653761,-0.600000,-0.044703
167,0,1,0,0,W,0,18,32,1,-0.600000,-0.600000,-0.600000,0.600000,1.000000,-0.995682,0.311790,0.999995,0.600000,0.243203,-0.999999,-0.001037,0.600000,0.600000,-0.799227,-0.999999,-0.001607,0.600000,-0.001607,0.600000,-0.597599,-0.600000,-0.134547,0.088486,-0.999103,-0.001607,0.600000,0.361322,-0.600000,-0.999999,-0.600000,0.600000,-0.000000,-0.600000,-0.243203,-0.935470,-0.595729,-0.799227,-0.088486,-0.602399,-0.004848,-0.543775,-0.896407,-0.600000,-0.600000,-0.246908,-0.872961,0.602399,-0.600000,-0.600000,-0.465280,-0.361322,-0.361322,0.999927,-0.872961,-0.246908,-0.958710,-0.985189,0.243203,0.897531,0.600000,-0.872961,0.600000,0.042823,-0.600000,0.543775,-0.600000,0.134547,-0.999999,0.653761,-0.600000,-0.044915
168,0,0,0,0,N,0,16,33,1,-0.600000,-0.600000,-0.600000,0.600000,1.000000,-0.995809,0.310715,0.999995,0.600000,0.242283,-0.999999,-0.001012,0.600000,0.600000,-0.799227,-0.999999,-0.001599,0.600000,-0.001599,0.600000,-0.597599,-0.600000,-0.132231,0.087681,-0.999107,-0.001599,0.600000,0.361322,-0.600000,-0.999999,-0.600000,0.600000,-0.000000,-0.600000,-0.242283,-0.936669,-0.595731,-0.799227,-0.087681,-0.602399,-0.004752,-0.543775,-0.896871,-0.600000,-0.600000,-0.245978,-0.873515,0.602399,-0.600000,-0.600000,-0.464036,-0.361322,-0.361322,0.999928,-0.873515,-0.245978,-0.959105,-0.985550,0.242283,0.898449,0.600000,-0.873515,0.600000,0.041806,-0.600000,0.543775,-0.600000,0.132231,-0.999999,0.653761,-0.600000,-0.044911
169,0,1,1,0,E,0,14,34,1,-0.600000,-0.600000,-0.600000,0.600000,1.000000,-0.995830,0.311786,0.999995,0.600000,0.241365,-0.999999,-0.001007,0.600000,0.600000,-0.799227,-0.999999,-0.001446,0.600000,-0.001446,0.600000,-0.597599,-0.600000,-0.132231,0.087681,-0.999192,-0.001446,0.600000,0.361322,-0.600000,-0.999999,-0.600000,0.600000,-0.000000,-0.600000,-0.241365,-0.936669,-0.618400,-0.799227,-0.087681,-0.602399,-0.004752,-0.543775,-0.905778,-0.600000,-0.600000,-0.227882,-0.884177,0.602399,-0.600000,-0.600000,-0.439269,-0.361322,-0.361322,0.999935,-0.884177,-0.227882,-0.959105,-0.986911,0.241365,0.898449,0.600000,-0.884177,0.600000,0.045772,-0.600000,0.543775,-0.600000,0.132231,-0.999999,0.653761,-0.600000,-0.044911
170,0,0,0,0,E,0,12,35,1,-0.600000,-0.600000,-0.600000,0.600000,1.000000,-0.996053,0.310703,0.999996,0.600000,0.236811,-0.999999,-0.000962,0.600000,0.600000,-0.800029,-0.999999,-0.001411,0.600000,-0.001411,0.600000,-0.597599,-0.600000,-0.129948,0.085306,-0.999212,-0.001411,0.600000,0.360168,-0.600000,-0.999999,-0.600000,0.600000,-0.000000,-0.600000,-0.236811,-0.937848,-0.613674,-0.800029,-0.085306,-0.602399,-0.004658,-0.543775,-0.906204,-0.600000,-0.600000,-0.227002,-0.884689,0.602399,-0.600000,-0.600000,-0.439268,-0.360168,-0.360168,0.999938,-0.884689,-0.227002,-0.960268,-0.987230,0.236811,0.900714,0.600000,-0.884689,0.600000,0.043631,-0.600000,0.543775,-0.600000,0.129948,-0.999999,0.653761,-0.600000,-0.044907
171,0,0,0,1,E,0,10,36,1,-0.600000,-0.600000,-0.600000,0.600000,1.000000,-0.996207,0.310697,0.999996,0.600000,0.234107,-1.000000,-0.000934,0.600000,0.600000,-0.801627,-1.000000,-0.001396,0.600000,-0.001396,0.600000,-0.597599,-0.600000,-0.128820,0.084141,-0.999220,-0.001396,0.600000,0.357865,-0.600000,-1.000000,-0.600000,0.600000,-0.000000,-0.600000,-0.234107,-0.938430,-0.610113,-0.801627,-0.084141,-0.602399,-0.004589,-0.543775,-0.906204,-0.600000,-0.600000,-0.227002,-0.884689,0.602399,-0.600000,-0.600000,-0.441732,-0.357865,-0.357865,0.999939,-0.884689,-0.227002,-0.960838,-0.987356,0.234107,0.901164,0.600000,-0.884689,0.600000,0.041988,-0.600000,0.543775,-0.600000,0.128820,-1.000000,0.653761,-0.600000,-0.044691
172,1,1,0,0,E,0,8,37,1,-0.600000,-0.600000,-0.600000,0.600000,1.000000,-0.996410,0.310695,0.999996,0.600000,0.233211,-1.000000,-0.000875,0.600000,0.600000,-0.801627,-1.000000,-0.001396,0.600000,-0.001396,0.600000,-0.597599,-0.600000,-0.128259,0.083755,-0.999220,-0.001396,0.600000,0.357865,-0.600000,-1.000000,-0.600000,0.600000,-0.000000,-0.600000,-0.233211,-0.938718,-0.608924,-0.801627,-0.083755,-0.602399,-0.004322,-0.543775,-0.906204,-0.600000,-0.600000,-0.227002,-0.884689,0.602399,-0.600000,-0.600000,-0.441732,-0.357865,-0.357865,0.999940,-0.884689,-0.227002,-0.961026,-0.987419,0.233211,0.901610,0.600000,-0.884689,0.600000,0.039826,-0.600000,0.543775,-0.600000,0.128259,-1.000000,0.653761,-0.600000,-0.042396
173,0,1,0,0,E,0,6,38,1,-0.600000,-0.600000,-0.600000,0.600000,1.000000,-0.996619,0.309612,0.999996,0.600000,0.227882,-1.000000,-0.000820,0.600000,0.600000,-0.804793,-1.000000,-0.001369,0.600000,-0.001369,0.600000,-0.597599,-0.600000,-0.127143,0.081103,-0.999235,-0.001369,0.600000,0.353279,-0.600000,-1.000000,-0.600000,0.600000,-0.000000,-0.600000,-0.227882,-0.939292,-0.601761,-0.804793,-0.081103,-0.602399,-0.004174,-0.543775,-0.906204,-0.600000,-0.600000,-0.227002,-0.884689,0.602399,-0.600000,-0.600000,-0.446668,-0.353279,-0.353279,0.999941,-0.884689,-0.227002,-0.962319,-0.987542,0.227882,0.902942,0.600000,-0.884689,0.600000,0.037589,-0.600000,0.543775,-0.600000,0.127143,-1.000000,0.653761,-0.600000,-0.041388
174,0,0,0,1,E,0,4,39,1,-0.600000,-0.600000,-0.600000,0.600000,1.000000,-0.996800,0.310671,0.999997,0.600000,0.222639,-1.000000,-0.000776,0.600000,0.600000,-0.805578,-1.000000,-0.001328,0.600000,-0.001328,0.600000,-0.597599,-0.600000,-0.124389,0.079255,-0.999258,-0.001328,0.600000,0.352137,-0.600000,-1.000000,-0.600000,0.600000,-0.000000,-0.600000,-0.222639,-0.940706,-0.594554,-0.805578,-0.079255,-0.602399,-0.004071,-0.543775,-0.906204,-0.600000,-0.600000,-0.227002,-0.884689,0.602399,-0.600000,-0.600000,-0.447904,-0.352137,-0.352137,0.999945,-0.884689,-0.227002,-0.963217,-0.987847,0.222639,0.904686,0.600000,-0.884689,0.600000,0.035645,-0.600000,0.543775,-0.600000,0.124389,-1.000000,0.653761,-0.600000,-0.041383
175,1,1,0,1,E,0,2,40,1,-0.600000,-0.600000,-0.600000,0.600000,1.000000,-0.996971,0.310671,0.999997,0.600000,0.222639,-1.000000,-0.000731,0.600000,0.600000,-0.805578,-1.000000,-0.001328,0.600000,-0.001328,0.600000,-0.597599,-0.600000,-0.124389,0.079255,-0.999258,-0.001328,0.600000,0.352137,-0.600000,-1.000000,-0.600000,0.600000,-0.000000,-0.600000,-0.222639,-0.940706,-0.594554,-0.805578,-0.079255,-0.602399,-0.003834,-0.543775,-0.906204,-0.600000,-0.600000,-0.227002,-0.884689,0.602399,-0.600000,-0.600000,-0.447904,-0.352137,-0.352137,0.999945,-0.884689,-0.227002,-0.963217,-0.987847,0.222639,0.904686,0.600000,-0.884689,0.600000,0.033797,-0.600000,0.543775,-0.600000,0.124389,-1.000000,0.653761,-0.600000,-0.039062
176,0,0,0,0,E,0,0,41,1,-0.600000,-0.600000,-0.600000,0.600000,1.000000,-0.997161,0.309590,0.999997,0.600000,0.218337,-1.000000,-0.000688,0.600000,0.600000,-0.807142,-1.000000,-0.001302,0.600000,-0.001302,0.600000,-0.597599,-0.600000,-0.122223,0.077089,-0.999273,-0.001302,0.600000,0.349857,-0.600000,-1.000000,-0.600000,0.600000,-0.000000,-0.600000,-0.218337,-0.941814,-0.588516,-0.807142,-0.077089,-0.602399,-0.003703,-0.543775,-0.906204,-0.600000,-0.600000,-0.227002,-0.884689,0.602399,-0.600000,-0.600000,-0.450377,-0.349857,-0.349857,0.999947,-0.884689,-0.227002,-0.964268,-0.988085,0.218337,0.906403,0.600000,-0.884689,0.600000,0.031733,-0.600000,0.543775,-0.600000,0.122223,-1.000000,0.653761,-0.600000,-0.038499
