tick,conn_0_1,conn_0_2,conn_0_5,conn_0_6,conn_0_9,conn_0_10,conn_1_0,conn_1_2,conn_1_7,conn_1_8,conn_1_9,conn_1_10,conn_2_0,conn_2_1,conn_2_5,conn_2_6,conn_2_7,conn_2_8,conn_2_9,conn_3_1,conn_3_2,conn_3_4,conn_3_5,conn_3_6,conn_3_8,conn_3_9,conn_3_10,conn_4_0,conn_4_1,conn_4_3,conn_4_4,conn_4_6,conn_4_10,conn_5_0,conn_5_1,conn_5_4,conn_5_7,conn_5_10,conn_6_1,conn_6_3,conn_6_4,conn_6_5,conn_6_6,conn_6_8,conn_6_9,conn_7_0,conn_7_3,conn_7_6,conn_7_7,conn_7_9,conn_8_1,conn_8_3,conn_8_4,conn_8_5,conn_8_8,conn_8_9,conn_8_10,conn_9_1,conn_9_2,conn_9_3,conn_9_7,conn_9_8,conn_9_9,conn_9_10,conn_10_0,conn_10_1,conn_10_3,conn_10_4,conn_10_6,conn_10_7,conn_10_8,conn_10_9
0,-0.600000,0.600000,1.000000,-0.600000,-0.600000,0.600000,-0.600000,0.600000,-0.600000,0.600000,-0.600000,-0.600000,0.600000,0.600000,-0.600000,-0.600000,0.600000,-0.600000,0.600000,0.600000,-0.600000,0.600000,-0.600000,-0.600000,0.600000,-0.600000,0.600000,-0.600000,-0.600000,-0.600000,-0.600000,-0.600000,0.600000,-0.600000,0.600000,-0.600000,-0.600000,0.600000,0.600000,-0.600000,-0.600000,-0.600000,-0.600000,-0.600000,0.600000,-0.600000,-0.600000,-0.600000,-0.600000,-0.600000,0.600000,0.600000,0.600000,0.600000,-0.600000,-0.600000,0.600000,-0.600000,-0.600000,-0.600000,-0.600000,-0.600000,-0.600000,-0.600000,-0.600000,0.600000,-0.600000,-0.600000,-0.600000,-0.600000,-0.600000,-0.600000
1,-0.600000,0.600000,1.000000,-0.600000,-0.626116,0.600000,-0.600000,0.600000,-0.600000,0.626116,-0.600000,-0.600000,0.600000,0.600000,-0.609570,-0.596396,0.600000,-0.600000,0.600000,0.600000,-0.600000,0.587948,-0.600000,-0.600000,0.600000,-0.600000,0.600000,-0.600000,-0.600000,-0.600000,-0.600000,-0.600000,0.630792,-0.600000,0.600000,-0.600000,-0.600000,0.600000,0.600000,-0.600000,-0.600000,-0.600000,-0.600000,-0.600000,0.600000,-0.600000,-0.600000,-0.600000,-0.600000,-0.600000,0.600000,0.600000,0.600000,0.600000,-0.600000,-0.600000,0.600000,-0.600000,-0.600000,-0.600000,-0.600000,-0.600000,-0.600000,-0.600000,-0.600000,0.600000,-0.600000,-0.600000,-0.600000,-0.600000,-0.600000,-0.600000
2,-0.600000,0.600000,1.000000,-0.600000,-0.642374,0.600000,-0.600000,0.600000,-0.600000,0.642374,-0.600000,-0.600000,0.600000,0.600000,-0.611950,-0.595193,0.600000,-0.600000,0.600000,0.600000,-0.600000,0.572122,-0.600000,-0.600000,0.600000,-0.600000,0.600000,-0.600000,-0.600000,-0.600000,-0.600000,-0.600000,0.669488,-0.600000,0.600000,-0.600000,-0.600000,0.600000,0.600000,-0.600000,-0.600000,-0.600000,-0.600000,-0.600000,0.600000,-0.600000,-0.600000,-0.600000,-0.600000,-0.600000,0.600000,0.600000,0.600000,0.600000,-0.600000,-0.600000,0.600000,-0.600000,-0.600000,-0.600000,-0.600000,-0.600000,-0.600000,-0.600000,-0.600000,0.600000,-0.600000,-0.600000,-0.600000,-0.600000,-0.600000,-0.600000
3,-0.600000,0.600000,1.000000,-0.600000,-0.660563,0.600000,-0.600000,0.600000,-0.600000,0.660563,-0.600000,-0.600000,0.600000,0.600000,-0.611950,-0.593988,0.600000,-0.600000,0.600000,0.600000,-0.600000,0.561076,-0.600000,-0.600000,0.600000,-0.600000,0.600000,-0.600000,-0.600000,-0.600000,-0.600000,-0.600000,0.691267,-0.600000,0.600000,-0.600000,-0.600000,0.600000,0.600000,-0.600000,-0.600000,-0.600000,-0.600000,-0.600000,0.600000,-0.600000,-0.600000,-0.600000,-0.600000,-0.600000,0.600000,0.600000,0.600000,0.600000,-0.600000,-0.600000,0.600000,-0.600000,-0.600000,-0.600000,-0.600000,-0.600000,-0.600000,-0.600000,-0.600000,0.600000,-0.600000,-0.600000,-0.600000,-0.600000,-0.600000,-0.600000
4,-0.600000,0.600000,1.000000,-0.600000,-0.684816,0.600000,-0.600000,0.600000,-0.600000,0.684816,-0.600000,-0.600000,0.600000,0.600000,-0.611950,-0.592782,0.600000,-0.600000,0.600000,0.600000,-0.600000,0.556146,-0.600000,-0.600000,0.600000,-0.600000,0.600000,-0.600000,-0.600000,-0.600000,-0.600000,-0.600000,0.712233,-0.600000,0.600000,-0.600000,-0.600000,0.600000,0.600000,-0.600000,-0.600000,-0.600000,-0.600000,-0.600000,0.600000,-0.600000,-0.600000,-0.600000,-0.600000,-0.600000,0.600000,0.600000,0.600000,0.600000,-0.600000,-0.600000,0.600000,-0.600000,-0.600000,-0.600000,-0.600000,-0.600000,-0.600000,-0.600000,-0.600000,0.600000,-0.600000,-0.600000,-0.600000,-0.600000,-0.600000,-0.600000
5,-0.600000,0.600000,1.000000,-0.600000,-0.701855,0.600000,-0.600000,0.600000,-0.600000,0.701855,-0.600000,-0.600000,0.600000,0.600000,-0.621416,-0.590367,0.600000,-0.600000,0.600000,0.600000,-0.600000,0.546254,-0.600000,-0.600000,0.600000,-0.600000,0.600000,-0.600000,-0.600000,-0.600000,-0.600000,-0.600000,0.728382,-0.600000,0.600000,-0.600000,-0.600000,0.600000,0.600000,-0.600000,-0.600000,-0.600000,-0.600000,-0.600000,0.600000,-0.600000,-0.600000,-0.600000,-0.600000,-0.600000,0.600000,0.600000,0.600000,0.600000,-0.600000,-0.600000,0.600000,-0.600000,-0.600000,-0.600000,-0.600000,-0.600000,-0.600000,-0.600000,-0.600000,0.600000,-0.600000,-0.600000,-0.600000,-0.600000,-0.600000,-0.600000
6,-0.600000,0.600000,1.000000,-0.600000,-0.714282,0.600000,-0.600000,0.600000,-0.600000,0.714282,-0.600000,-0.600000,0.600000,0.600000,-0.623769,-0.589158,0.600000,-0.600000,0.600000,0.600000,-0.600000,0.520130,-0.600000,-0.600000,0.600000,-0.600000,0.600000,-0.600000,-0.600000,-0.600000,-0.600000,-0.600000,0.767982,-0.600000,0.600000,-0.600000,-0.600000,0.600000,0.600000,-0.600000,-0.600000,-0.600000,-0.600000,-0.600000,0.600000,-0.600000,-0.600000,-0.600000,-0.600000,-0.600000,0.600000,0.600000,0.600000,0.600000,-0.600000,-0.600000,0.600000,-0.600000,-0.600000,-0.600000,-0.600000,-0.600000,-0.600000,-0.600000,-0.600000,0.600000,-0.600000,-0.600000,-0.600000,-0.600000,-0.600000,-0.600000
7,-0.600000,0.600000,1.000000,-0.600000,-0.718355,0.600000,-0.600000,0.600000,-0.600000,0.718355,-0.600000,-0.600000,0.600000,0.600000,-0.623769,-0.589158,0.600000,-0.600000,0.600000,0.600000,-0.600000,0.492642,-0.600000,-0.600000,0.600000,-0.600000,0.600000,-0.600000,-0.600000,-0.600000,-0.600000,-0.600000,0.804960,-0.600000,0.600000,-0.600000,-0.600000,0.600000,0.600000,-0.600000,-0.600000,-0.600000,-0.600000,-0.600000,0.600000,-0.600000,-0.600000,-0.600000,-0.600000,-0.600000,0.600000,0.600000,0.600000,0.600000,-0.600000,-0.600000,0.600000,-0.600000,-0.600000,-0.600000,-0.600000,-0.600000,-0.600000,-0.600000,-0.600000,0.600000,-0.600000,-0.600000,-0.600000,-0.600000,-0.600000,-0.600000
8,-0.600000,0.600000,1.000000,-0.600000,-0.738183,0.600000,-0.600000,0.600000,-0.600000,0.738183,-0.600000,-0.600000,0.600000,0.600000,-0.633121,-0.585524,0.600000,-0.600000,0.600000,0.600000,-0.600000,0.481400,-0.600000,-0.600000,0.600000,-0.600000,0.600000,-0.600000,-0.600000,-0.600000,-0.600000,-0.600000,0.817251,-0.600000,0.600000,-0.600000,-0.600000,0.600000,0.600000,-0.600000,-0.600000,-0.600000,-0.600000,-0.600000,0.600000,-0.600000,-0.600000,-0.600000,-0.600000,-0.600000,0.600000,0.600000,0.600000,0.600000,-0.600000,-0.600000,0.600000,-0.600000,-0.600000,-0.600000,-0.600000,-0.600000,-0.600000,-0.600000,-0.600000,0.600000,-0.600000,-0.600000,-0.600000,-0.600000,-0.600000,-0.600000
9,-0.600000,0.600000,1.000000,-0.600000,-0.755242,0.600000,-0.600000,0.600000,-0.600000,0.755242,-0.600000,-0.600000,0.600000,0.600000,-0.633121,-0.585524,0.600000,-0.600000,0.600000,0.600000,-0.600000,0.470175,-0.600000,-0.600000,0.600000,-0.600000,0.600000,-0.600000,-0.600000,-0.600000,-0.600000,-0.600000,0.833161,-0.600000,0.600000,-0.600000,-0.600000,0.600000,0.600000,-0.600000,-0.600000,-0.600000,-0.600000,-0.600000,0.600000,-0.600000,-0.600000,-0.600000,-0.600000,-0.600000,0.600000,0.600000,0.600000,0.600000,-0.600000,-0.600000,0.600000,-0.600000,-0.600000,-0.600000,-0.600000,-0.600000,-0.600000,-0.600000,-0.600000,0.600000,-0.600000,-0.600000,-0.600000,-0.600000,-0.600000,-0.600000
10,-0.600000,0.600000,1.000000,-0.600000,-0.769764,0.602400,-0.600000,0.600000,-0.600000,0.769764,-0.600000,-0.600000,0.600000,0.600000,-0.635443,-0.585524,0.600000,-0.600000,0.600000,0.600000,-0.600000,0.446589,-0.600000,-0.600000,0.600000,-0.600000,0.600000,-0.600000,-0.600000,-0.600000,-0.600000,-0.600000,0.855546,-0.600000,0.600000,-0.600000,-0.600000,0.600000,0.600000,-0.600000,-0.600000,-0.600000,-0.600000,-0.600000,0.600000,-0.600000,-0.600000,-0.600000,-0.600000,-0.600000,0.600000,0.600000,0.600000,0.600000,-0.600000,-0.600000,0.600000,-0.600000,-0.600000,-0.600000,-0.600000,-0.600000,-0.600000,-0.600000,-0.600000,0.600000,-0.600000,-0.600000,-0.600000,-0.600000,-0.600000,-0.600000
11,-0.600000,0.600000,1.000000,-0.600000,-0.795338,0.611950,-0.600000,0.600000,-0.600000,0.795338,-0.600000,-0.600000,0.600000,0.600000,-0.658314,-0.577009,0.600000,-0.600000,0.600000,0.600000,-0.600000,0.428130,-0.600000,-0.600000,0.600000,-0.600000,0.600000,-0.600000,-0.600000,-0.600000,-0.600000,-0.600000,0.870936,-0.600000,0.600000,-0.600000,-0.600000,0.600000,0.600000,-0.600000,-0.600000,-0.600000,-0.600000,-0.600000,0.600000,-0.600000,-0.600000,-0.600000,-0.600000,-0.600000,0.600000,0.600000,0.600000,0.600000,-0.600000,-0.600000,0.600000,-0.600000,-0.600000,-0.600000,-0.600000,-0.600000,-0.600000,-0.600000,-0.600000,0.600000,-0.600000,-0.600000,-0.600000,-0.600000,-0.600000,-0.600000
12,-0.600000,0.600000,1.000000,-0.600000,-0.806530,0.614325,-0.600000,0.600000,-0.600000,0.806530,-0.600000,-0.600000,0.600000,0.600000,-0.662805,-0.575789,0.600000,-0.600000,0.600000,0.600000,-0.600000,0.413502,-0.600000,-0.600000,0.600000,-0.600000,0.600000,-0.600000,-0.600000,-0.600000,-0.600000,-0.600000,0.884908,-0.600000,0.600000,-0.600000,-0.600000,0.600000,0.600000,-0.600000,-0.600000,-0.600000,-0.600000,-0.600000,0.600000,-0.600000,-0.600000,-0.600000,-0.600000,-0.600000,0.600000,0.600000,0.600000,0.600000,-0.600000,-0.600000,0.600000,-0.600000,-0.600000,-0.600000,-0.600000,-0.600000,-0.600000,-0.600000,-0.600000,0.600000,-0.600000,-0.600000,-0.600000,-0.600000,-0.600000,-0.600000
13,-0.600000,0.600000,1.000000,-0.600000,-0.814236,0.614325,-0.600000,0.600000,-0.600000,0.814236,-0.600000,-0.600000,0.600000,0.600000,-0.665040,-0.574567,0.600000,-0.600000,0.600000,0.600000,-0.600000,0.388277,-0.600000,-0.600000,0.600000,-0.600000,0.600000,-0.600000,-0.600000,-0.600000,-0.600000,-0.600000,0.903832,-0.600000,0.600000,-0.600000,-0.600000,0.600000,0.600000,-0.600000,-0.600000,-0.600000,-0.600000,-0.600000,0.600000,-0.600000,-0.600000,-0.600000,-0.600000,-0.600000,0.600000,0.600000,0.600000,0.600000,-0.600000,-0.600000,0.600000,-0.600000,-0.600000,-0.600000,-0.600000,-0.600000,-0.600000,-0.600000,-0.600000,0.600000,-0.600000,-0.600000,-0.600000,-0.600000,-0.600000,-0.600000
14,-0.600000,0.600000,1.000000,-0.600000,-0.821703,0.616694,-0.600000,0.600000,-0.600000,0.821703,-0.600000,-0.600000,0.600000,0.600000,-0.669488,-0.574567,0.600000,-0.600000,0.600000,0.600000,-0.600000,0.378814,-0.600000,-0.600000,0.600000,-0.600000,0.600000,-0.600000,-0.600000,-0.600000,-0.600000,-0.600000,0.911405,-0.600000,0.600000,-0.600000,-0.600000,0.600000,0.600000,-0.600000,-0.600000,-0.600000,-0.600000,-0.600000,0.600000,-0.600000,-0.600000,-0.600000,-0.600000,-0.600000,0.600000,0.600000,0.600000,0.600000,-0.600000,-0.600000,0.600000,-0.600000,-0.600000,-0.600000,-0.600000,-0.600000,-0.600000,-0.600000,-0.600000,0.600000,-0.600000,-0.600000,-0.600000,-0.600000,-0.600000,-0.600000
15,-0.600000,0.600000,1.000000,-0.600000,-0.827507,0.626116,-0.600000,0.600000,-0.600000,0.827507,-0.600000,-0.600000,0.600000,0.600000,-0.671701,-0.573345,0.600000,-0.600000,0.600000,0.600000,-0.600000,0.363634,-0.600000,-0.600000,0.600000,-0.600000,0.600000,-0.600000,-0.600000,-0.600000,-0.600000,-0.600000,0.918436,-0.600000,0.600000,-0.600000,-0.600000,0.600000,0.600000,-0.600000,-0.600000,-0.600000,-0.600000,-0.600000,0.600000,-0.600000,-0.600000,-0.600000,-0.600000,-0.600000,0.600000,0.600000,0.600000,0.600000,-0.600000,-0.600000,0.600000,-0.600000,-0.600000,-0.600000,-0.600000,-0.600000,-0.600000,-0.600000,-0.600000,0.600000,-0.600000,-0.600000,-0.600000,-0.600000,-0.600000,-0.600000
16,-0.600000,0.600000,1.000000,-0.600000,-0.837303,0.628457,-0.600000,0.600000,-0.600000,0.837303,-0.600000,-0.600000,0.600000,0.600000,-0.676104,-0.570898,0.600000,-0.600000,0.600000,0.600000,-0.600000,0.353279,-0.600000,-0.600000,0.600000,-0.600000,0.600000,-0.600000,-0.600000,-0.600000,-0.600000,-0.600000,0.925650,-0.600000,0.600000,-0.600000,-0.600000,0.600000,0.600000,-0.600000,-0.600000,-0.600000,-0.600000,-0.600000,0.600000,-0.600000,-0.600000,-0.600000,-0.600000,-0.600000,0.600000,0.600000,0.600000,0.600000,-0.600000,-0.600000,0.600000,-0.600000,-0.600000,-0.600000,-0.600000,-0.600000,-0.600000,-0.600000,-0.600000,0.600000,-0.600000,-0.600000,-0.600000,-0.600000,-0.600000,-0.600000
17,-0.600000,0.600000,1.000000,-0.600000,-0.850514,0.628457,-0.600000,0.600000,-0.600000,0.850514,-0.600000,-0.600000,0.600000,0.600000,-0.680475,-0.569673,0.600000,-0.600000,0.600000,0.600000,-0.600000,0.348720,-0.600000,-0.600000,0.600000,-0.600000,0.600000,-0.600000,-0.600000,-0.600000,-0.600000,-0.600000,0.931636,-0.600000,0.600000,-0.600000,-0.600000,0.600000,0.600000,-0.600000,-0.600000,-0.600000,-0.600000,-0.600000,0.600000,-0.600000,-0.600000,-0.600000,-0.600000,-0.600000,0.600000,0.600000,0.600000,0.600000,-0.600000,-0.600000,0.600000,-0.600000,-0.600000,-0.600000,-0.600000,-0.600000,-0.600000,-0.600000,-0.600000,0.600000,-0.600000,-0.600000,-0.600000,-0.600000,-0.600000,-0.600000
18,-0.600000,0.600000,1.000000,-0.600000,-0.862830,0.628457,-0.600000,0.600000,-0.600000,0.862830,-0.600000,-0.600000,0.600000,0.600000,-0.695527,-0.565994,0.600000,-0.600000,0.600000,0.600000,-0.600000,0.336325,-0.600000,-0.600000,0.600000,-0.600000,0.600000,-0.600000,-0.600000,-0.600000,-0.600000,-0.600000,0.937762,-0.600000,0.600000,-0.600000,-0.600000,0.600000,0.600000,-0.600000,-0.600000,-0.600000,-0.600000,-0.600000,0.600000,-0.600000,-0.600000,-0.600000,-0.600000,-0.600000,0.600000,0.600000,0.600000,0.600000,-0.600000,-0.600000,0.600000,-0.600000,-0.600000,-0.600000,-0.600000,-0.600000,-0.600000,-0.600000,-0.600000,0.600000,-0.600000,-0.600000,-0.600000,-0.600000,-0.600000,-0.600000
19,-0.600000,0.600000,1.000000,-0.600000,-0.868662,0.630792,-0.600000,0.600000,-0.600000,0.868662,-0.600000,-0.600000,0.600000,0.600000,-0.697645,-0.564765,0.600000,-0.600000,0.600000,0.600000,-0.600000,0.324151,-0.600000,-0.600000,0.600000,-0.600000,0.600000,-0.600000,-0.600000,-0.600000,-0.600000,-0.600000,0.943907,-0.600000,0.600000,-0.600000,-0.600000,0.600000,0.600000,-0.600000,-0.600000,-0.600000,-0.600000,-0.600000,0.600000,-0.600000,-0.600000,-0.600000,-0.600000,-0.600000,0.600000,0.600000,0.600000,0.600000,-0.600000,-0.600000,0.600000,-0.600000,-0.600000,-0.600000,-0.600000,-0.600000,-0.600000,-0.600000,-0.600000,0.600000,-0.600000,-0.600000,-0.600000,-0.600000,-0.600000,-0.600000
20,-0.600000,0.600000,1.000000,-0.600000,-0.880755,0.633121,-0.600000,0.600000,-0.600000,0.880755,-0.600000,-0.600000,0.600000,0.600000,-0.701855,-0.562307,0.600000,-0.600000,0.600000,0.600000,-0.600000,0.314362,-0.600000,-0.600000,0.600000,-0.600000,0.600000,-0.600000,-0.600000,-0.600000,-0.600000,-0.600000,0.948995,-0.600000,0.600000,-0.600000,-0.600000,0.600000,0.600000,-0.600000,-0.600000,-0.600000,-0.600000,-0.600000,0.600000,-0.600000,-0.600000,-0.600000,-0.600000,-0.600000,0.600000,0.600000,0.600000,0.600000,-0.600000,-0.600000,0.600000,-0.600000,-0.600000,-0.600000,-0.600000,-0.600000,-0.600000,-0.600000,-0.600000,0.600000,-0.600000,-0.600000,-0.600000,-0.600000,-0.600000,-0.600000
21,-0.600000,0.600000,1.000000,-0.600000,-0.893795,0.637760,-0.600000,0.600000,-0.600000,0.893795,-0.600000,-0.600000,0.600000,0.600000,-0.703948,-0.562307,0.600000,-0.600000,0.600000,0.600000,-0.600000,0.305798,-0.600000,-0.600000,0.600000,-0.600000,0.600000,-0.600000,-0.600000,-0.600000,-0.600000,-0.600000,0.953197,-0.600000,0.600000,-0.600000,-0.600000,0.600000,0.600000,-0.600000,-0.600000,-0.600000,-0.600000,-0.600000,0.600000,-0.600000,-0.600000,-0.600000,-0.600000,-0.600000,0.600000,0.600000,0.600000,0.600000,-0.600000,-0.600000,0.600000,-0.600000,-0.600000,-0.600000,-0.600000,-0.600000,-0.600000,-0.600000,-0.600000,0.600000,-0.600000,-0.600000,-0.600000,-0.600000,-0.600000,-0.600000
22,-0.600000,0.600000,1.000000,-0.600000,-0.904701,0.637760,-0.600000,0.600000,-0.600000,0.904701,-0.600000,-0.600000,0.600000,0.600000,-0.722393,-0.559845,0.600000,-0.600000,0.600000,0.600000,-0.600000,0.287014,-0.600000,-0.600000,0.600000,-0.600000,0.600000,-0.600000,-0.600000,-0.600000,-0.600000,-0.600000,0.961013,-0.600000,0.600000,-0.600000,-0.600000,0.600000,0.600000,-0.600000,-0.600000,-0.600000,-0.600000,-0.600000,0.600000,-0.600000,-0.600000,-0.600000,-0.600000,-0.600000,0.600000,0.600000,0.600000,0.600000,-0.600000,-0.600000,0.600000,-0.600000,-0.600000,-0.600000,-0.600000,-0.600000,-0.600000,-0.600000,-0.600000,0.600000,-0.600000,-0.600000,-0.600000,-0.600000,-0.600000,-0.600000
23,-0.600000,0.600000,1.000000,-0.600000,-0.911405,0.637760,-0.600000,0.600000,-0.600000,0.911405,-0.600000,-0.600000,0.600000,0.600000,-0.722393,-0.557380,0.600000,-0.600000,0.600000,0.600000,-0.600000,0.275880,-0.600000,-0.600000,0.600000,-0.600000,0.600000,-0.600000,-0.600000,-0.600000,-0.600000,-0.600000,0.966283,-0.600000,0.600000,-0.600000,-0.600000,0.600000,0.600000,-0.600000,-0.600000,-0.600000,-0.600000,-0.600000,0.600000,-0.600000,-0.600000,-0.600000,-0.600000,-0.600000,0.600000,0.600000,0.600000,0.600000,-0.600000,-0.600000,0.600000,-0.600000,-0.600000,-0.600000,-0.600000,-0.600000,-0.600000,-0.600000,-0.600000,0.600000,-0.600000,-0.600000,-0.600000,-0.600000,-0.600000,-0.600000
24,-0.600000,0.600000,1.000000,-0.600000,-0.920665,0.640070,-0.600000,0.600000,-0.600000,0.920665,-0.600000,-0.600000,0.600000,0.600000,-0.726395,-0.556146,0.600000,-0.600000,0.600000,0.600000,-0.600000,0.265993,-0.600000,-0.600000,0.600000,-0.600000,0.600000,-0.600000,-0.600000,-0.600000,-0.600000,-0.600000,0.970577,-0.600000,0.600000,-0.600000,-0.600000,0.600000,0.600000,-0.600000,-0.600000,-0.600000,-0.600000,-0.600000,0.600000,-0.600000,-0.600000,-0.600000,-0.600000,-0.600000,0.600000,0.600000,0.600000,0.600000,-0.600000,-0.600000,0.600000,-0.600000,-0.600000,-0.600000,-0.600000,-0.600000,-0.600000,-0.600000,-0.600000,0.600000,-0.600000,-0.600000,-0.600000,-0.600000,-0.600000,-0.600000
25,-0.600000,0.600000,1.000000,-0.600000,-0.927697,0.642374,-0.600000,0.600000,-0.600000,0.927697,-0.600000,-0.600000,0.600000,0.600000,-0.728382,-0.554912,0.600000,-0.600000,0.600000,0.600000,-0.600000,0.262102,-0.600000,-0.600000,0.600000,-0.600000,0.600000,-0.600000,-0.600000,-0.600000,-0.600000,-0.600000,0.972251,-0.600000,0.600000,-0.600000,-0.600000,0.600000,0.600000,-0.600000,-0.600000,-0.600000,-0.600000,-0.600000,0.600000,-0.600000,-0.600000,-0.600000,-0.600000,-0.600000,0.600000,0.600000,0.600000,0.600000,-0.600000,-0.600000,0.600000,-0.600000,-0.600000,-0.600000,-0.600000,-0.600000,-0.600000,-0.600000,-0.600000,0.600000,-0.600000,-0.600000,-0.600000,-0.600000,-0.600000,-0.600000
26,-0.600000,0.600000,1.000000,-0.600000,-0.932905,0.642374,-0.600000,0.600000,-0.600000,0.932905,-0.600000,-0.600000,0.600000,0.600000,-0.734290,-0.551205,0.600000,-0.600000,0.600000,0.600000,-0.600000,0.255381,-0.600000,-0.600000,0.600000,-0.600000,0.600000,-0.600000,-0.600000,-0.600000,-0.600000,-0.600000,0.974837,-0.600000,0.600000,-0.600000,-0.600000,0.600000,0.600000,-0.600000,-0.600000,-0.600000,-0.600000,-0.600000,0.600000,-0.600000,-0.600000,-0.600000,-0.600000,-0.600000,0.600000,0.600000,0.600000,0.600000,-0.600000,-0.600000,0.600000,-0.600000,-0.600000,-0.600000,-0.600000,-0.600000,-0.600000,-0.600000,-0.600000,0.600000,-0.600000,-0.600000,-0.600000,-0.600000,-0.600000,-0.600000
27,-0.600000,0.600000,1.000000,-0.600000,-0.935980,0.642374,-0.600000,0.600000,-0.600000,0.935980,-0.600000,-0.600000,0.600000,0.600000,-0.736241,-0.549968,0.600000,-0.600000,0.600000,0.600000,-0.600000,0.235006,-0.600000,-0.600000,0.600000,-0.600000,0.600000,-0.600000,-0.600000,-0.600000,-0.600000,-0.600000,0.979726,-0.600000,0.600000,-0.600000,-0.600000,0.600000,0.600000,-0.600000,-0.600000,-0.600000,-0.600000,-0.600000,0.600000,-0.600000,-0.600000,-0.600000,-0.600000,-0.600000,0.600000,0.600000,0.600000,0.600000,-0.600000,-0.600000,0.600000,-0.600000,-0.600000,-0.600000,-0.600000,-0.600000,-0.600000,-0.600000,-0.600000,0.600000,-0.600000,-0.600000,-0.600000,-0.600000,-0.600000,-0.600000
28,-0.600000,0.600000,1.000000,-0.600000,-0.938346,0.642374,-0.600000,0.600000,-0.600000,0.938346,-0.600000,-0.600000,0.600000,0.600000,-0.736241,-0.549968,0.600000,-0.600000,0.600000,0.600000,-0.600000,0.215784,-0.600000,-0.600000,0.600000,-0.600000,0.600000,-0.600000,-0.600000,-0.600000,-0.600000,-0.600000,0.983681,-0.600000,0.600000,-0.600000,-0.600000,0.600000,0.600000,-0.600000,-0.600000,-0.600000,-0.600000,-0.600000,0.600000,-0.600000,-0.600000,-0.600000,-0.600000,-0.600000,0.600000,0.600000,0.600000,0.600000,-0.600000,-0.600000,0.600000,-0.600000,-0.600000,-0.600000,-0.600000,-0.600000,-0.600000,-0.600000,-0.600000,0.600000,-0.600000,-0.600000,-0.600000,-0.600000,-0.600000,-0.600000
29,-0.600000,0.600000,1.000000,-0.600000,-0.943373,0.642374,-0.600000,0.600000,-0.600000,0.943373,-0.600000,-0.600000,0.600000,0.600000,-0.745858,-0.548731,0.600000,-0.600000,0.600000,0.600000,-0.600000,0.207431,-0.600000,-0.600000,0.600000,-0.600000,0.600000,-0.600000,-0.600000,-0.600000,-0.600000,-0.600000,0.984773,-0.600000,0.600000,-0.600000,-0.600000,0.600000,0.600000,-0.600000,-0.600000,-0.600000,-0.600000,-0.600000,0.600000,-0.600000,-0.600000,-0.600000,-0.600000,-0.600000,0.600000,0.600000,0.600000,0.600000,-0.600000,-0.600000,0.600000,-0.600000,-0.600000,-0.600000,-0.600000,-0.600000,-0.600000,-0.600000,-0.600000,0.600000,-0.600000,-0.600000,-0.600000,-0.600000,-0.600000,-0.600000
30,-0.600000,0.600000,1.000000,-0.600000,-0.950434,0.642374,-0.600000,0.600000,-0.600000,0.950434,-0.600000,-0.600000,0.600000,0.600000,-0.747754,-0.547493,0.600000,-0.600000,0.600000,0.600000,-0.600000,0.200120,-0.600000,-0.600000,0.600000,-0.600000,0.600000,-0.600000,-0.600000,-0.600000,-0.600000,-0.600000,0.986876,-0.600000,0.600000,-0.600000,-0.600000,0.600000,0.600000,-0.600000,-0.600000,-0.600000,-0.600000,-0.600000,0.600000,-0.600000,-0.600000,-0.600000,-0.600000,-0.600000,0.600000,0.600000,0.600000,0.600000,-0.600000,-0.600000,0.600000,-0.600000,-0.600000,-0.600000,-0.600000,-0.600000,-0.600000,-0.600000,-0.600000,0.600000,-0.600000,-0.600000,-0.600000,-0.600000,-0.600000,-0.600000
31,-0.600000,0.600000,1.000000,-0.600000,-0.954958,0.642374,-0.600000,0.600000,-0.600000,0.954958,-0.600000,-0.600000,0.600000,0.600000,-0.760759,-0.543775,0.600000,-0.600000,0.600000,0.600000,-0.600000,0.189902,-0.600000,-0.600000,0.600000,-0.600000,0.600000,-0.600000,-0.600000,-0.600000,-0.600000,-0.600000,0.988116,-0.600000,0.600000,-0.600000,-0.600000,0.600000,0.600000,-0.600000,-0.600000,-0.600000,-0.600000,-0.600000,0.600000,-0.600000,-0.600000,-0.600000,-0.600000,-0.600000,0.600000,0.600000,0.600000,0.600000,-0.600000,-0.600000,0.600000,-0.600000,-0.600000,-0.600000,-0.600000,-0.600000,-0.600000,-0.600000,-0.600000,0.600000,-0.600000,-0.600000,-0.600000,-0.600000,-0.600000,-0.600000
32,-0.600000,0.600000,1.000000,-0.600000,-0.959087,0.644671,-0.600000,0.600000,-0.600000,0.959087,-0.600000,-0.600000,0.600000,0.600000,-0.762579,-0.542534,0.600000,-0.600000,0.600000,0.600000,-0.600000,0.183815,-0.600000,-0.600000,0.600000,-0.600000,0.600000,-0.600000,-0.600000,-0.600000,-0.600000,-0.600000,0.989240,-0.600000,0.600000,-0.600000,-0.600000,0.600000,0.600000,-0.600000,-0.600000,-0.600000,-0.600000,-0.600000,0.600000,-0.600000,-0.600000,-0.600000,-0.600000,-0.600000,0.600000,0.600000,0.600000,0.600000,-0.600000,-0.600000,0.600000,-0.600000,-0.600000,-0.600000,-0.600000,-0.600000,-0.600000,-0.600000,-0.600000,0.600000,-0.600000,-0.600000,-0.600000,-0.600000,-0.600000,-0.600000
33,-0.600000,0.600000,1.000000,-0.600000,-0.962491,0.651523,-0.600000,0.600000,-0.600000,0.962491,-0.600000,-0.600000,0.600000,0.600000,-0.764390,-0.541293,0.600000,-0.600000,0.600000,0.600000,-0.600000,0.174970,-0.600000,-0.600000,0.600000,-0.600000,0.600000,-0.600000,-0.600000,-0.600000,-0.600000,-0.600000,0.990639,-0.600000,0.600000,-0.600000,-0.600000,0.600000,0.600000,-0.600000,-0.600000,-0.600000,-0.600000,-0.600000,0.600000,-0.600000,-0.600000,-0.600000,-0.600000,-0.600000,0.600000,0.600000,0.600000,0.600000,-0.600000,-0.600000,0.600000,-0.600000,-0.600000,-0.600000,-0.600000,-0.600000,-0.600000,-0.600000,-0.600000,0.600000,-0.600000,-0.600000,-0.600000,-0.600000,-0.600000,-0.600000
34,-0.600000,0.600000,1.000000,-0.600000,-0.963915,0.651523,-0.600000,0.600000,-0.600000,0.963915,-0.600000,-0.600000,0.600000,0.600000,-0.764390,-0.541293,0.600000,-0.600000,0.600000,0.600000,-0.600000,0.169261,-0.600000,-0.600000,0.600000,-0.600000,0.600000,-0.600000,-0.600000,-0.600000,-0.600000,-0.600000,0.991610,-0.600000,0.600000,-0.600000,-0.600000,0.600000,0.600000,-0.600000,-0.600000,-0.600000,-0.600000,-0.600000,0.600000,-0.600000,-0.600000,-0.600000,-0.600000,-0.600000,0.600000,0.600000,0.600000,0.600000,-0.600000,-0.600000,0.600000,-0.600000,-0.600000,-0.600000,-0.600000,-0.600000,-0.600000,-0.600000,-0.600000,0.600000,-0.600000,-0.600000,-0.600000,-0.600000,-0.600000,-0.600000
35,-0.600000,0.600000,1.000000,-0.600000,-0.966283,0.653794,-0.600000,0.600000,-0.600000,0.966283,-0.600000,-0.600000,0.600000,0.600000,-0.764390,-0.540052,0.600000,-0.600000,0.600000,0.600000,-0.600000,0.164389,-0.600000,-0.600000,0.600000,-0.600000,0.600000,-0.600000,-0.600000,-0.600000,-0.600000,-0.600000,0.992175,-0.600000,0.600000,-0.600000,-0.600000,0.600000,0.600000,-0.600000,-0.600000,-0.600000,-0.600000,-0.600000,0.600000,-0.600000,-0.600000,-0.600000,-0.600000,-0.600000,0.600000,0.600000,0.600000,0.600000,-0.600000,-0.600000,0.600000,-0.600000,-0.600000,-0.600000,-0.600000,-0.600000,-0.600000,-0.600000,-0.600000,0.600000,-0.600000,-0.600000,-0.600000,-0.600000,-0.600000,-0.600000
36,-0.600000,0.600000,1.000000,-0.600000,-0.970577,0.653794,-0.600000,0.600000,-0.600000,0.970577,-0.600000,-0.600000,0.600000,0.600000,-0.767982,-0.537567,0.600000,-0.600000,0.600000,0.600000,-0.600000,0.160302,-0.600000,-0.600000,0.600000,-0.600000,0.600000,-0.600000,-0.600000,-0.600000,-0.600000,-0.600000,0.993195,-0.600000,0.600000,-0.600000,-0.600000,0.600000,0.600000,-0.600000,-0.600000,-0.600000,-0.600000,-0.600000,0.600000,-0.600000,-0.600000,-0.600000,-0.600000,-0.600000,0.600000,0.600000,0.600000,0.600000,-0.600000,-0.600000,0.600000,-0.600000,-0.600000,-0.600000,-0.600000,-0.600000,-0.600000,-0.600000,-0.600000,0.600000,-0.600000,-0.600000,-0.600000,-0.600000,-0.600000,-0.600000
37,-0.600000,0.600000,1.000000,-0.600000,-0.973574,0.658314,-0.600000,0.600000,-0.600000,0.973574,-0.600000,-0.600000,0.600000,0.600000,-0.775052,-0.531348,0.600000,-0.600000,0.600000,0.600000,-0.600000,0.155639,-0.600000,-0.600000,0.600000,-0.600000,0.600000,-0.600000,-0.600000,-0.600000,-0.600000,-0.600000,0.993842,-0.600000,0.600000,-0.600000,-0.600000,0.600000,0.600000,-0.600000,-0.600000,-0.600000,-0.600000,-0.600000,0.600000,-0.600000,-0.600000,-0.600000,-0.600000,-0.600000,0.600000,0.600000,0.600000,0.600000,-0.600000,-0.600000,0.600000,-0.600000,-0.600000,-0.600000,-0.600000,-0.600000,-0.600000,-0.600000,-0.600000,0.600000,-0.600000,-0.600000,-0.600000,-0.600000,-0.600000,-0.600000
38,-0.600000,0.600000,1.000000,-0.600000,-0.975325,0.662805,-0.600000,0.600000,-0.600000,0.975325,-0.600000,-0.600000,0.600000,0.600000,-0.776796,-0.530103,0.600000,-0.600000,0.600000,0.600000,-0.600000,0.151731,-0.600000,-0.600000,0.600000,-0.600000,0.600000,-0.600000,-0.600000,-0.600000,-0.600000,-0.600000,0.994372,-0.600000,0.600000,-0.600000,-0.600000,0.600000,0.600000,-0.600000,-0.600000,-0.600000,-0.600000,-0.600000,0.600000,-0.600000,-0.600000,-0.600000,-0.600000,-0.600000,0.600000,0.600000,0.600000,0.600000,-0.600000,-0.600000,0.600000,-0.600000,-0.600000,-0.600000,-0.600000,-0.600000,-0.600000,-0.600000,-0.600000,0.600000,-0.600000,-0.600000,-0.600000,-0.600000,-0.600000,-0.600000
39,-0.600000,0.600000,1.000000,-0.600000,-0.977187,0.662805,-0.600000,0.600000,-0.600000,0.977187,-0.600000,-0.600000,0.600000,0.600000,-0.778529,-0.527612,0.600000,-0.600000,0.600000,0.600000,-0.600000,0.144774,-0.600000,-0.600000,0.600000,-0.600000,0.600000,-0.600000,-0.600000,-0.600000,-0.600000,-0.600000,0.994958,-0.600000,0.600000,-0.600000,-0.600000,0.600000,0.600000,-0.600000,-0.600000,-0.600000,-0.600000,-0.600000,0.600000,-0.600000,-0.600000,-0.600000,-0.600000,-0.600000,0.600000,0.600000,0.600000,0.600000,-0.600000,-0.600000,0.600000,-0.600000,-0.600000,-0.600000,-0.600000,-0.600000,-0.600000,-0.600000,-0.600000,0.600000,-0.600000,-0.600000,-0.600000,-0.600000,-0.600000,-0.600000
40,-0.600000,0.600000,1.000000,-0.600000,-0.981263,0.662805,-0.600000,0.600000,-0.600000,0.981263,-0.600000,-0.600000,0.600000,0.600000,-0.780254,-0.521378,0.600000,-0.600000,0.600000,0.600000,-0.600000,0.140487,-0.600000,-0.600000,0.600000,-0.600000,0.600000,-0.600000,-0.600000,-0.600000,-0.600000,-0.600000,0.995954,-0.600000,0.600000,-0.600000,-0.600000,0.600000,0.600000,-0.600000,-0.600000,-0.600000,-0.600000,-0.600000,0.600000,-0.600000,-0.600000,-0.600000,-0.600000,-0.600000,0.600000,0.600000,0.600000,0.600000,-0.600000,-0.600000,0.600000,-0.600000,-0.600000,-0.600000,-0.600000,-0.600000,-0.600000,-0.600000,-0.600000,0.600000,-0.600000,-0.600000,-0.600000,-0.600000,-0.600000,-0.600000
41,-0.600000,0.600000,1.000000,-0.600000,-0.983190,0.662805,-0.600000,0.600000,-0.600000,0.983190,-0.600000,-0.600000,0.600000,0.600000,-0.783673,-0.520130,0.600000,-0.600000,0.600000,0.600000,-0.600000,0.137490,-0.600000,-0.600000,0.600000,-0.600000,0.600000,-0.600000,-0.600000,-0.600000,-0.600000,-0.600000,0.996412,-0.600000,0.600000,-0.600000,-0.600000,0.600000,0.600000,-0.600000,-0.600000,-0.600000,-0.600000,-0.600000,0.600000,-0.600000,-0.600000,-0.600000,-0.600000,-0.600000,0.600000,0.600000,0.600000,0.600000,-0.600000,-0.600000,0.600000,-0.600000,-0.600000,-0.600000,-0.600000,-0.600000,-0.600000,-0.600000,-0.600000,0.600000,-0.600000,-0.600000,-0.600000,-0.600000,-0.600000,-0.600000
42,-0.600000,0.600000,1.000000,-0.600000,-0.984923,0.662805,-0.600000,0.600000,-0.600000,0.984923,-0.600000,-0.600000,0.600000,0.600000,-0.790396,-0.516385,0.600000,-0.600000,0.600000,0.600000,-0.600000,0.131657,-0.600000,-0.600000,0.600000,-0.600000,0.600000,-0.600000,-0.600000,-0.600000,-0.600000,-0.600000,0.996786,-0.600000,0.600000,-0.600000,-0.600000,0.600000,0.600000,-0.600000,-0.600000,-0.600000,-0.600000,-0.600000,0.600000,-0.600000,-0.600000,-0.600000,-0.600000,-0.600000,0.600000,0.600000,0.600000,0.600000,-0.600000,-0.600000,0.600000,-0.600000,-0.600000,-0.600000,-0.600000,-0.600000,-0.600000,-0.600000,-0.600000,0.600000,-0.600000,-0.600000,-0.600000,-0.600000,-0.600000,-0.600000
43,-0.600000,0.600000,1.000000,-0.600000,-0.986345,0.667268,-0.600000,0.600000,-0.600000,0.986345,-0.600000,-0.600000,0.600000,0.600000,-0.790396,-0.516385,0.600000,-0.600000,0.600000,0.600000,-0.600000,0.129383,-0.600000,-0.600000,0.600000,-0.600000,0.600000,-0.600000,-0.600000,-0.600000,-0.600000,-0.600000,0.997004,-0.600000,0.600000,-0.600000,-0.600000,0.600000,0.600000,-0.600000,-0.600000,-0.600000,-0.600000,-0.600000,0.600000,-0.600000,-0.600000,-0.600000,-0.600000,-0.600000,0.600000,0.600000,0.600000,0.600000,-0.600000,-0.600000,0.600000,-0.600000,-0.600000,-0.600000,-0.600000,-0.600000,-0.600000,-0.600000,-0.600000,0.600000,-0.600000,-0.600000,-0.600000,-0.600000,-0.600000,-0.600000
44,-0.600000,0.600000,1.000000,-0.600000,-0.987634,0.669488,-0.600000,0.600000,-0.600000,0.987634,-0.600000,-0.600000,0.600000,0.600000,-0.798583,-0.511390,0.600000,-0.600000,0.600000,0.600000,-0.600000,0.126588,-0.600000,-0.600000,0.600000,-0.600000,0.600000,-0.600000,-0.600000,-0.600000,-0.600000,-0.600000,0.997150,-0.600000,0.600000,-0.600000,-0.600000,0.600000,0.600000,-0.600000,-0.600000,-0.600000,-0.600000,-0.600000,0.600000,-0.600000,-0.600000,-0.600000,-0.600000,-0.600000,0.600000,0.600000,0.600000,0.600000,-0.600000,-0.600000,0.600000,-0.600000,-0.600000,-0.600000,-0.600000,-0.600000,-0.600000,-0.600000,-0.600000,0.600000,-0.600000,-0.600000,-0.600000,-0.600000,-0.600000,-0.600000
45,-0.600000,0.600000,1.000000,-0.600000,-0.988691,0.671701,-0.600000,0.600000,-0.600000,0.988691,-0.600000,-0.600000,0.600000,0.600000,-0.798583,-0.508891,0.600000,-0.600000,0.600000,0.600000,-0.600000,0.122223,-0.600000,-0.600000,0.600000,-0.600000,0.600000,-0.600000,-0.600000,-0.600000,-0.600000,-0.600000,0.997370,-0.600000,0.600000,-0.600000,-0.600000,0.600000,0.600000,-0.600000,-0.600000,-0.600000,-0.600000,-0.600000,0.600000,-0.600000,-0.600000,-0.600000,-0.600000,-0.600000,0.600000,0.600000,0.600000,0.600000,-0.600000,-0.600000,0.600000,-0.600000,-0.600000,-0.600000,-0.600000,-0.600000,-0.600000,-0.600000,-0.600000,0.600000,-0.600000,-0.600000,-0.600000,-0.600000,-0.600000,-0.600000
46,-0.600000,0.600000,1.000000,-0.600000,-0.989761,0.671701,-0.600000,0.600000,-0.600000,0.989761,-0.600000,-0.600000,0.600000,0.600000,-0.804960,-0.505142,0.600000,-0.600000,0.600000,0.600000,-0.600000,0.118510,-0.600000,-0.600000,0.600000,-0.600000,0.600000,-0.600000,-0.600000,-0.600000,-0.600000,-0.600000,0.997548,-0.600000,0.600000,-0.600000,-0.600000,0.600000,0.600000,-0.600000,-0.600000,-0.600000,-0.600000,-0.600000,0.600000,-0.600000,-0.600000,-0.600000,-0.600000,-0.600000,0.600000,0.600000,0.600000,0.600000,-0.600000,-0.600000,0.600000,-0.600000,-0.600000,-0.600000,-0.600000,-0.600000,-0.600000,-0.600000,-0.600000,0.600000,-0.600000,-0.600000,-0.600000,-0.600000,-0.600000,-0.600000
47,-0.600000,0.600000,1.000000,-0.600000,-0.990914,0.671701,-0.600000,0.600000,-0.600000,0.990914,-0.600000,-0.600000,0.600000,0.600000,-0.806530,-0.503892,0.600000,-0.600000,0.600000,0.600000,-0.600000,0.109899,-0.600000,-0.600000,0.600000,-0.600000,0.600000,-0.600000,-0.600000,-0.600000,-0.600000,-0.600000,0.997973,-0.600000,0.600000,-0.600000,-0.600000,0.600000,0.600000,-0.600000,-0.600000,-0.600000,-0.600000,-0.600000,0.600000,-0.600000,-0.600000,-0.600000,-0.600000,-0.600000,0.600000,0.600000,0.600000,0.600000,-0.600000,-0.600000,0.600000,-0.600000,-0.600000,-0.600000,-0.600000,-0.600000,-0.600000,-0.600000,-0.600000,0.600000,-0.600000,-0.600000,-0.600000,-0.600000,-0.600000,-0.600000
48,-0.600000,0.600000,1.000000,-0.600000,-0.991526,0.671701,-0.600000,0.600000,-0.600000,0.991526,-0.600000,-0.600000,0.600000,0.600000,-0.806530,-0.503892,0.600000,-0.600000,0.600000,0.600000,-0.600000,0.106039,-0.600000,-0.600000,0.600000,-0.600000,0.600000,-0.600000,-0.600000,-0.600000,-0.600000,-0.600000,0.998185,-0.600000,0.600000,-0.600000,-0.600000,0.600000,0.600000,-0.600000,-0.600000,-0.600000,-0.600000,-0.600000,0.600000,-0.600000,-0.600000,-0.600000,-0.600000,-0.600000,0.600000,0.600000,0.600000,0.600000,-0.600000,-0.600000,0.600000,-0.600000,-0.600000,-0.600000,-0.600000,-0.600000,-0.600000,-0.600000,-0.600000,0.600000,-0.600000,-0.600000,-0.600000,-0.600000,-0.600000,-0.600000
49,-0.600000,0.600000,1.000000,-0.600000,-0.992481,0.671701,-0.600000,0.600000,-0.600000,0.992481,-0.600000,-0.600000,0.600000,0.600000,-0.808090,-0.502642,0.600000,-0.600000,0.600000,0.600000,-0.600000,0.102299,-0.600000,-0.600000,0.600000,-0.600000,0.600000,-0.600000,-0.600000,-0.600000,-0.600000,-0.600000,0.998439,-0.600000,0.600000,-0.600000,-0.600000,0.600000,0.600000,-0.600000,-0.600000,-0.600000,-0.600000,-0.600000,0.600000,-0.600000,-0.600000,-0.600000,-0.600000,-0.600000,0.600000,0.600000,0.600000,0.600000,-0.600000,-0.600000,0.600000,-0.600000,-0.600000,-0.600000,-0.600000,-0.600000,-0.600000,-0.600000,-0.600000,0.600000,-0.600000,-0.600000,-0.600000,-0.600000,-0.600000,-0.600000
50,-0.600000,0.600000,1.000000,-0.600000,-0.993263,0.671701,-0.600000,0.600000,-0.600000,0.993263,-0.600000,-0.600000,0.600000,0.600000,-0.814236,-0.498892,0.600000,-0.600000,0.600000,0.600000,-0.600000,0.098232,-0.600000,-0.600000,0.600000,-0.600000,0.600000,-0.600000,-0.600000,-0.600000,-0.600000,-0.600000,0.998559,-0.600000,0.600000,-0.600000,-0.600000,0.600000,0.600000,-0.600000,-0.600000,-0.600000,-0.600000,-0.600000,0.600000,-0.600000,-0.600000,-0.600000,-0.600000,-0.600000,0.600000,0.600000,0.600000,0.600000,-0.600000,-0.600000,0.600000,-0.600000,-0.600000,-0.600000,-0.600000,-0.600000,-0.600000,-0.600000,-0.600000,0.600000,-0.600000,-0.600000,-0.600000,-0.600000,-0.600000,-0.600000
51,-0.600000,0.600000,1.000000,-0.600000,-0.993780,0.673906,-0.600000,0.600000,-0.600000,0.993780,-0.600000,-0.600000,0.600000,0.600000,-0.814236,-0.498892,0.600000,-0.600000,0.600000,0.600000,-0.600000,0.095601,-0.600000,-0.600000,0.600000,-0.600000,0.600000,-0.600000,-0.600000,-0.600000,-0.600000,-0.600000,0.998657,-0.600000,0.600000,-0.600000,-0.600000,0.600000,0.600000,-0.600000,-0.600000,-0.600000,-0.600000,-0.600000,0.600000,-0.600000,-0.600000,-0.600000,-0.600000,-0.600000,0.600000,0.600000,0.600000,0.600000,-0.600000,-0.600000,0.600000,-0.600000,-0.600000,-0.600000,-0.600000,-0.600000,-0.600000,-0.600000,-0.600000,0.600000,-0.600000,-0.600000,-0.600000,-0.600000,-0.600000,-0.600000
52,-0.600000,0.600000,1.000000,-0.600000,-0.994142,0.678293,-0.600000,0.600000,-0.600000,0.994142,-0.600000,-0.600000,0.600000,0.600000,-0.817251,-0.498892,0.600000,-0.600000,0.600000,0.600000,-0.600000,0.090528,-0.600000,-0.600000,0.600000,-0.600000,0.600000,-0.600000,-0.600000,-0.600000,-0.600000,-0.600000,0.998773,-0.600000,0.600000,-0.600000,-0.600000,0.600000,0.600000,-0.600000,-0.600000,-0.600000,-0.600000,-0.600000,0.600000,-0.600000,-0.600000,-0.600000,-0.600000,-0.600000,0.600000,0.600000,0.600000,0.600000,-0.600000,-0.600000,0.600000,-0.600000,-0.600000,-0.600000,-0.600000,-0.600000,-0.600000,-0.600000,-0.600000,0.600000,-0.600000,-0.600000,-0.600000,-0.600000,-0.600000,-0.600000
53,-0.600000,0.600000,1.000000,-0.600000,-0.994699,0.682650,-0.600000,0.600000,-0.600000,0.994699,-0.600000,-0.600000,0.600000,0.600000,-0.818745,-0.497642,0.600000,-0.600000,0.600000,0.600000,-0.600000,0.088891,-0.600000,-0.600000,0.600000,-0.600000,0.600000,-0.600000,-0.600000,-0.600000,-0.600000,-0.600000,0.998845,-0.600000,0.600000,-0.600000,-0.600000,0.600000,0.600000,-0.600000,-0.600000,-0.600000,-0.600000,-0.600000,0.600000,-0.600000,-0.600000,-0.600000,-0.600000,-0.600000,0.600000,0.600000,0.600000,0.600000,-0.600000,-0.600000,0.600000,-0.600000,-0.600000,-0.600000,-0.600000,-0.600000,-0.600000,-0.600000,-0.600000,0.600000,-0.600000,-0.600000,-0.600000,-0.600000,-0.600000,-0.600000
54,-0.600000,0.600000,1.000000,-0.600000,-0.995057,0.682650,-0.600000,0.600000,-0.600000,0.995057,-0.600000,-0.600000,0.600000,0.600000,-0.818745,-0.497642,0.600000,-0.600000,0.600000,0.600000,-0.600000,0.080730,-0.600000,-0.600000,0.600000,-0.600000,0.600000,-0.600000,-0.600000,-0.600000,-0.600000,-0.600000,0.999055,-0.600000,0.600000,-0.600000,-0.600000,0.600000,0.600000,-0.600000,-0.600000,-0.600000,-0.600000,-0.600000,0.600000,-0.600000,-0.600000,-0.600000,-0.600000,-0.600000,0.600000,0.600000,0.600000,0.600000,-0.600000,-0.600000,0.600000,-0.600000,-0.600000,-0.600000,-0.600000,-0.600000,-0.600000,-0.600000,-0.600000,0.600000,-0.600000,-0.600000,-0.600000,-0.600000,-0.600000,-0.600000
55,-0.600000,0.600000,1.000000,-0.600000,-0.995299,0.686975,-0.600000,0.600000,-0.600000,0.995299,-0.600000,-0.600000,0.600000,0.600000,-0.820229,-0.497642,0.600000,-0.600000,0.600000,0.600000,-0.600000,0.076026,-0.600000,-0.600000,0.600000,-0.600000,0.600000,-0.600000,-0.600000,-0.600000,-0.600000,-0.600000,0.999145,-0.600000,0.600000,-0.600000,-0.600000,0.600000,0.600000,-0.600000,-0.600000,-0.600000,-0.600000,-0.600000,0.600000,-0.600000,-0.600000,-0.600000,-0.600000,-0.600000,0.600000,0.600000,0.600000,0.600000,-0.600000,-0.600000,0.600000,-0.600000,-0.600000,-0.600000,-0.600000,-0.600000,-0.600000,-0.600000,-0.600000,0.600000,-0.600000,-0.600000,-0.600000,-0.600000,-0.600000,-0.600000
56,-0.600000,0.600000,1.000000,-0.600000,-0.995746,0.686975,-0.600000,0.600000,-0.600000,0.995746,-0.600000,-0.600000,0.600000,0.600000,-0.823168,-0.497642,0.600000,-0.600000,0.600000,0.600000,-0.600000,0.071243,-0.600000,-0.600000,0.600000,-0.600000,0.600000,-0.600000,-0.600000,-0.600000,-0.600000,-0.600000,0.999272,-0.600000,0.600000,-0.600000,-0.600000,0.600000,0.600000,-0.600000,-0.600000,-0.600000,-0.600000,-0.600000,0.600000,-0.600000,-0.600000,-0.600000,-0.600000,-0.600000,0.600000,0.600000,0.600000,0.600000,-0.600000,-0.600000,0.600000,-0.600000,-0.600000,-0.600000,-0.600000,-0.600000,-0.600000,-0.600000,-0.600000,0.600000,-0.600000,-0.600000,-0.600000,-0.600000,-0.600000,-0.600000
57,-0.600000,0.600000,1.000000,-0.600000,-0.996190,0.686975,-0.600000,0.600000,-0.600000,0.996190,-0.600000,-0.600000,0.600000,0.600000,-0.823168,-0.493892,0.600000,-0.600000,0.600000,0.600000,-0.600000,0.069928,-0.600000,-0.600000,0.600000,-0.600000,0.600000,-0.600000,-0.600000,-0.600000,-0.600000,-0.600000,0.999361,-0.600000,0.600000,-0.600000,-0.600000,0.600000,0.600000,-0.600000,-0.600000,-0.600000,-0.600000,-0.600000,0.600000,-0.600000,-0.600000,-0.600000,-0.600000,-0.600000,0.600000,0.600000,0.600000,0.600000,-0.600000,-0.600000,0.600000,-0.600000,-0.600000,-0.600000,-0.600000,-0.600000,-0.600000,-0.600000,-0.600000,0.600000,-0.600000,-0.600000,-0.600000,-0.600000,-0.600000,-0.600000
58,-0.600000,0.600000,1.000000,-0.600000,-0.996587,0.686975,-0.600000,0.600000,-0.600000,0.996587,-0.600000,-0.600000,0.600000,0.600000,-0.828934,-0.488893,0.600000,-0.600000,0.600000,0.600000,-0.600000,0.067365,-0.600000,-0.600000,0.600000,-0.600000,0.600000,-0.600000,-0.600000,-0.600000,-0.600000,-0.600000,0.999428,-0.600000,0.600000,-0.600000,-0.600000,0.600000,0.600000,-0.600000,-0.600000,-0.600000,-0.600000,-0.600000,0.600000,-0.600000,-0.600000,-0.600000,-0.600000,-0.600000,0.600000,0.600000,0.600000,0.600000,-0.600000,-0.600000,0.600000,-0.600000,-0.600000,-0.600000,-0.600000,-0.600000,-0.600000,-0.600000,-0.600000,0.600000,-0.600000,-0.600000,-0.600000,-0.600000,-0.600000,-0.600000
59,-0.600000,0.600000,1.000000,-0.600000,-0.996786,0.686975,-0.600000,0.600000,-0.600000,0.996786,-0.600000,-0.600000,0.600000,0.600000,-0.831761,-0.486395,0.600000,-0.600000,0.600000,0.600000,-0.600000,0.065195,-0.600000,-0.600000,0.600000,-0.600000,0.600000,-0.600000,-0.600000,-0.600000,-0.600000,-0.600000,0.999477,-0.600000,0.600000,-0.600000,-0.600000,0.600000,0.600000,-0.600000,-0.600000,-0.600000,-0.600000,-0.600000,0.600000,-0.600000,-0.600000,-0.600000,-0.600000,-0.600000,0.600000,0.600000,0.600000,0.600000,-0.600000,-0.600000,0.600000,-0.600000,-0.600000,-0.600000,-0.600000,-0.600000,-0.600000,-0.600000,-0.600000,0.600000,-0.600000,-0.600000,-0.600000,-0.600000,-0.600000,-0.600000
60,-0.600000,0.600000,1.000000,-0.600000,-0.996974,0.686975,-0.600000,0.600000,-0.600000,0.996974,-0.600000,-0.600000,0.600000,0.600000,-0.831761,-0.485146,0.600000,-0.600000,0.600000,0.600000,-0.600000,0.060475,-0.600000,-0.600000,0.600000,-0.600000,0.600000,-0.600000,-0.600000,-0.600000,-0.600000,-0.600000,0.999550,-0.600000,0.600000,-0.600000,-0.600000,0.600000,0.600000,-0.600000,-0.600000,-0.600000,-0.600000,-0.600000,0.600000,-0.600000,-0.600000,-0.600000,-0.600000,-0.600000,0.600000,0.600000,0.600000,0.600000,-0.600000,-0.600000,0.600000,-0.600000,-0.600000,-0.600000,-0.600000,-0.600000,-0.600000,-0.600000,-0.600000,0.600000,-0.600000,-0.600000,-0.600000,-0.600000,-0.600000,-0.600000
61,-0.600000,0.600000,1.000000,-0.600000,-0.997179,0.686975,-0.600000,0.600000,-0.600000,0.997179,-0.600000,-0.600000,0.600000,0.600000,-0.831761,-0.483897,0.600000,-0.600000,0.600000,0.600000,-0.600000,0.058237,-0.600000,-0.600000,0.600000,-0.600000,0.600000,-0.600000,-0.600000,-0.600000,-0.600000,-0.600000,0.999602,-0.600000,0.600000,-0.600000,-0.600000,0.600000,0.600000,-0.600000,-0.600000,-0.600000,-0.600000,-0.600000,0.600000,-0.600000,-0.600000,-0.600000,-0.600000,-0.600000,0.600000,0.600000,0.600000,0.600000,-0.600000,-0.600000,0.600000,-0.600000,-0.600000,-0.600000,-0.600000,-0.600000,-0.600000,-0.600000,-0.600000,0.600000,-0.600000,-0.600000,-0.600000,-0.600000,-0.600000,-0.600000
62,-0.600000,0.600000,1.000000,-0.600000,-0.997317,0.686975,-0.600000,0.600000,-0.600000,0.997317,-0.600000,-0.600000,0.600000,0.600000,-0.831761,-0.482648,0.600000,-0.600000,0.600000,0.600000,-0.600000,0.055813,-0.600000,-0.600000,0.600000,-0.600000,0.600000,-0.600000,-0.600000,-0.600000,-0.600000,-0.600000,0.999643,-0.600000,0.600000,-0.600000,-0.600000,0.600000,0.600000,-0.600000,-0.600000,-0.600000,-0.600000,-0.600000,0.600000,-0.600000,-0.600000,-0.600000,-0.600000,-0.600000,0.600000,0.600000,0.600000,0.600000,-0.600000,-0.600000,0.600000,-0.600000,-0.600000,-0.600000,-0.600000,-0.600000,-0.600000,-0.600000,-0.600000,0.600000,-0.600000,-0.600000,-0.600000,-0.600000,-0.600000,-0.600000
63,-0.600000,0.600000,1.000000,-0.600000,-0.997573,0.686975,-0.600000,0.600000,-0.600000,0.997573,-0.600000,-0.600000,0.600000,0.600000,-0.833161,-0.481400,0.600000,-0.600000,0.600000,0.600000,-0.600000,0.052229,-0.600000,-0.600000,0.600000,-0.600000,0.600000,-0.600000,-0.600000,-0.600000,-0.600000,-0.600000,0.999696,-0.600000,0.600000,-0.600000,-0.600000,0.600000,0.600000,-0.600000,-0.600000,-0.600000,-0.600000,-0.600000,0.600000,-0.600000,-0.600000,-0.600000,-0.600000,-0.600000,0.600000,0.600000,0.600000,0.600000,-0.600000,-0.600000,0.600000,-0.600000,-0.600000,-0.600000,-0.600000,-0.600000,-0.600000,-0.600000,-0.600000,0.600000,-0.600000,-0.600000,-0.600000,-0.600000,-0.600000,-0.600000
64,-0.600000,0.600000,1.000000,-0.600000,-0.997760,0.686975,-0.600000,0.600000,-0.600000,0.997760,-0.600000,-0.600000,0.600000,0.600000,-0.834551,-0.480151,0.600000,-0.600000,0.600000,0.600000,-0.600000,0.049566,-0.600000,-0.600000,0.600000,-0.600000,0.600000,-0.600000,-0.600000,-0.600000,-0.600000,-0.600000,0.999736,-0.600000,0.600000,-0.600000,-0.600000,0.600000,0.600000,-0.600000,-0.600000,-0.600000,-0.600000,-0.600000,0.600000,-0.600000,-0.600000,-0.600000,-0.600000,-0.600000,0.600000,0.600000,0.600000,0.600000,-0.600000,-0.600000,0.600000,-0.600000,-0.600000,-0.600000,-0.600000,-0.600000,-0.600000,-0.600000,-0.600000,0.600000,-0.600000,-0.600000,-0.600000,-0.600000,-0.600000,-0.600000
65,-0.600000,0.600000,1.000000,-0.600000,-0.997953,0.686975,-0.600000,0.600000,-0.600000,0.997953,-0.600000,-0.600000,0.600000,0.600000,-0.834551,-0.478903,0.600000,-0.600000,0.600000,0.600000,-0.600000,0.048399,-0.600000,-0.600000,0.600000,-0.600000,0.600000,-0.600000,-0.600000,-0.600000,-0.600000,-0.600000,0.999764,-0.600000,0.600000,-0.600000,-0.600000,0.600000,0.600000,-0.600000,-0.600000,-0.600000,-0.600000,-0.600000,0.600000,-0.600000,-0.600000,-0.600000,-0.600000,-0.600000,0.600000,0.600000,0.600000,0.600000,-0.600000,-0.600000,0.600000,-0.600000,-0.600000,-0.600000,-0.600000,-0.600000,-0.600000,-0.600000,-0.600000,0.600000,-0.600000,-0.600000,-0.600000,-0.600000,-0.600000,-0.600000
66,-0.600000,0.600000,1.000000,-0.600000,-0.998092,0.686975,-0.600000,0.600000,-0.600000,0.998092,-0.600000,-0.600000,0.600000,0.600000,-0.842697,-0.476408,0.600000,-0.600000,0.600000,0.600000,-0.600000,0.045485,-0.600000,-0.600000,0.600000,-0.600000,0.600000,-0.600000,-0.600000,-0.600000,-0.600000,-0.600000,0.999791,-0.600000,0.600000,-0.600000,-0.600000,0.600000,0.600000,-0.600000,-0.600000,-0.600000,-0.600000,-0.600000,0.600000,-0.600000,-0.600000,-0.600000,-0.600000,-0.600000,0.600000,0.600000,0.600000,0.600000,-0.600000,-0.600000,0.600000,-0.600000,-0.600000,-0.600000,-0.600000,-0.600000,-0.600000,-0.600000,-0.600000,0.600000,-0.600000,-0.600000,-0.600000,-0.600000,-0.600000,-0.600000
67,-0.600000,0.600000,1.000000,-0.600000,-0.998308,0.686975,-0.600000,0.600000,-0.600000,0.998308,-0.600000,-0.600000,0.600000,0.600000,-0.844022,-0.472667,0.600000,-0.600000,0.600000,0.600000,-0.600000,0.043986,-0.600000,-0.600000,0.600000,-0.600000,0.600000,-0.600000,-0.600000,-0.600000,-0.600000,-0.600000,0.999822,-0.600000,0.600000,-0.600000,-0.600000,0.600000,0.600000,-0.600000,-0.600000,-0.600000,-0.600000,-0.600000,0.600000,-0.600000,-0.600000,-0.600000,-0.600000,-0.600000,0.600000,0.600000,0.600000,0.600000,-0.600000,-0.600000,0.600000,-0.600000,-0.600000,-0.600000,-0.600000,-0.600000,-0.600000,-0.600000,-0.600000,0.600000,-0.600000,-0.600000,-0.600000,-0.600000,-0.600000,-0.600000
68,-0.600000,0.600000,1.000000,-0.600000,-0.998500,0.686975,-0.600000,0.600000,-0.600000,0.998500,-0.600000,-0.600000,0.600000,0.600000,-0.856782,-0.472667,0.600000,-0.600000,0.600000,0.600000,-0.600000,0.040345,-0.600000,-0.600000,0.600000,-0.600000,0.600000,-0.600000,-0.600000,-0.600000,-0.600000,-0.600000,0.999842,-0.600000,0.600000,-0.600000,-0.600000,0.600000,0.600000,-0.600000,-0.600000,-0.600000,-0.600000,-0.600000,0.600000,-0.600000,-0.600000,-0.600000,-0.600000,-0.600000,0.600000,0.600000,0.600000,0.600000,-0.600000,-0.600000,0.600000,-0.600000,-0.600000,-0.600000,-0.600000,-0.600000,-0.600000,-0.600000,-0.600000,0.600000,-0.600000,-0.600000,-0.600000,-0.600000,-0.600000,-0.600000
69,-0.600000,0.600000,1.000000,-0.600000,-0.998657,0.689125,-0.600000,0.600000,-0.600000,0.998657,-0.600000,-0.600000,0.600000,0.600000,-0.861638,-0.470175,0.600000,-0.600000,0.600000,0.600000,-0.600000,0.038635,-0.600000,-0.600000,0.600000,-0.600000,0.600000,-0.600000,-0.600000,-0.600000,-0.600000,-0.600000,0.999857,-0.600000,0.600000,-0.600000,-0.600000,0.600000,0.600000,-0.600000,-0.600000,-0.600000,-0.600000,-0.600000,0.600000,-0.600000,-0.600000,-0.600000,-0.600000,-0.600000,0.600000,0.600000,0.600000,0.600000,-0.600000,-0.600000,0.600000,-0.600000,-0.600000,-0.600000,-0.600000,-0.600000,-0.600000,-0.600000,-0.600000,0.600000,-0.600000,-0.600000,-0.600000,-0.600000,-0.600000,-0.600000
70,-0.600000,0.600000,1.000000,-0.600000,-0.998723,0.689125,-0.600000,0.600000,-0.600000,0.998723,-0.600000,-0.600000,0.600000,0.600000,-0.862830,-0.468930,0.600000,-0.600000,0.600000,0.600000,-0.600000,0.036994,-0.600000,-0.600000,0.600000,-0.600000,0.600000,-0.600000,-0.600000,-0.600000,-0.600000,-0.600000,0.999875,-0.600000,0.600000,-0.600000,-0.600000,0.600000,0.600000,-0.600000,-0.600000,-0.600000,-0.600000,-0.600000,0.600000,-0.600000,-0.600000,-0.600000,-0.600000,-0.600000,0.600000,0.600000,0.600000,0.600000,-0.600000,-0.600000,0.600000,-0.600000,-0.600000,-0.600000,-0.600000,-0.600000,-0.600000,-0.600000,-0.600000,0.600000,-0.600000,-0.600000,-0.600000,-0.600000,-0.600000,-0.600000
71,-0.600000,0.600000,1.000000,-0.600000,-0.998821,0.691267,-0.600000,0.600000,-0.600000,0.998821,-0.600000,-0.600000,0.600000,0.600000,-0.865189,-0.467684,0.600000,-0.600000,0.600000,0.600000,-0.600000,0.035764,-0.600000,-0.600000,0.600000,-0.600000,0.600000,-0.600000,-0.600000,-0.600000,-0.600000,-0.600000,0.999887,-0.600000,0.600000,-0.600000,-0.600000,0.600000,0.600000,-0.600000,-0.600000,-0.600000,-0.600000,-0.600000,0.600000,-0.600000,-0.600000,-0.600000,-0.600000,-0.600000,0.600000,0.600000,0.600000,0.600000,-0.600000,-0.600000,0.600000,-0.600000,-0.600000,-0.600000,-0.600000,-0.600000,-0.600000,-0.600000,-0.600000,0.600000,-0.600000,-0.600000,-0.600000,-0.600000,-0.600000,-0.600000
72,-0.600000,0.600000,1.000000,-0.600000,-0.998912,0.693401,-0.600000,0.600000,-0.600000,0.998912,-0.600000,-0.600000,0.600000,0.600000,-0.867513,-0.467684,0.600000,-0.600000,0.600000,0.600000,-0.600000,0.032780,-0.600000,-0.600000,0.600000,-0.600000,0.600000,-0.600000,-0.600000,-0.600000,-0.600000,-0.600000,0.999904,-0.600000,0.600000,-0.600000,-0.600000,0.600000,0.600000,-0.600000,-0.600000,-0.600000,-0.600000,-0.600000,0.600000,-0.600000,-0.600000,-0.600000,-0.600000,-0.600000,0.600000,0.600000,0.600000,0.600000,-0.600000,-0.600000,0.600000,-0.600000,-0.600000,-0.600000,-0.600000,-0.600000,-0.600000,-0.600000,-0.600000,0.600000,-0.600000,-0.600000,-0.600000,-0.600000,-0.600000,-0.600000
73,-0.600000,0.600000,1.000000,-0.600000,-0.999045,0.693401,-0.600000,0.600000,-0.600000,0.999045,-0.600000,-0.600000,0.600000,0.600000,-0.874283,-0.463951,0.600000,-0.600000,0.600000,0.600000,-0.600000,0.031228,-0.600000,-0.600000,0.600000,-0.600000,0.600000,-0.600000,-0.600000,-0.600000,-0.600000,-0.600000,0.999913,-0.600000,0.600000,-0.600000,-0.600000,0.600000,0.600000,-0.600000,-0.600000,-0.600000,-0.600000,-0.600000,0.600000,-0.600000,-0.600000,-0.600000,-0.600000,-0.600000,0.600000,0.600000,0.600000,0.600000,-0.600000,-0.600000,0.600000,-0.600000,-0.600000,-0.600000,-0.600000,-0.600000,-0.600000,-0.600000,-0.600000,0.600000,-0.600000,-0.600000,-0.600000,-0.600000,-0.600000,-0.600000
74,-0.600000,0.600000,1.000000,-0.600000,-0.999092,0.693401,-0.600000,0.600000,-0.600000,0.999092,-0.600000,-0.600000,0.600000,0.600000,-0.874283,-0.463951,0.600000,-0.600000,0.600000,0.600000,-0.600000,0.029747,-0.600000,-0.600000,0.600000,-0.600000,0.600000,-0.600000,-0.600000,-0.600000,-0.600000,-0.600000,0.999923,-0.600000,0.600000,-0.600000,-0.600000,0.600000,0.600000,-0.600000,-0.600000,-0.600000,-0.600000,-0.600000,0.600000,-0.600000,-0.600000,-0.600000,-0.600000,-0.600000,0.600000,0.600000,0.600000,0.600000,-0.600000,-0.600000,0.600000,-0.600000,-0.600000,-0.600000,-0.600000,-0.600000,-0.600000,-0.600000,-0.600000,0.600000,-0.600000,-0.600000,-0.600000,-0.600000,-0.600000,-0.600000
75,-0.600000,0.600000,1.000000,-0.600000,-0.999179,0.695527,-0.600000,0.600000,-0.600000,0.999179,-0.600000,-0.600000,0.600000,0.600000,-0.876473,-0.461465,0.600000,-0.600000,0.600000,0.600000,-0.600000,0.028472,-0.600000,-0.600000,0.600000,-0.600000,0.600000,-0.600000,-0.600000,-0.600000,-0.600000,-0.600000,0.999933,-0.600000,0.600000,-0.600000,-0.600000,0.600000,0.600000,-0.600000,-0.600000,-0.600000,-0.600000,-0.600000,0.600000,-0.600000,-0.600000,-0.600000,-0.600000,-0.600000,0.600000,0.600000,0.600000,0.600000,-0.600000,-0.600000,0.600000,-0.600000,-0.600000,-0.600000,-0.600000,-0.600000,-0.600000,-0.600000,-0.600000,0.600000,-0.600000,-0.600000,-0.600000,-0.600000,-0.600000,-0.600000
76,-0.600000,0.600000,1.000000,-0.600000,-0.999242,0.695527,-0.600000,0.600000,-0.600000,0.999242,-0.600000,-0.600000,0.600000,0.600000,-0.876473,-0.458980,0.600000,-0.600000,0.600000,0.600000,-0.600000,0.027787,-0.600000,-0.600000,0.600000,-0.600000,0.600000,-0.600000,-0.600000,-0.600000,-0.600000,-0.600000,0.999939,-0.600000,0.600000,-0.600000,-0.600000,0.600000,0.600000,-0.600000,-0.600000,-0.600000,-0.600000,-0.600000,0.600000,-0.600000,-0.600000,-0.600000,-0.600000,-0.600000,0.600000,0.600000,0.600000,0.600000,-0.600000,-0.600000,0.600000,-0.600000,-0.600000,-0.600000,-0.600000,-0.600000,-0.600000,-0.600000,-0.600000,0.600000,-0.600000,-0.600000,-0.600000,-0.600000,-0.600000,-0.600000
77,-0.600000,0.600000,1.000000,-0.600000,-0.999308,0.695527,-0.600000,0.600000,-0.600000,0.999308,-0.600000,-0.600000,0.600000,0.600000,-0.876473,-0.457739,0.600000,-0.600000,0.600000,0.600000,-0.600000,0.026724,-0.600000,-0.600000,0.600000,-0.600000,0.600000,-0.600000,-0.600000,-0.600000,-0.600000,-0.600000,0.999946,-0.600000,0.600000,-0.600000,-0.600000,0.600000,0.600000,-0.600000,-0.600000,-0.600000,-0.600000,-0.600000,0.600000,-0.600000,-0.600000,-0.600000,-0.600000,-0.600000,0.600000,0.600000,0.600000,0.600000,-0.600000,-0.600000,0.600000,-0.600000,-0.600000,-0.600000,-0.600000,-0.600000,-0.600000,-0.600000,-0.600000,0.600000,-0.600000,-0.600000,-0.600000,-0.600000,-0.600000,-0.600000
78,-0.600000,0.600000,1.000000,-0.600000,-0.999380,0.695527,-0.600000,0.600000,-0.600000,0.999380,-0.600000,-0.600000,0.600000,0.600000,-0.881805,-0.457739,0.600000,-0.600000,0.600000,0.600000,-0.600000,0.025081,-0.600000,-0.600000,0.600000,-0.600000,0.600000,-0.600000,-0.600000,-0.600000,-0.600000,-0.600000,0.999953,-0.600000,0.600000,-0.600000,-0.600000,0.600000,0.600000,-0.600000,-0.600000,-0.600000,-0.600000,-0.600000,0.600000,-0.600000,-0.600000,-0.600000,-0.600000,-0.600000,0.600000,0.600000,0.600000,0.600000,-0.600000,-0.600000,0.600000,-0.600000,-0.600000,-0.600000,-0.600000,-0.600000,-0.600000,-0.600000,-0.600000,0.600000,-0.600000,-0.600000,-0.600000,-0.600000,-0.600000,-0.600000
79,-0.600000,0.600000,1.000000,-0.600000,-0.999461,0.695527,-0.600000,0.600000,-0.600000,0.999461,-0.600000,-0.600000,0.600000,0.600000,-0.890902,-0.455257,0.600000,-0.600000,0.600000,0.600000,-0.600000,0.023080,-0.600000,-0.600000,0.600000,-0.600000,0.600000,-0.600000,-0.600000,-0.600000,-0.600000,-0.600000,0.999961,-0.600000,0.600000,-0.600000,-0.600000,0.600000,0.600000,-0.600000,-0.600000,-0.600000,-0.600000,-0.600000,0.600000,-0.600000,-0.600000,-0.600000,-0.600000,-0.600000,0.600000,0.600000,0.600000,0.600000,-0.600000,-0.600000,0.600000,-0.600000,-0.600000,-0.600000,-0.600000,-0.600000,-0.600000,-0.600000,-0.600000,0.600000,-0.600000,-0.600000,-0.600000,-0.600000,-0.600000,-0.600000
80,-0.600000,0.600000,1.000000,-0.600000,-0.999493,0.695527,-0.600000,0.600000,-0.600000,0.999493,-0.600000,-0.600000,0.600000,0.600000,-0.890902,-0.454017,0.600000,-0.600000,0.600000,0.600000,-0.600000,0.021869,-0.600000,-0.600000,0.600000,-0.600000,0.600000,-0.600000,-0.600000,-0.600000,-0.600000,-0.600000,0.999966,-0.600000,0.600000,-0.600000,-0.600000,0.600000,0.600000,-0.600000,-0.600000,-0.600000,-0.600000,-0.600000,0.600000,-0.600000,-0.600000,-0.600000,-0.600000,-0.600000,0.600000,0.600000,0.600000,0.600000,-0.600000,-0.600000,0.600000,-0.600000,-0.600000,-0.600000,-0.600000,-0.600000,-0.600000,-0.600000,-0.600000,0.600000,-0.600000,-0.600000,-0.600000,-0.600000,-0.600000,-0.600000
81,-0.600000,0.600000,1.000000,-0.600000,-0.999527,0.695527,-0.600000,0.600000,-0.600000,0.999527,-0.600000,-0.600000,0.600000,0.600000,-0.891874,-0.454017,0.600000,-0.600000,0.600000,0.600000,-0.600000,0.020924,-0.600000,-0.600000,0.600000,-0.600000,0.600000,-0.600000,-0.600000,-0.600000,-0.600000,-0.600000,0.999969,-0.600000,0.600000,-0.600000,-0.600000,0.600000,0.600000,-0.600000,-0.600000,-0.600000,-0.600000,-0.600000,0.600000,-0.600000,-0.600000,-0.600000,-0.600000,-0.600000,0.600000,0.600000,0.600000,0.600000,-0.600000,-0.600000,0.600000,-0.600000,-0.600000,-0.600000,-0.600000,-0.600000,-0.600000,-0.600000,-0.600000,0.600000,-0.600000,-0.600000,-0.600000,-0.600000,-0.600000,-0.600000
82,-0.600000,0.600000,1.000000,-0.600000,-0.999550,0.695527,-0.600000,0.600000,-0.600000,0.999550,-0.600000,-0.600000,0.600000,0.600000,-0.891874,-0.454017,0.600000,-0.600000,0.600000,0.600000,-0.600000,0.020119,-0.600000,-0.600000,0.600000,-0.600000,0.600000,-0.600000,-0.600000,-0.600000,-0.600000,-0.600000,0.999972,-0.600000,0.600000,-0.600000,-0.600000,0.600000,0.600000,-0.600000,-0.600000,-0.600000,-0.600000,-0.600000,0.600000,-0.600000,-0.600000,-0.600000,-0.600000,-0.600000,0.600000,0.600000,0.600000,0.600000,-0.600000,-0.600000,0.600000,-0.600000,-0.600000,-0.600000,-0.600000,-0.600000,-0.600000,-0.600000,-0.600000,0.600000,-0.600000,-0.600000,-0.600000,-0.600000,-0.600000,-0.600000
83,-0.600000,0.600000,1.000000,-0.600000,-0.999585,0.697645,-0.600000,0.600000,-0.600000,0.999585,-0.600000,-0.600000,0.600000,0.600000,-0.892838,-0.454017,0.600000,-0.600000,0.600000,0.600000,-0.600000,0.018235,-0.600000,-0.600000,0.600000,-0.600000,0.600000,-0.600000,-0.600000,-0.600000,-0.600000,-0.600000,0.999976,-0.600000,0.600000,-0.600000,-0.600000,0.600000,0.600000,-0.600000,-0.600000,-0.600000,-0.600000,-0.600000,0.600000,-0.600000,-0.600000,-0.600000,-0.600000,-0.600000,0.600000,0.600000,0.600000,0.600000,-0.600000,-0.600000,0.600000,-0.600000,-0.600000,-0.600000,-0.600000,-0.600000,-0.600000,-0.600000,-0.600000,0.600000,-0.600000,-0.600000,-0.600000,-0.600000,-0.600000,-0.600000
84,-0.600000,0.600000,1.000000,-0.600000,-0.999617,0.697645,-0.600000,0.600000,-0.600000,0.999617,-0.600000,-0.600000,0.600000,0.600000,-0.892838,-0.454017,0.600000,-0.600000,0.600000,0.600000,-0.600000,0.017444,-0.600000,-0.600000,0.600000,-0.600000,0.600000,-0.600000,-0.600000,-0.600000,-0.600000,-0.600000,0.999979,-0.600000,0.600000,-0.600000,-0.600000,0.600000,0.600000,-0.600000,-0.600000,-0.600000,-0.600000,-0.600000,0.600000,-0.600000,-0.600000,-0.600000,-0.600000,-0.600000,0.600000,0.600000,0.600000,0.600000,-0.600000,-0.600000,0.600000,-0.600000,-0.600000,-0.600000,-0.600000,-0.600000,-0.600000,-0.600000,-0.600000,0.600000,-0.600000,-0.600000,-0.600000,-0.600000,-0.600000,-0.600000
85,-0.600000,0.600000,1.000000,-0.600000,-0.999640,0.697645,-0.600000,0.600000,-0.600000,0.999640,-0.600000,-0.600000,0.600000,0.600000,-0.892838,-0.454017,0.600000,-0.600000,0.600000,0.600000,-0.600000,0.016853,-0.600000,-0.600000,0.600000,-0.600000,0.600000,-0.600000,-0.600000,-0.600000,-0.600000,-0.600000,0.999981,-0.600000,0.600000,-0.600000,-0.600000,0.600000,0.600000,-0.600000,-0.600000,-0.600000,-0.600000,-0.600000,0.600000,-0.600000,-0.600000,-0.600000,-0.600000,-0.600000,0.600000,0.600000,0.600000,0.600000,-0.600000,-0.600000,0.600000,-0.600000,-0.600000,-0.600000,-0.600000,-0.600000,-0.600000,-0.600000,-0.600000,0.600000,-0.600000,-0.600000,-0.600000,-0.600000,-0.600000,-0.600000
86,-0.600000,0.600000,1.000000,-0.600000,-0.999671,0.697645,-0.600000,0.600000,-0.600000,0.999671,-0.600000,-0.600000,0.600000,0.600000,-0.893795,-0.451539,0.600000,-0.600000,0.600000,0.600000,-0.600000,0.016362,-0.600000,-0.600000,0.600000,-0.600000,0.600000,-0.600000,-0.600000,-0.600000,-0.600000,-0.600000,0.999982,-0.600000,0.600000,-0.600000,-0.600000,0.600000,0.600000,-0.600000,-0.600000,-0.600000,-0.600000,-0.600000,0.600000,-0.600000,-0.600000,-0.600000,-0.600000,-0.600000,0.600000,0.600000,0.600000,0.600000,-0.600000,-0.600000,0.600000,-0.600000,-0.600000,-0.600000,-0.600000,-0.600000,-0.600000,-0.600000,-0.600000,0.600000,-0.600000,-0.600000,-0.600000,-0.600000,-0.600000,-0.600000
87,-0.600000,0.600000,1.000000,-0.600000,-0.999705,0.697645,-0.600000,0.600000,-0.600000,0.999705,-0.600000,-0.600000,0.600000,0.600000,-0.896620,-0.451539,0.600000,-0.600000,0.600000,0.600000,-0.600000,0.015422,-0.600000,-0.600000,0.600000,-0.600000,0.600000,-0.600000,-0.600000,-0.600000,-0.600000,-0.600000,0.999985,-0.600000,0.600000,-0.600000,-0.600000,0.600000,0.600000,-0.600000,-0.600000,-0.600000,-0.600000,-0.600000,0.600000,-0.600000,-0.600000,-0.600000,-0.600000,-0.600000,0.600000,0.600000,0.600000,0.600000,-0.600000,-0.600000,0.600000,-0.600000,-0.600000,-0.600000,-0.600000,-0.600000,-0.600000,-0.600000,-0.600000,0.600000,-0.600000,-0.600000,-0.600000,-0.600000,-0.600000,-0.600000
88,-0.600000,0.600000,1.000000,-0.600000,-0.999739,0.697645,-0.600000,0.600000,-0.600000,0.999739,-0.600000,-0.600000,0.600000,0.600000,-0.901182,-0.449063,0.600000,-0.600000,0.600000,0.600000,-0.600000,0.014321,-0.600000,-0.600000,0.600000,-0.600000,0.600000,-0.600000,-0.600000,-0.600000,-0.600000,-0.600000,0.999987,-0.600000,0.600000,-0.600000,-0.600000,0.600000,0.600000,-0.600000,-0.600000,-0.600000,-0.600000,-0.600000,0.600000,-0.600000,-0.600000,-0.600000,-0.600000,-0.600000,0.600000,0.600000,0.600000,0.600000,-0.600000,-0.600000,0.600000,-0.600000,-0.600000,-0.600000,-0.600000,-0.600000,-0.600000,-0.600000,-0.600000,0.600000,-0.600000,-0.600000,-0.600000,-0.600000,-0.600000,-0.600000
89,-0.600000,0.600000,1.000000,-0.600000,-0.999749,0.697645,-0.600000,0.600000,-0.600000,0.999749,-0.600000,-0.600000,0.600000,0.600000,-0.902072,-0.449063,0.600000,-0.600000,0.600000,0.600000,-0.600000,0.013297,-0.600000,-0.600000,0.600000,-0.600000,0.600000,-0.600000,-0.600000,-0.600000,-0.600000,-0.600000,0.999989,-0.600000,0.600000,-0.600000,-0.600000,0.600000,0.600000,-0.600000,-0.600000,-0.600000,-0.600000,-0.600000,0.600000,-0.600000,-0.600000,-0.600000,-0.600000,-0.600000,0.600000,0.600000,0.600000,0.600000,-0.600000,-0.600000,0.600000,-0.600000,-0.600000,-0.600000,-0.600000,-0.600000,-0.600000,-0.600000,-0.600000,0.600000,-0.600000,-0.600000,-0.600000,-0.600000,-0.600000,-0.600000
90,-0.600000,0.600000,1.000000,-0.600000,-0.999761,0.697645,-0.600000,0.600000,-0.600000,0.999761,-0.600000,-0.600000,0.600000,0.600000,-0.902072,-0.449063,0.600000,-0.600000,0.600000,0.600000,-0.600000,0.012781,-0.600000,-0.600000,0.600000,-0.600000,0.600000,-0.600000,-0.600000,-0.600000,-0.600000,-0.600000,0.999990,-0.600000,0.600000,-0.600000,-0.600000,0.600000,0.600000,-0.600000,-0.600000,-0.600000,-0.600000,-0.600000,0.600000,-0.600000,-0.600000,-0.600000,-0.600000,-0.600000,0.600000,0.600000,0.600000,0.600000,-0.600000,-0.600000,0.600000,-0.600000,-0.600000,-0.600000,-0.600000,-0.600000,-0.600000,-0.600000,-0.600000,0.600000,-0.600000,-0.600000,-0.600000,-0.600000,-0.600000,-0.600000
91,-0.600000,0.600000,1.000000,-0.600000,-0.999782,0.697645,-0.600000,0.600000,-0.600000,0.999782,-0.600000,-0.600000,0.600000,0.600000,-0.902072,-0.446589,0.600000,-0.600000,0.600000,0.600000,-0.600000,0.012469,-0.600000,-0.600000,0.600000,-0.600000,0.600000,-0.600000,-0.600000,-0.600000,-0.600000,-0.600000,0.999991,-0.600000,0.600000,-0.600000,-0.600000,0.600000,0.600000,-0.600000,-0.600000,-0.600000,-0.600000,-0.600000,0.600000,-0.600000,-0.600000,-0.600000,-0.600000,-0.600000,0.600000,0.600000,0.600000,0.600000,-0.600000,-0.600000,0.600000,-0.600000,-0.600000,-0.600000,-0.600000,-0.600000,-0.600000,-0.600000,-0.600000,0.600000,-0.600000,-0.600000,-0.600000,-0.600000,-0.600000,-0.600000
92,-0.600000,0.600000,1.000000,-0.600000,-0.999803,0.697645,-0.600000,0.600000,-0.600000,0.999803,-0.600000,-0.600000,0.600000,0.600000,-0.902072,-0.444119,0.600000,-0.600000,0.600000,0.600000,-0.600000,0.012225,-0.600000,-0.600000,0.600000,-0.600000,0.600000,-0.600000,-0.600000,-0.600000,-0.600000,-0.600000,0.999992,-0.600000,0.600000,-0.600000,-0.600000,0.600000,0.600000,-0.600000,-0.600000,-0.600000,-0.600000,-0.600000,0.600000,-0.600000,-0.600000,-0.600000,-0.600000,-0.600000,0.600000,0.600000,0.600000,0.600000,-0.600000,-0.600000,0.600000,-0.600000,-0.600000,-0.600000,-0.600000,-0.600000,-0.600000,-0.600000,-0.600000,0.600000,-0.600000,-0.600000,-0.600000,-0.600000,-0.600000,-0.600000
93,-0.600000,0.600000,1.000000,-0.600000,-0.999820,0.697645,-0.600000,0.600000,-0.600000,0.999820,-0.600000,-0.600000,0.600000,0.600000,-0.904701,-0.440417,0.600000,-0.600000,0.600000,0.600000,-0.600000,0.011692,-0.600000,-0.600000,0.600000,-0.600000,0.600000,-0.600000,-0.600000,-0.600000,-0.600000,-0.600000,0.999993,-0.600000,0.600000,-0.600000,-0.600000,0.600000,0.600000,-0.600000,-0.600000,-0.600000,-0.600000,-0.600000,0.600000,-0.600000,-0.600000,-0.600000,-0.600000,-0.600000,0.600000,0.600000,0.600000,0.600000,-0.600000,-0.600000,0.600000,-0.600000,-0.600000,-0.600000,-0.600000,-0.600000,-0.600000,-0.600000,-0.600000,0.600000,-0.600000,-0.600000,-0.600000,-0.600000,-0.600000,-0.600000
94,-0.600000,0.600000,1.000000,-0.600000,-0.999843,0.697645,-0.600000,0.600000,-0.600000,0.999843,-0.600000,-0.600000,0.600000,0.600000,-0.904701,-0.439185,0.600000,-0.600000,0.600000,0.600000,-0.600000,0.011071,-0.600000,-0.600000,0.600000,-0.600000,0.600000,-0.600000,-0.600000,-0.600000,-0.600000,-0.600000,0.999994,-0.600000,0.600000,-0.600000,-0.600000,0.600000,0.600000,-0.600000,-0.600000,-0.600000,-0.600000,-0.600000,0.600000,-0.600000,-0.600000,-0.600000,-0.600000,-0.600000,0.600000,0.600000,0.600000,0.600000,-0.600000,-0.600000,0.600000,-0.600000,-0.600000,-0.600000,-0.600000,-0.600000,-0.600000,-0.600000,-0.600000,0.600000,-0.600000,-0.600000,-0.600000,-0.600000,-0.600000,-0.600000
95,-0.600000,0.600000,1.000000,-0.600000,-0.999851,0.699755,-0.600000,0.600000,-0.600000,0.999851,-0.600000,-0.600000,0.600000,0.600000,-0.905563,-0.437954,0.600000,-0.600000,0.600000,0.600000,-0.600000,0.010484,-0.600000,-0.600000,0.600000,-0.600000,0.600000,-0.600000,-0.600000,-0.600000,-0.600000,-0.600000,0.999995,-0.600000,0.600000,-0.600000,-0.600000,0.600000,0.600000,-0.600000,-0.600000,-0.600000,-0.600000,-0.600000,0.600000,-0.600000,-0.600000,-0.600000,-0.600000,-0.600000,0.600000,0.600000,0.600000,0.600000,-0.600000,-0.600000,0.600000,-0.600000,-0.600000,-0.600000,-0.600000,-0.600000,-0.600000,-0.600000,-0.600000,0.600000,-0.600000,-0.600000,-0.600000,-0.600000,-0.600000,-0.600000
96,-0.600000,0.600000,1.000000,-0.600000,-0.999863,0.701855,-0.600000,0.600000,-0.600000,0.999863,-0.600000,-0.600000,0.600000,0.600000,-0.905563,-0.434264,0.600000,-0.600000,0.600000,0.600000,-0.600000,0.010076,-0.600000,-0.600000,0.600000,-0.600000,0.600000,-0.600000,-0.600000,-0.600000,-0.600000,-0.600000,0.999995,-0.600000,0.600000,-0.600000,-0.600000,0.600000,0.600000,-0.600000,-0.600000,-0.600000,-0.600000,-0.600000,0.600000,-0.600000,-0.600000,-0.600000,-0.600000,-0.600000,0.600000,0.600000,0.600000,0.600000,-0.600000,-0.600000,0.600000,-0.600000,-0.600000,-0.600000,-0.600000,-0.600000,-0.600000,-0.600000,-0.600000,0.600000,-0.600000,-0.600000,-0.600000,-0.600000,-0.600000,-0.600000
97,-0.600000,0.600000,1.000000,-0.600000,-0.999872,0.701855,-0.600000,0.600000,-0.600000,0.999872,-0.600000,-0.600000,0.600000,0.600000,-0.905563,-0.433035,0.600000,-0.600000,0.600000,0.600000,-0.600000,0.009684,-0.600000,-0.600000,0.600000,-0.600000,0.600000,-0.600000,-0.600000,-0.600000,-0.600000,-0.600000,0.999996,-0.600000,0.600000,-0.600000,-0.600000,0.600000,0.600000,-0.600000,-0.600000,-0.600000,-0.600000,-0.600000,0.600000,-0.600000,-0.600000,-0.600000,-0.600000,-0.600000,0.600000,0.600000,0.600000,0.600000,-0.600000,-0.600000,0.600000,-0.600000,-0.600000,-0.600000,-0.600000,-0.600000,-0.600000,-0.600000,-0.600000,0.600000,-0.600000,-0.600000,-0.600000,-0.600000,-0.600000,-0.600000
98,-0.600000,0.600000,1.000000,-0.600000,-0.999884,0.701855,-0.600000,0.600000,-0.600000,0.999884,-0.600000,-0.600000,0.600000,0.600000,-0.905563,-0.433035,0.600000,-0.600000,0.600000,0.600000,-0.600000,0.009169,-0.600000,-0.600000,0.600000,-0.600000,0.600000,-0.600000,-0.600000,-0.600000,-0.600000,-0.600000,0.999996,-0.600000,0.600000,-0.600000,-0.600000,0.600000,0.600000,-0.600000,-0.600000,-0.600000,-0.600000,-0.600000,0.600000,-0.600000,-0.600000,-0.600000,-0.600000,-0.600000,0.600000,0.600000,0.600000,0.600000,-0.600000,-0.600000,0.600000,-0.600000,-0.600000,-0.600000,-0.600000,-0.600000,-0.600000,-0.600000,-0.600000,0.600000,-0.600000,-0.600000,-0.600000,-0.600000,-0.600000,-0.600000
99,-0.600000,0.600000,1.000000,-0.600000,-0.999900,0.701855,-0.600000,0.600000,-0.600000,0.999900,-0.600000,-0.600000,0.600000,0.600000,-0.905563,-0.433035,0.600000,-0.600000,0.600000,0.600000,-0.600000,0.008553,-0.600000,-0.600000,0.600000,-0.600000,0.600000,-0.600000,-0.600000,-0.600000,-0.600000,-0.600000,0.999997,-0.600000,0.600000,-0.600000,-0.600000,0.600000,0.600000,-0.600000,-0.600000,-0.600000,-0.600000,-0.600000,0.600000,-0.600000,-0.600000,-0.600000,-0.600000,-0.600000,0.600000,0.600000,0.600000,0.600000,-0.600000,-0.600000,0.600000,-0.600000,-0.600000,-0.600000,-0.600000,-0.600000,-0.600000,-0.600000,-0.600000,0.600000,-0.600000,-0.600000,-0.600000,-0.600000,-0.600000,-0.600000
100,-0.600000,0.600000,1.000000,-0.600000,-0.999912,0.703948,-0.600000,0.600000,-0.600000,0.999912,-0.600000,-0.600000,0.600000,0.600000,-0.906418,-0.431808,0.600000,-0.600000,0.600000,0.600000,-0.600000,0.008302,-0.600000,-0.600000,0.600000,-0.600000,0.600000,-0.600000,-0.600000,-0.600000,-0.600000,-0.600000,0.999997,-0.600000,0.600000,-0.600000,-0.600000,0.600000,0.600000,-0.600000,-0.600000,-0.600000,-0.600000,-0.600000,0.600000,-0.600000,-0.600000,-0.600000,-0.600000,-0.600000,0.600000,0.600000,0.600000,0.600000,-0.600000,-0.600000,0.600000,-0.600000,-0.600000,-0.600000,-0.600000,-0.600000,-0.600000,-0.600000,-0.600000,0.600000,-0.600000,-0.600000,-0.600000,-0.600000,-0.600000,-0.600000
101,-0.600000,0.600000,1.000000,-0.600000,-0.999922,0.703948,-0.600000,0.600000,-0.600000,0.999922,-0.600000,-0.600000,0.600000,0.600000,-0.912212,-0.428130,0.600000,-0.600000,0.600000,0.600000,-0.600000,0.007743,-0.600000,-0.600000,0.600000,-0.600000,0.600000,-0.600000,-0.600000,-0.600000,-0.600000,-0.600000,0.999997,-0.600000,0.600000,-0.600000,-0.600000,0.600000,0.600000,-0.600000,-0.600000,-0.600000,-0.600000,-0.600000,0.600000,-0.600000,-0.600000,-0.600000,-0.600000,-0.600000,0.600000,0.600000,0.600000,0.600000,-0.600000,-0.600000,0.600000,-0.600000,-0.600000,-0.600000,-0.600000,-0.600000,-0.600000,-0.600000,-0.600000,0.600000,-0.600000,-0.600000,-0.600000,-0.600000,-0.600000,-0.600000
102,-0.600000,0.600000,1.000000,-0.600000,-0.999929,0.703948,-0.600000,0.600000,-0.600000,0.999929,-0.600000,-0.600000,0.600000,0.600000,-0.913013,-0.426906,0.600000,-0.600000,0.600000,0.600000,-0.600000,0.007441,-0.600000,-0.600000,0.600000,-0.600000,0.600000,-0.600000,-0.600000,-0.600000,-0.600000,-0.600000,0.999998,-0.600000,0.600000,-0.600000,-0.600000,0.600000,0.600000,-0.600000,-0.600000,-0.600000,-0.600000,-0.600000,0.600000,-0.600000,-0.600000,-0.600000,-0.600000,-0.600000,0.600000,0.600000,0.600000,0.600000,-0.600000,-0.600000,0.600000,-0.600000,-0.600000,-0.600000,-0.600000,-0.600000,-0.600000,-0.600000,-0.600000,0.600000,-0.600000,-0.600000,-0.600000,-0.600000,-0.600000,-0.600000
103,-0.600000,0.600000,1.000000,-0.600000,-0.999935,0.703948,-0.600000,0.600000,-0.600000,0.999935,-0.600000,-0.600000,0.600000,0.600000,-0.913013,-0.424460,0.600000,-0.600000,0.600000,0.600000,-0.600000,0.007222,-0.600000,-0.600000,0.600000,-0.600000,0.600000,-0.600000,-0.600000,-0.600000,-0.600000,-0.600000,0.999998,-0.600000,0.600000,-0.600000,-0.600000,0.600000,0.600000,-0.600000,-0.600000,-0.600000,-0.600000,-0.600000,0.600000,-0.600000,-0.600000,-0.600000,-0.600000,-0.600000,0.600000,0.600000,0.600000,0.600000,-0.600000,-0.600000,0.600000,-0.600000,-0.600000,-0.600000,-0.600000,-0.600000,-0.600000,-0.600000,-0.600000,0.600000,-0.600000,-0.600000,-0.600000,-0.600000,-0.600000,-0.600000
104,-0.600000,0.600000,1.000000,-0.600000,-0.999942,0.703948,-0.600000,0.600000,-0.600000,0.999942,-0.600000,-0.600000,0.600000,0.600000,-0.918436,-0.424460,0.600000,-0.600000,0.600000,0.600000,-0.600000,0.006770,-0.600000,-0.600000,0.600000,-0.600000,0.600000,-0.600000,-0.600000,-0.600000,-0.600000,-0.600000,0.999998,-0.600000,0.600000,-0.600000,-0.600000,0.600000,0.600000,-0.600000,-0.600000,-0.600000,-0.600000,-0.600000,0.600000,-0.600000,-0.600000,-0.600000,-0.600000,-0.600000,0.600000,0.600000,0.600000,0.600000,-0.600000,-0.600000,0.600000,-0.600000,-0.600000,-0.600000,-0.600000,-0.600000,-0.600000,-0.600000,-0.600000,0.600000,-0.600000,-0.600000,-0.600000,-0.600000,-0.600000,-0.600000
105,-0.600000,0.600000,1.000000,-0.600000,-0.999946,0.703948,-0.600000,0.600000,-0.600000,0.999946,-0.600000,-0.600000,0.600000,0.600000,-0.919185,-0.423239,0.600000,-0.600000,0.600000,0.600000,-0.600000,0.006220,-0.600000,-0.600000,0.600000,-0.600000,0.600000,-0.600000,-0.600000,-0.600000,-0.600000,-0.600000,0.999999,-0.600000,0.600000,-0.600000,-0.600000,0.600000,0.600000,-0.600000,-0.600000,-0.600000,-0.600000,-0.600000,0.600000,-0.600000,-0.600000,-0.600000,-0.600000,-0.600000,0.600000,0.600000,0.600000,0.600000,-0.600000,-0.600000,0.600000,-0.600000,-0.600000,-0.600000,-0.600000,-0.600000,-0.600000,-0.600000,-0.600000,0.600000,-0.600000,-0.600000,-0.600000,-0.600000,-0.600000,-0.600000
106,-0.600000,0.600000,1.000000,-0.600000,-0.999951,0.703948,-0.600000,0.600000,-0.600000,0.999951,-0.600000,-0.600000,0.600000,0.600000,-0.920665,-0.422018,0.600000,-0.600000,0.600000,0.600000,-0.600000,0.005889,-0.600000,-0.600000,0.600000,-0.600000,0.600000,-0.600000,-0.600000,-0.600000,-0.600000,-0.600000,0.999999,-0.600000,0.600000,-0.600000,-0.600000,0.600000,0.600000,-0.600000,-0.600000,-0.600000,-0.600000,-0.600000,0.600000,-0.600000,-0.600000,-0.600000,-0.600000,-0.600000,0.600000,0.600000,0.600000,0.600000,-0.600000,-0.600000,0.600000,-0.600000,-0.600000,-0.600000,-0.600000,-0.600000,-0.600000,-0.600000,-0.600000,0.600000,-0.600000,-0.600000,-0.600000,-0.600000,-0.600000,-0.600000
107,-0.600000,0.600000,1.000000,-0.600000,-0.999958,0.703948,-0.600000,0.600000,-0.600000,0.999958,-0.600000,-0.600000,0.600000,0.600000,-0.921395,-0.422018,0.600000,-0.600000,0.600000,0.600000,-0.600000,0.005547,-0.600000,-0.600000,0.600000,-0.600000,0.600000,-0.600000,-0.600000,-0.600000,-0.600000,-0.600000,0.999999,-0.600000,0.600000,-0.600000,-0.600000,0.600000,0.600000,-0.600000,-0.600000,-0.600000,-0.600000,-0.600000,0.600000,-0.600000,-0.600000,-0.600000,-0.600000,-0.600000,0.600000,0.600000,0.600000,0.600000,-0.600000,-0.600000,0.600000,-0.600000,-0.600000,-0.600000,-0.600000,-0.600000,-0.600000,-0.600000,-0.600000,0.600000,-0.600000,-0.600000,-0.600000,-0.600000,-0.600000,-0.600000
108,-0.600000,0.600000,1.000000,-0.600000,-0.999962,0.703948,-0.600000,0.600000,-0.600000,0.999962,-0.600000,-0.600000,0.600000,0.600000,-0.922119,-0.420799,0.600000,-0.600000,0.600000,0.600000,-0.600000,0.005383,-0.600000,-0.600000,0.600000,-0.600000,0.600000,-0.600000,-0.600000,-0.600000,-0.600000,-0.600000,0.999999,-0.600000,0.600000,-0.600000,-0.600000,0.600000,0.600000,-0.600000,-0.600000,-0.600000,-0.600000,-0.600000,0.600000,-0.600000,-0.600000,-0.600000,-0.600000,-0.600000,0.600000,0.600000,0.600000,0.600000,-0.600000,-0.600000,0.600000,-0.600000,-0.600000,-0.600000,-0.600000,-0.600000,-0.600000,-0.600000,-0.600000,0.600000,-0.600000,-0.600000,-0.600000,-0.600000,-0.600000,-0.600000
109,-0.600000,0.600000,1.000000,-0.600000,-0.999968,0.703948,-0.600000,0.600000,-0.600000,0.999968,-0.600000,-0.600000,0.600000,0.600000,-0.930346,-0.420799,0.600000,-0.600000,0.600000,0.600000,-0.600000,0.004848,-0.600000,-0.600000,0.600000,-0.600000,0.600000,-0.600000,-0.600000,-0.600000,-0.600000,-0.600000,0.999999,-0.600000,0.600000,-0.600000,-0.600000,0.600000,0.600000,-0.600000,-0.600000,-0.600000,-0.600000,-0.600000,0.600000,-0.600000,-0.600000,-0.600000,-0.600000,-0.600000,0.600000,0.600000,0.600000,0.600000,-0.600000,-0.600000,0.600000,-0.600000,-0.600000,-0.600000,-0.600000,-0.600000,-0.600000,-0.600000,-0.600000,0.600000,-0.600000,-0.600000,-0.600000,-0.600000,-0.600000,-0.600000
110,-0.600000,0.600000,1.000000,-0.600000,-0.999969,0.706032,-0.600000,0.600000,-0.600000,0.999969,-0.600000,-0.600000,0.600000,0.600000,-0.930346,-0.420799,0.600000,-0.600000,0.600000,0.600000,-0.600000,0.004499,-0.600000,-0.600000,0.600000,-0.600000,0.600000,-0.600000,-0.600000,-0.600000,-0.600000,-0.600000,0.999999,-0.600000,0.600000,-0.600000,-0.600000,0.600000,0.600000,-0.600000,-0.600000,-0.600000,-0.600000,-0.600000,0.600000,-0.600000,-0.600000,-0.600000,-0.600000,-0.600000,0.600000,0.600000,0.600000,0.600000,-0.600000,-0.600000,0.600000,-0.600000,-0.600000,-0.600000,-0.600000,-0.600000,-0.600000,-0.600000,-0.600000,0.600000,-0.600000,-0.600000,-0.600000,-0.600000,-0.600000,-0.600000
111,-0.600000,0.600000,1.000000,-0.600000,-0.999970,0.706032,-0.600000,0.600000,-0.600000,0.999970,-0.600000,-0.600000,0.600000,0.600000,-0.930994,-0.419580,0.600000,-0.600000,0.600000,0.600000,-0.600000,0.004301,-0.600000,-0.600000,0.600000,-0.600000,0.600000,-0.600000,-0.600000,-0.600000,-0.600000,-0.600000,0.999999,-0.600000,0.600000,-0.600000,-0.600000,0.600000,0.600000,-0.600000,-0.600000,-0.600000,-0.600000,-0.600000,0.600000,-0.600000,-0.600000,-0.600000,-0.600000,-0.600000,0.600000,0.600000,0.600000,0.600000,-0.600000,-0.600000,0.600000,-0.600000,-0.600000,-0.600000,-0.600000,-0.600000,-0.600000,-0.600000,-0.600000,0.600000,-0.600000,-0.600000,-0.600000,-0.600000,-0.600000,-0.600000
112,-0.600000,0.600000,1.000000,-0.600000,-0.999973,0.706032,-0.600000,0.600000,-0.600000,0.999973,-0.600000,-0.600000,0.600000,0.600000,-0.930994,-0.419580,0.600000,-0.600000,0.600000,0.600000,-0.600000,0.004112,-0.600000,-0.600000,0.600000,-0.600000,0.600000,-0.600000,-0.600000,-0.600000,-0.600000,-0.600000,0.999999,-0.600000,0.600000,-0.600000,-0.600000,0.600000,0.600000,-0.600000,-0.600000,-0.600000,-0.600000,-0.600000,0.600000,-0.600000,-0.600000,-0.600000,-0.600000,-0.600000,0.600000,0.600000,0.600000,0.600000,-0.600000,-0.600000,0.600000,-0.600000,-0.600000,-0.600000,-0.600000,-0.600000,-0.600000,-0.600000,-0.600000,0.600000,-0.600000,-0.600000,-0.600000,-0.600000,-0.600000,-0.600000
113,-0.600000,0.600000,1.000000,-0.600000,-0.999975,0.708108,-0.600000,0.600000,-0.600000,0.999975,-0.600000,-0.600000,0.600000,0.600000,-0.932273,-0.419580,0.600000,-0.600000,0.600000,0.600000,-0.600000,0.003951,-0.600000,-0.600000,0.600000,-0.600000,0.600000,-0.600000,-0.600000,-0.600000,-0.600000,-0.600000,0.999999,-0.600000,0.600000,-0.600000,-0.600000,0.600000,0.600000,-0.600000,-0.600000,-0.600000,-0.600000,-0.600000,0.600000,-0.600000,-0.600000,-0.600000,-0.600000,-0.600000,0.600000,0.600000,0.600000,0.600000,-0.600000,-0.600000,0.600000,-0.600000,-0.600000,-0.600000,-0.600000,-0.600000,-0.600000,-0.600000,-0.600000,0.600000,-0.600000,-0.600000,-0.600000,-0.600000,-0.600000,-0.600000
114,-0.600000,0.600000,1.000000,-0.600000,-0.999978,0.710175,-0.600000,0.600000,-0.600000,0.999978,-0.600000,-0.600000,0.600000,0.600000,-0.932273,-0.414715,0.600000,-0.600000,0.600000,0.600000,-0.600000,0.003815,-0.600000,-0.600000,0.600000,-0.600000,0.600000,-0.600000,-0.600000,-0.600000,-0.600000,-0.600000,1.000000,-0.600000,0.600000,-0.600000,-0.600000,0.600000,0.600000,-0.600000,-0.600000,-0.600000,-0.600000,-0.600000,0.600000,-0.600000,-0.600000,-0.600000,-0.600000,-0.600000,0.600000,0.600000,0.600000,0.600000,-0.600000,-0.600000,0.600000,-0.600000,-0.600000,-0.600000,-0.600000,-0.600000,-0.600000,-0.600000,-0.600000,0.600000,-0.600000,-0.600000,-0.600000,-0.600000,-0.600000,-0.600000
115,-0.600000,0.600000,1.000000,-0.600000,-0.999981,0.710175,-0.600000,0.600000,-0.600000,0.999981,-0.600000,-0.600000,0.600000,0.600000,-0.935376,-0.409867,0.600000,-0.600000,0.600000,0.600000,-0.600000,0.003522,-0.600000,-0.600000,0.600000,-0.600000,0.600000,-0.600000,-0.600000,-0.600000,-0.600000,-0.600000,1.000000,-0.600000,0.600000,-0.600000,-0.600000,0.600000,0.600000,-0.600000,-0.600000,-0.600000,-0.600000,-0.600000,0.600000,-0.600000,-0.600000,-0.600000,-0.600000,-0.600000,0.600000,0.600000,0.600000,0.600000,-0.600000,-0.600000,0.600000,-0.600000,-0.600000,-0.600000,-0.600000,-0.600000,-0.600000,-0.600000,-0.600000,0.600000,-0.600000,-0.600000,-0.600000,-0.600000,-0.600000,-0.600000
116,-0.600000,0.600000,1.000000,-0.600000,-0.999983,0.710175,-0.600000,0.600000,-0.600000,0.999983,-0.600000,-0.600000,0.600000,0.600000,-0.935376,-0.409867,0.600000,-0.600000,0.600000,0.600000,-0.600000,0.003367,-0.600000,-0.600000,0.600000,-0.600000,0.600000,-0.600000,-0.600000,-0.600000,-0.600000,-0.600000,1.000000,-0.600000,0.600000,-0.600000,-0.600000,0.600000,0.600000,-0.600000,-0.600000,-0.600000,-0.600000,-0.600000,0.600000,-0.600000,-0.600000,-0.600000,-0.600000,-0.600000,0.600000,0.600000,0.600000,0.600000,-0.600000,-0.600000,0.600000,-0.600000,-0.600000,-0.600000,-0.600000,-0.600000,-0.600000,-0.600000,-0.600000,0.600000,-0.600000,-0.600000,-0.600000,-0.600000,-0.600000,-0.600000
117,-0.600000,0.600000,1.000000,-0.600000,-0.999984,0.710175,-0.600000,0.600000,-0.600000,0.999984,-0.600000,-0.600000,0.600000,0.600000,-0.935980,-0.407449,0.600000,-0.600000,0.600000,0.600000,-0.600000,0.003268,-0.600000,-0.600000,0.600000,-0.600000,0.600000,-0.600000,-0.600000,-0.600000,-0.600000,-0.600000,1.000000,-0.600000,0.600000,-0.600000,-0.600000,0.600000,0.600000,-0.600000,-0.600000,-0.600000,-0.600000,-0.600000,0.600000,-0.600000,-0.600000,-0.600000,-0.600000,-0.600000,0.600000,0.600000,0.600000,0.600000,-0.600000,-0.600000,0.600000,-0.600000,-0.600000,-0.600000,-0.600000,-0.600000,-0.600000,-0.600000,-0.600000,0.600000,-0.600000,-0.600000,-0.600000,-0.600000,-0.600000,-0.600000
118,-0.600000,0.600000,1.000000,-0.600000,-0.999986,0.710175,-0.600000,0.600000,-0.600000,0.999986,-0.600000,-0.600000,0.600000,0.600000,-0.940066,-0.403831,0.600000,-0.600000,0.600000,0.600000,-0.600000,0.003124,-0.600000,-0.600000,0.600000,-0.600000,0.600000,-0.600000,-0.600000,-0.600000,-0.600000,-0.600000,1.000000,-0.600000,0.600000,-0.600000,-0.600000,0.600000,0.600000,-0.600000,-0.600000,-0.600000,-0.600000,-0.600000,0.600000,-0.600000,-0.600000,-0.600000,-0.600000,-0.600000,0.600000,0.600000,0.600000,0.600000,-0.600000,-0.600000,0.600000,-0.600000,-0.600000,-0.600000,-0.600000,-0.600000,-0.600000,-0.600000,-0.600000,0.600000,-0.600000,-0.600000,-0.600000,-0.600000,-0.600000,-0.600000
119,-0.600000,0.600000,1.000000,-0.600000,-0.999987,0.712233,-0.600000,0.600000,-0.600000,0.999987,-0.600000,-0.600000,0.600000,0.600000,-0.940630,-0.402628,0.600000,-0.600000,0.600000,0.600000,-0.600000,0.003002,-0.600000,-0.600000,0.600000,-0.600000,0.600000,-0.600000,-0.600000,-0.600000,-0.600000,-0.600000,1.000000,-0.600000,0.600000,-0.600000,-0.600000,0.600000,0.600000,-0.600000,-0.600000,-0.600000,-0.600000,-0.600000,0.600000,-0.600000,-0.600000,-0.600000,-0.600000,-0.600000,0.600000,0.600000,0.600000,0.600000,-0.600000,-0.600000,0.600000,-0.600000,-0.600000,-0.600000,-0.600000,-0.600000,-0.600000,-0.600000,-0.600000,0.600000,-0.600000,-0.600000,-0.600000,-0.600000,-0.600000,-0.600000
120,-0.600000,0.600000,1.000000,-0.600000,-0.999988,0.712233,-0.600000,0.600000,-0.600000,0.999988,-0.600000,-0.600000,0.600000,0.600000,-0.941188,-0.402628,0.600000,-0.600000,0.600000,0.600000,-0.600000,0.002785,-0.600000,-0.600000,0.600000,-0.600000,0.600000,-0.600000,-0.600000,-0.600000,-0.600000,-0.600000,1.000000,-0.600000,0.600000,-0.600000,-0.600000,0.600000,0.600000,-0.600000,-0.600000,-0.600000,-0.600000,-0.600000,0.600000,-0.600000,-0.600000,-0.600000,-0.600000,-0.600000,0.600000,0.600000,0.600000,0.600000,-0.600000,-0.600000,0.600000,-0.600000,-0.600000,-0.600000,-0.600000,-0.600000,-0.600000,-0.600000,-0.600000,0.600000,-0.600000,-0.600000,-0.600000,-0.600000,-0.600000,-0.600000
121,-0.600000,0.600000,1.000000,-0.600000,-0.999989,0.714282,-0.600000,0.600000,-0.600000,0.999989,-0.600000,-0.600000,0.600000,0.600000,-0.941742,-0.401425,0.600000,-0.600000,0.600000,0.600000,-0.600000,0.002663,-0.600000,-0.600000,0.600000,-0.600000,0.600000,-0.600000,-0.600000,-0.600000,-0.600000,-0.600000,1.000000,-0.600000,0.600000,-0.600000,-0.600000,0.600000,0.600000,-0.600000,-0.600000,-0.600000,-0.600000,-0.600000,0.600000,-0.600000,-0.600000,-0.600000,-0.600000,-0.600000,0.600000,0.600000,0.600000,0.600000,-0.600000,-0.600000,0.600000,-0.600000,-0.600000,-0.600000,-0.600000,-0.600000,-0.600000,-0.600000,-0.600000,0.600000,-0.600000,-0.600000,-0.600000,-0.600000,-0.600000,-0.600000
122,-0.600000,0.600000,1.000000,-0.600000,-0.999990,0.714282,-0.600000,0.600000,-0.600000,0.999990,-0.600000,-0.600000,0.600000,0.600000,-0.941742,-0.401425,0.600000,-0.600000,0.600000,0.600000,-0.600000,0.002520,-0.600000,-0.600000,0.600000,-0.600000,0.600000,-0.600000,-0.600000,-0.600000,-0.600000,-0.600000,1.000000,-0.600000,0.600000,-0.600000,-0.600000,0.600000,0.600000,-0.600000,-0.600000,-0.600000,-0.600000,-0.600000,0.600000,-0.600000,-0.600000,-0.600000,-0.600000,-0.600000,0.600000,0.600000,0.600000,0.600000,-0.600000,-0.600000,0.600000,-0.600000,-0.600000,-0.600000,-0.600000,-0.600000,-0.600000,-0.600000,-0.600000,0.600000,-0.600000,-0.600000,-0.600000,-0.600000,-0.600000,-0.600000
123,-0.600000,0.600000,1.000000,-0.600000,-0.999991,0.714282,-0.600000,0.600000,-0.600000,0.999991,-0.600000,-0.600000,0.600000,0.600000,-0.942290,-0.399023,0.600000,-0.600000,0.600000,0.600000,-0.600000,0.002433,-0.600000,-0.600000,0.600000,-0.600000,0.600000,-0.600000,-0.600000,-0.600000,-0.600000,-0.600000,1.000000,-0.600000,0.600000,-0.600000,-0.600000,0.600000,0.600000,-0.600000,-0.600000,-0.600000,-0.600000,-0.600000,0.600000,-0.600000,-0.600000,-0.600000,-0.600000,-0.600000,0.600000,0.600000,0.600000,0.600000,-0.600000,-0.600000,0.600000,-0.600000,-0.600000,-0.600000,-0.600000,-0.600000,-0.600000,-0.600000,-0.600000,0.600000,-0.600000,-0.600000,-0.600000,-0.600000,-0.600000,-0.600000
124,-0.600000,0.600000,1.000000,-0.600000,-0.999992,0.714282,-0.600000,0.600000,-0.600000,0.999992,-0.600000,-0.600000,0.600000,0.600000,-0.944437,-0.396627,0.600000,-0.600000,0.600000,0.600000,-0.600000,0.002292,-0.600000,-0.600000,0.600000,-0.600000,0.600000,-0.600000,-0.600000,-0.600000,-0.600000,-0.600000,1.000000,-0.600000,0.600000,-0.600000,-0.600000,0.600000,0.600000,-0.600000,-0.600000,-0.600000,-0.600000,-0.600000,0.600000,-0.600000,-0.600000,-0.600000,-0.600000,-0.600000,0.600000,0.600000,0.600000,0.600000,-0.600000,-0.600000,0.600000,-0.600000,-0.600000,-0.600000,-0.600000,-0.600000,-0.600000,-0.600000,-0.600000,0.600000,-0.600000,-0.600000,-0.600000,-0.600000,-0.600000,-0.600000
125,-0.600000,0.600000,1.000000,-0.600000,-0.999993,0.714282,-0.600000,0.600000,-0.600000,0.999993,-0.600000,-0.600000,0.600000,0.600000,-0.949958,-0.396627,0.600000,-0.600000,0.600000,0.600000,-0.600000,0.002063,-0.600000,-0.600000,0.600000,-0.600000,0.600000,-0.600000,-0.600000,-0.600000,-0.600000,-0.600000,1.000000,-0.600000,0.600000,-0.600000,-0.600000,0.600000,0.600000,-0.600000,-0.600000,-0.600000,-0.600000,-0.600000,0.600000,-0.600000,-0.600000,-0.600000,-0.600000,-0.600000,0.600000,0.600000,0.600000,0.600000,-0.600000,-0.600000,0.600000,-0.600000,-0.600000,-0.600000,-0.600000,-0.600000,-0.600000,-0.600000,-0.600000,0.600000,-0.600000,-0.600000,-0.600000,-0.600000,-0.600000,-0.600000
126,-0.600000,0.600000,1.000000,-0.600000,-0.999994,0.714282,-0.600000,0.600000,-0.600000,0.999994,-0.600000,-0.600000,0.600000,0.600000,-0.953197,-0.395430,0.600000,-0.600000,0.600000,0.600000,-0.600000,0.001933,-0.600000,-0.600000,0.600000,-0.600000,0.600000,-0.600000,-0.600000,-0.600000,-0.600000,-0.600000,1.000000,-0.600000,0.600000,-0.600000,-0.600000,0.600000,0.600000,-0.600000,-0.600000,-0.600000,-0.600000,-0.600000,0.600000,-0.600000,-0.600000,-0.600000,-0.600000,-0.600000,0.600000,0.600000,0.600000,0.600000,-0.600000,-0.600000,0.600000,-0.600000,-0.600000,-0.600000,-0.600000,-0.600000,-0.600000,-0.600000,-0.600000,0.600000,-0.600000,-0.600000,-0.600000,-0.600000,-0.600000,-0.600000
127,-0.600000,0.600000,1.000000,-0.600000,-0.999994,0.714282,-0.600000,0.600000,-0.600000,0.999994,-0.600000,-0.600000,0.600000,0.600000,-0.957888,-0.395430,0.600000,-0.600000,0.600000,0.600000,-0.600000,0.001740,-0.600000,-0.600000,0.600000,-0.600000,0.600000,-0.600000,-0.600000,-0.600000,-0.600000,-0.600000,1.000000,-0.600000,0.600000,-0.600000,-0.600000,0.600000,0.600000,-0.600000,-0.600000,-0.600000,-0.600000,-0.600000,0.600000,-0.600000,-0.600000,-0.600000,-0.600000,-0.600000,0.600000,0.600000,0.600000,0.600000,-0.600000,-0.600000,0.600000,-0.600000,-0.600000,-0.600000,-0.600000,-0.600000,-0.600000,-0.600000,-0.600000,0.600000,-0.600000,-0.600000,-0.600000,-0.600000,-0.600000,-0.600000
128,-0.600000,0.600000,1.000000,-0.600000,-0.999995,0.714282,-0.600000,0.600000,-0.600000,0.999995,-0.600000,-0.600000,0.600000,0.600000,-0.957888,-0.394235,0.600000,-0.600000,0.600000,0.600000,-0.600000,0.001672,-0.600000,-0.600000,0.600000,-0.600000,0.600000,-0.600000,-0.600000,-0.600000,-0.600000,-0.600000,1.000000,-0.600000,0.600000,-0.600000,-0.600000,0.600000,0.600000,-0.600000,-0.600000,-0.600000,-0.600000,-0.600000,0.600000,-0.600000,-0.600000,-0.600000,-0.600000,-0.600000,0.600000,0.600000,0.600000,0.600000,-0.600000,-0.600000,0.600000,-0.600000,-0.600000,-0.600000,-0.600000,-0.600000,-0.600000,-0.600000,-0.600000,0.600000,-0.600000,-0.600000,-0.600000,-0.600000,-0.600000,-0.600000
129,-0.600000,0.600000,1.000000,-0.600000,-0.999995,0.714282,-0.600000,0.600000,-0.600000,0.999995,-0.600000,-0.600000,0.600000,0.600000,-0.957888,-0.394235,0.600000,-0.600000,0.600000,0.600000,-0.600000,0.001615,-0.600000,-0.600000,0.600000,-0.600000,0.600000,-0.600000,-0.600000,-0.600000,-0.600000,-0.600000,1.000000,-0.600000,0.600000,-0.600000,-0.600000,0.600000,0.600000,-0.600000,-0.600000,-0.600000,-0.600000,-0.600000,0.600000,-0.600000,-0.600000,-0.600000,-0.600000,-0.600000,0.600000,0.600000,0.600000,0.600000,-0.600000,-0.600000,0.600000,-0.600000,-0.600000,-0.600000,-0.600000,-0.600000,-0.600000,-0.600000,-0.600000,0.600000,-0.600000,-0.600000,-0.600000,-0.600000,-0.600000,-0.600000
130,-0.600000,0.600000,1.000000,-0.600000,-0.999996,0.716323,-0.600000,0.600000,-0.600000,0.999996,-0.600000,-0.600000,0.600000,0.600000,-0.958291,-0.394235,0.600000,-0.600000,0.600000,0.600000,-0.600000,0.001567,-0.600000,-0.600000,0.600000,-0.600000,0.600000,-0.600000,-0.600000,-0.600000,-0.600000,-0.600000,1.000000,-0.600000,0.600000,-0.600000,-0.600000,0.600000,0.600000,-0.600000,-0.600000,-0.600000,-0.600000,-0.600000,0.600000,-0.600000,-0.600000,-0.600000,-0.600000,-0.600000,0.600000,0.600000,0.600000,0.600000,-0.600000,-0.600000,0.600000,-0.600000,-0.600000,-0.600000,-0.600000,-0.600000,-0.600000,-0.600000,-0.600000,0.600000,-0.600000,-0.600000,-0.600000,-0.600000,-0.600000,-0.600000
131,-0.600000,0.600000,1.000000,-0.600000,-0.999996,0.718355,-0.600000,0.600000,-0.600000,0.999996,-0.600000,-0.600000,0.600000,0.600000,-0.958291,-0.391848,0.600000,-0.600000,0.600000,0.600000,-0.600000,0.001505,-0.600000,-0.600000,0.600000,-0.600000,0.600000,-0.600000,-0.600000,-0.600000,-0.600000,-0.600000,1.000000,-0.600000,0.600000,-0.600000,-0.600000,0.600000,0.600000,-0.600000,-0.600000,-0.600000,-0.600000,-0.600000,0.600000,-0.600000,-0.600000,-0.600000,-0.600000,-0.600000,0.600000,0.600000,0.600000,0.600000,-0.600000,-0.600000,0.600000,-0.600000,-0.600000,-0.600000,-0.600000,-0.600000,-0.600000,-0.600000,-0.600000,0.600000,-0.600000,-0.600000,-0.600000,-0.600000,-0.600000,-0.600000
132,-0.600000,0.600000,1.000000,-0.600000,-0.999996,0.720378,-0.600000,0.600000,-0.600000,0.999996,-0.600000,-0.600000,0.600000,0.600000,-0.958691,-0.389466,0.600000,-0.600000,0.600000,0.600000,-0.600000,0.001454,-0.600000,-0.600000,0.600000,-0.600000,0.600000,-0.600000,-0.600000,-0.600000,-0.600000,-0.600000,1.000000,-0.600000,0.600000,-0.600000,-0.600000,0.600000,0.600000,-0.600000,-0.600000,-0.600000,-0.600000,-0.600000,0.600000,-0.600000,-0.600000,-0.600000,-0.600000,-0.600000,0.600000,0.600000,0.600000,0.600000,-0.600000,-0.600000,0.600000,-0.600000,-0.600000,-0.600000,-0.600000,-0.600000,-0.600000,-0.600000,-0.600000,0.600000,-0.600000,-0.600000,-0.600000,-0.600000,-0.600000,-0.600000
133,-0.600000,0.600000,1.000000,-0.600000,-0.999996,0.722393,-0.600000,0.600000,-0.600000,0.999996,-0.600000,-0.600000,0.600000,0.600000,-0.959479,-0.387090,0.600000,-0.600000,0.600000,0.600000,-0.600000,0.001389,-0.600000,-0.600000,0.600000,-0.600000,0.600000,-0.600000,-0.600000,-0.600000,-0.600000,-0.600000,1.000000,-0.600000,0.600000,-0.600000,-0.600000,0.600000,0.600000,-0.600000,-0.600000,-0.600000,-0.600000,-0.600000,0.600000,-0.600000,-0.600000,-0.600000,-0.600000,-0.600000,0.600000,0.600000,0.600000,0.600000,-0.600000,-0.600000,0.600000,-0.600000,-0.600000,-0.600000,-0.600000,-0.600000,-0.600000,-0.600000,-0.600000,0.600000,-0.600000,-0.600000,-0.600000,-0.600000,-0.600000,-0.600000
134,-0.600000,0.600000,1.000000,-0.600000,-0.999997,0.722393,-0.600000,0.600000,-0.600000,0.999997,-0.600000,-0.600000,0.600000,0.600000,-0.959868,-0.385903,0.600000,-0.600000,0.600000,0.600000,-0.600000,0.001315,-0.600000,-0.600000,0.600000,-0.600000,0.600000,-0.600000,-0.600000,-0.600000,-0.600000,-0.600000,1.000000,-0.600000,0.600000,-0.600000,-0.600000,0.600000,0.600000,-0.600000,-0.600000,-0.600000,-0.600000,-0.600000,0.600000,-0.600000,-0.600000,-0.600000,-0.600000,-0.600000,0.600000,0.600000,0.600000,0.600000,-0.600000,-0.600000,0.600000,-0.600000,-0.600000,-0.600000,-0.600000,-0.600000,-0.600000,-0.600000,-0.600000,0.600000,-0.600000,-0.600000,-0.600000,-0.600000,-0.600000,-0.600000
