tick,food_sensed_N,food_sensed_E,food_sensed_S,food_sensed_W,movement,food_consumed,energy,manhattan_dist,decision_made,conn_0_1,conn_0_2,conn_0_4,conn_0_5,conn_0_6,conn_0_8,conn_0_9,conn_1_0,conn_1_1,conn_1_3,conn_1_4,conn_1_7,conn_1_8,conn_2_0,conn_2_1,conn_2_3,conn_2_8,conn_2_9,conn_3_0,conn_3_2,conn_3_3,conn_3_4,conn_3_7,conn_3_8,conn_3_9,conn_3_10,conn_4_0,conn_4_3,conn_4_4,conn_4_6,conn_4_9,conn_4_10,conn_5_2,conn_5_4,conn_5_5,conn_5_6,conn_6_0,conn_6_3,conn_6_4,conn_6_5,conn_6_6,conn_6_7,conn_6_8,conn_6_10,conn_7_1,conn_7_3,conn_7_5,conn_7_7,conn_7_8,conn_7_9,conn_8_1,conn_8_2,conn_8_4,conn_8_8,conn_8_9,conn_8_10,conn_9_0,conn_9_1,conn_9_3,conn_9_6,conn_9_7,conn_9_8,conn_9_9,conn_9_10,conn_10_1,conn_10_2,conn_10_4,conn_10_5,conn_10_6,conn_10_7,conn_10_8,conn_10_10
0,0,0,0,0,stay,0,30,0,0,-0.600000,-0.600000,-0.600000,1.000000,0.600000,-0.600000,-0.600000,0.600000,0.600000,0.600000,-0.600000,-0.600000,0.600000,-0.600000,-0.600000,-0.600000,-0.600000,0.600000,-0.600000,0.600000,0.600000,-0.600000,0.600000,-0.600000,0.600000,-0.600000,-0.600000,0.600000,-0.600000,-0.600000,0.600000,-0.600000,-0.600000,-0.600000,-0.600000,-0.600000,-0.600000,-0.600000,-0.600000,0.600000,-0.600000,0.600000,-0.600000,-0.600000,-0.600000,-0.600000,0.600000,0.600000,-0.600000,-0.600000,-0.600000,0.600000,-0.600000,-0.600000,0.600000,0.600000,-0.600000,-0.600000,-0.600000,-0.600000,-0.600000,-0.600000,-0.600000,0.600000,0.600000,0.600000,-0.600000,0.600000,-0.600000,-0.600000,-0.600000,-0.600000
1,0,0,0,0,stay,0,29,0,1,-0.590367,-0.611944,-0.600000,1.000000,0.600000,-0.600000,-0.584311,0.608374,0.600000,0.600000,-0.600000,-0.600000,0.600000,-0.611944,-0.600000,-0.600000,-0.600000,0.600000,-0.600000,0.587948,0.600000,-0.587948,0.590367,-0.600000,0.600000,-0.600000,-0.600000,0.600000,-0.605988,-0.600000,0.600000,-0.600000,-0.600000,-0.592795,-0.600000,-0.605988,-0.600000,-0.600000,-0.600000,0.600000,-0.600000,0.600000,-0.600000,-0.585524,-0.590367,-0.600000,0.584311,0.600000,-0.600000,-0.617874,-0.600000,0.600000,-0.590367,-0.600000,0.600000,0.600000,-0.600000,-0.600000,-0.600000,-0.591575,-0.592786,-0.584311,-0.584311,0.600000,0.600000,0.600000,-0.600000,0.600000,-0.600000,-0.600000,-0.600000,-0.600000
2,0,0,0,0,stay,0,28,0,1,-0.578228,-0.621405,-0.600000,1.000000,0.600000,-0.597599,-0.569673,0.619048,0.600000,0.602399,-0.600000,-0.597599,0.602399,-0.621405,-0.600000,-0.600000,-0.600000,0.602399,-0.600000,0.575790,0.600000,-0.580665,0.578228,-0.600000,0.600000,-0.602399,-0.600000,0.597599,-0.613131,-0.600000,0.600000,-0.598800,-0.598800,-0.580686,-0.600000,-0.613131,-0.598800,-0.600000,-0.600000,0.600000,-0.600000,0.600000,-0.602399,-0.569673,-0.579448,-0.598800,0.569673,0.601200,-0.601200,-0.634274,-0.600000,0.600000,-0.578228,-0.600000,0.600000,0.600000,-0.600000,-0.600000,-0.602399,-0.585525,-0.587956,-0.569673,-0.569673,0.597599,0.602399,0.600000,-0.600000,0.601200,-0.597599,-0.600000,-0.600000,-0.597599
3,0,0,0,0,stay,0,27,0,1,-0.567221,-0.631939,-0.600000,1.000000,0.600000,-0.596396,-0.553677,0.630776,0.600000,0.604793,-0.600000,-0.595193,0.603596,-0.631939,-0.600000,-0.600000,-0.600000,0.603596,-0.600000,0.563537,0.600000,-0.572124,0.567221,-0.600000,0.600000,-0.604793,-0.600000,0.595193,-0.619048,-0.600000,0.600000,-0.597599,-0.597599,-0.573376,-0.600000,-0.619048,-0.598800,-0.600000,-0.600000,0.600000,-0.600000,0.600000,-0.604793,-0.553677,-0.569675,-0.598800,0.553677,0.602399,-0.602399,-0.650370,-0.600000,0.600000,-0.567221,-0.600000,0.600000,0.600000,-0.600000,-0.600000,-0.604793,-0.577011,-0.583108,-0.553677,-0.553677,0.596396,0.604793,0.600000,-0.600000,0.601200,-0.596396,-0.600000,-0.600000,-0.596396
4,0,0,0,0,stay,0,26,0,1,-0.557380,-0.640047,-0.600000,1.000000,0.600000,-0.593988,-0.535082,0.644648,0.600000,0.609565,-0.600000,-0.590367,0.605988,-0.640047,-0.600000,-0.600000,-0.601200,0.605988,-0.600000,0.553679,0.600000,-0.568452,0.557380,-0.600000,0.600000,-0.609565,-0.600000,0.590367,-0.626101,-0.600000,0.598800,-0.596396,-0.596396,-0.566029,-0.600000,-0.626101,-0.597599,-0.600000,-0.600000,0.600000,-0.600000,0.600000,-0.609565,-0.536325,-0.562309,-0.598800,0.536324,0.603596,-0.603596,-0.665016,-0.600000,0.600000,-0.557380,-0.600000,0.600000,0.600000,-0.600000,-0.600000,-0.609565,-0.568451,-0.577025,-0.536324,-0.536324,0.593988,0.609565,0.600000,-0.600000,0.601200,-0.593988,-0.600000,-0.600000,-0.593988
5,0,0,0,0,W,0,24,1,1,-0.547493,-0.648076,-0.600000,1.000000,0.600000,-0.593988,-0.517634,0.652630,0.600000,0.609565,-0.600000,-0.590367,0.605988,-0.648076,-0.600000,-0.600000,-0.601200,0.605988,-0.600000,0.545016,0.600000,-0.559849,0.547493,-0.600000,0.600000,-0.609565,-0.600000,0.590367,-0.631939,-0.600000,0.598800,-0.596396,-0.596396,-0.558655,-0.600000,-0.631939,-0.597599,-0.600000,-0.600000,0.600000,-0.600000,0.600000,-0.609565,-0.521378,-0.552444,-0.598800,0.518882,0.603596,-0.603596,-0.678265,-0.600000,0.600000,-0.547493,-0.600000,0.600000,0.600000,-0.600000,-0.600000,-0.609565,-0.559848,-0.568467,-0.518882,-0.518882,0.593988,0.609565,0.600000,-0.600000,0.601200,-0.593988,-0.600000,-0.600000,-0.593988
6,0,0,1,0,S,0,22,2,1,-0.536324,-0.658277,-0.600000,1.000000,0.600000,-0.592782,-0.507642,0.679350,0.600000,0.627272,-0.600000,-0.572122,0.607182,-0.658277,-0.600000,-0.600000,-0.601200,0.607182,-0.600000,0.532595,0.600000,-0.567231,0.536324,-0.600000,0.600000,-0.627272,-0.600000,0.572122,-0.636581,-0.600000,0.598800,-0.595193,-0.595193,-0.547539,-0.600000,-0.636581,-0.597599,-0.600000,-0.600000,0.600000,-0.600000,0.600000,-0.627272,-0.505143,-0.542538,-0.592782,0.508891,0.604793,-0.604793,-0.692299,-0.600000,0.600000,-0.536324,-0.600000,0.600000,0.600000,-0.600000,-0.600000,-0.627272,-0.556151,-0.570924,-0.508891,-0.508891,0.592782,0.627272,0.600000,-0.600000,0.607182,-0.592782,-0.600000,-0.600000,-0.592782
7,0,0,1,0,stay,0,21,2,1,-0.526366,-0.669443,-0.600000,1.000000,0.600000,-0.592782,-0.493893,0.702859,0.600000,0.640047,-0.600000,-0.558612,0.607182,-0.669443,-0.600000,-0.600000,-0.601200,0.607182,-0.600000,0.520132,0.600000,-0.568462,0.526366,-0.600000,0.600000,-0.640047,-0.600000,0.558612,-0.640047,-0.600000,0.598800,-0.595193,-0.595193,-0.546306,-0.600000,-0.640047,-0.597599,-0.600000,-0.600000,0.600000,-0.600000,0.600000,-0.640047,-0.487645,-0.532596,-0.591575,0.495142,0.604793,-0.604793,-0.705990,-0.600000,0.600000,-0.526366,-0.600000,0.600000,0.600000,-0.600000,-0.600000,-0.640047,-0.543780,-0.570930,-0.495142,-0.495142,0.592782,0.640047,0.600000,-0.600000,0.608374,-0.592782,-0.600000,-0.600000,-0.592782
8,0,0,0,0,W,0,19,3,1,-0.515137,-0.677148,-0.600000,1.000000,0.600000,-0.590367,-0.477656,0.715253,0.600000,0.644645,-0.600000,-0.553677,0.609565,-0.677148,-0.600000,-0.600000,-0.601200,0.609565,-0.600000,0.508892,0.600000,-0.564781,0.515137,-0.600000,0.600000,-0.644645,-0.600000,0.553677,-0.646934,-0.600000,0.598800,-0.592782,-0.592782,-0.537624,-0.600000,-0.646934,-0.597599,-0.600000,-0.600000,0.600000,-0.600000,0.600000,-0.644645,-0.470176,-0.523876,-0.591575,0.478903,0.607182,-0.607182,-0.719317,-0.600000,0.600000,-0.515137,-0.600000,0.600000,0.600000,-0.600000,-0.600000,-0.644645,-0.536331,-0.567256,-0.478903,-0.478903,0.590367,0.644645,0.600000,-0.600000,0.608374,-0.590367,-0.600000,-0.600000,-0.590367
9,0,0,0,0,W,0,17,4,1,-0.503892,-0.686916,-0.600000,1.000000,0.600000,-0.587948,-0.461465,0.725339,0.600000,0.649216,-0.600000,-0.548731,0.611944,-0.686916,-0.600000,-0.600000,-0.601200,0.611944,-0.600000,0.495144,0.600000,-0.558630,0.503892,-0.600000,0.600000,-0.649216,-0.600000,0.548731,-0.654892,-0.600000,0.598800,-0.590367,-0.590367,-0.523932,-0.600000,-0.654892,-0.597599,-0.600000,-0.600000,0.600000,-0.600000,0.600000,-0.649216,-0.454018,-0.515141,-0.590367,0.462708,0.609565,-0.609565,-0.735206,-0.600000,0.600000,-0.503892,-0.600000,0.600000,0.600000,-0.600000,-0.600000,-0.649216,-0.532600,-0.561114,-0.462708,-0.462708,0.587948,0.649216,0.600000,-0.600000,0.609565,-0.587948,-0.600000,-0.600000,-0.587948
10,0,0,0,0,stay,0,16,4,1,-0.497642,-0.693337,-0.600000,1.000000,0.600000,-0.587948,-0.450301,0.731281,0.600000,0.649216,-0.600000,-0.548731,0.611944,-0.693337,-0.600000,-0.600000,-0.601200,0.611944,-0.600000,0.487646,0.600000,-0.551223,0.497642,-0.600000,0.600000,-0.649216,-0.600000,0.548731,-0.656023,-0.600000,0.598800,-0.590367,-0.590367,-0.523934,-0.600000,-0.656023,-0.597599,-0.600000,-0.600000,0.600000,-0.600000,0.600000,-0.649216,-0.445354,-0.508895,-0.590367,0.451539,0.609565,-0.609565,-0.741974,-0.600000,0.600000,-0.497642,-0.600000,0.600000,0.600000,-0.600000,-0.600000,-0.649216,-0.525126,-0.557419,-0.451539,-0.451539,0.587948,0.649216,0.600000,-0.600000,0.609565,-0.587948,-0.600000,-0.600000,-0.587948
11,0,0,1,1,W,0,14,5,1,-0.488893,-0.700735,-0.600000,1.000000,0.600000,-0.587948,-0.440418,0.754244,0.600000,0.667225,-0.600000,-0.528858,0.611944,-0.700735,-0.600000,-0.600000,-0.601200,0.611944,-0.600000,0.478905,0.600000,-0.562331,0.488893,-0.600000,0.600000,-0.667225,-0.600000,0.528858,-0.663883,-0.600000,0.598800,-0.590367,-0.590367,-0.513951,-0.600000,-0.663883,-0.597599,-0.600000,-0.600000,0.600000,-0.600000,0.600000,-0.667225,-0.426904,-0.500147,-0.587948,0.441650,0.609565,-0.609565,-0.755175,-0.600000,0.600000,-0.488893,-0.600000,0.600000,0.600000,-0.600000,-0.600000,-0.667225,-0.517641,-0.557423,-0.441650,-0.441650,0.587948,0.667225,0.600000,-0.600000,0.611944,-0.587948,-0.600000,-0.600000,-0.587948
12,1,0,1,0,W,0,12,6,1,-0.477656,-0.704917,-0.600000,1.000000,0.600000,-0.577009,-0.431807,0.773220,0.600000,0.683678,-0.600000,-0.510140,0.622581,-0.704917,-0.600000,-0.600000,-0.602399,0.622581,-0.600000,0.463953,0.600000,-0.575823,0.477656,-0.600000,0.600000,-0.683678,-0.600000,0.510140,-0.677148,-0.600000,0.597599,-0.590367,-0.590367,-0.495206,-0.600000,-0.677148,-0.586737,-0.600000,-0.600000,0.600000,-0.600000,0.600000,-0.683678,-0.405031,-0.490148,-0.587948,0.434264,0.609565,-0.609565,-0.769688,-0.600000,0.600000,-0.477656,-0.600000,0.600000,0.600000,-0.600000,-0.600000,-0.683678,-0.510148,-0.557426,-0.434264,-0.434264,0.577009,0.683678,0.600000,-0.600000,0.611944,-0.577009,-0.600000,-0.600000,-0.577009
13,1,0,1,0,stay,1,29,6,1,-0.471421,-0.710096,-0.600000,1.000000,0.600000,-0.575789,-0.423238,0.791972,0.600000,0.698632,-0.600000,-0.492642,0.623756,-0.710096,-0.600000,-0.600000,-0.603596,0.623756,-0.600000,0.457740,0.600000,-0.586779,0.471421,-0.600000,0.600000,-0.698632,-0.600000,0.492642,-0.689064,-0.600000,0.596396,-0.590367,-0.590367,-0.485209,-0.600000,-0.689064,-0.585524,-0.600000,-0.600000,0.600000,-0.600000,0.600000,-0.698632,-0.382341,-0.485150,-0.587948,0.426906,0.609565,-0.609565,-0.783593,-0.600000,0.600000,-0.471421,-0.600000,0.600000,0.600000,-0.600000,-0.600000,-0.698632,-0.500149,-0.559894,-0.426906,-0.426906,0.575789,0.698632,0.600000,-0.600000,0.611944,-0.575789,-0.600000,-0.600000,-0.575789
14,0,0,0,0,W,0,27,7,1,-0.460222,-0.718269,-0.600000,1.000000,0.600000,-0.574567,-0.408657,0.802498,0.600000,0.702830,-0.600000,-0.487644,0.624929,-0.718269,-0.600000,-0.600000,-0.603596,0.624929,-0.600000,0.446591,0.600000,-0.581926,0.460222,-0.600000,0.600000,-0.702830,-0.600000,0.487644,-0.696520,-0.600000,0.596396,-0.589158,-0.589158,-0.476469,-0.600000,-0.696520,-0.585524,-0.600000,-0.600000,0.600000,-0.600000,0.600000,-0.702830,-0.363621,-0.475165,-0.587948,0.412289,0.610755,-0.610755,-0.796068,-0.600000,0.600000,-0.460222,-0.600000,0.600000,0.600000,-0.600000,-0.600000,-0.702830,-0.490150,-0.557434,-0.412289,-0.412289,0.574567,0.702830,0.600000,-0.600000,0.611944,-0.574567,-0.600000,-0.600000,-0.574567
15,0,0,0,0,W,0,25,8,1,-0.451539,-0.724306,-0.600000,1.000000,0.600000,-0.573345,-0.396625,0.807997,0.600000,0.704917,-0.600000,-0.485146,0.626101,-0.724306,-0.600000,-0.600000,-0.603596,0.626101,-0.600000,0.437955,0.600000,-0.577055,0.451539,-0.600000,0.600000,-0.704917,-0.600000,0.485146,-0.699685,-0.600000,0.596396,-0.587948,-0.587948,-0.470234,-0.600000,-0.699685,-0.585524,-0.600000,-0.600000,0.600000,-0.600000,0.600000,-0.704917,-0.354410,-0.467688,-0.587948,0.400224,0.611944,-0.611944,-0.803289,-0.600000,0.600000,-0.451539,-0.600000,0.600000,0.600000,-0.600000,-0.600000,-0.704917,-0.485153,-0.552497,-0.400224,-0.400224,0.573345,0.704917,0.600000,-0.600000,0.611944,-0.573345,-0.600000,-0.600000,-0.573345
16,0,0,0,0,stay,0,24,8,1,-0.445354,-0.728287,-0.600000,1.000000,0.600000,-0.573345,-0.387088,0.811851,0.600000,0.704917,-0.600000,-0.485146,0.626101,-0.728287,-0.600000,-0.600000,-0.603596,0.626101,-0.600000,0.433037,0.600000,-0.572169,0.445354,-0.600000,0.600000,-0.704917,-0.600000,0.485146,-0.701784,-0.600000,0.596396,-0.587948,-0.587948,-0.467740,-0.600000,-0.701784,-0.585524,-0.600000,-0.600000,0.600000,-0.600000,0.600000,-0.704917,-0.346438,-0.461469,-0.587948,0.390656,0.611944,-0.611944,-0.807998,-0.600000,0.600000,-0.445354,-0.600000,0.600000,0.600000,-0.600000,-0.600000,-0.704917,-0.478911,-0.548788,-0.390656,-0.390656,0.573345,0.704917,0.600000,-0.600000,0.611944,-0.573345,-0.600000,-0.600000,-0.573345
17,0,0,0,0,stay,0,23,8,1,-0.436723,-0.737110,-0.600000,1.000000,0.600000,-0.572122,-0.370608,0.820124,0.600000,0.706995,-0.600000,-0.482648,0.627272,-0.737110,-0.600000,-0.600000,-0.603596,0.627272,-0.600000,0.420800,0.600000,-0.563584,0.436723,-0.600000,0.600000,-0.706995,-0.600000,0.482648,-0.706995,-0.600000,0.596396,-0.586737,-0.586737,-0.464003,-0.600000,-0.706995,-0.585524,-0.600000,-0.600000,0.600000,-0.600000,0.600000,-0.706995,-0.330751,-0.454020,-0.587948,0.374117,0.613131,-0.613131,-0.818648,-0.600000,0.600000,-0.436723,-0.600000,0.600000,0.600000,-0.600000,-0.600000,-0.706995,-0.468937,-0.543834,-0.374117,-0.374117,0.572122,0.706995,0.600000,-0.600000,0.611944,-0.572122,-0.600000,-0.600000,-0.572122
18,0,0,0,0,E,0,21,7,1,-0.425683,-0.744796,-0.600000,1.000000,0.600000,-0.570898,-0.355568,0.828110,0.600000,0.709064,-0.600000,-0.480151,0.628441,-0.744796,-0.600000,-0.600000,-0.603596,0.628441,-0.600000,0.409868,0.600000,-0.556195,0.425683,-0.600000,0.600000,-0.709064,-0.600000,0.480151,-0.714200,-0.600000,0.596396,-0.585524,-0.585524,-0.455303,-0.600000,-0.714200,-0.585524,-0.600000,-0.600000,0.600000,-0.600000,0.600000,-0.709064,-0.313271,-0.444121,-0.587948,0.359016,0.614317,-0.614317,-0.829544,-0.600000,0.600000,-0.425683,-0.600000,0.600000,0.600000,-0.600000,-0.600000,-0.709064,-0.458987,-0.540114,-0.359016,-0.359016,0.570898,0.709064,0.600000,-0.600000,0.611944,-0.570898,-0.600000,-0.600000,-0.570898
19,0,0,0,0,W,0,19,8,1,-0.417146,-0.751400,-0.600000,1.000000,0.600000,-0.569673,-0.341931,0.835125,0.600000,0.711125,-0.600000,-0.477656,0.629608,-0.751400,-0.600000,-0.600000,-0.603596,0.629608,-0.600000,0.400225,0.600000,-0.550017,0.417146,-0.600000,0.600000,-0.711125,-0.600000,0.477656,-0.718269,-0.600000,0.596396,-0.584311,-0.584311,-0.451579,-0.600000,-0.718269,-0.585524,-0.600000,-0.600000,0.600000,-0.600000,0.600000,-0.711125,-0.300498,-0.436725,-0.587948,0.345318,0.615502,-0.615502,-0.837198,-0.600000,0.600000,-0.417146,-0.600000,0.600000,0.600000,-0.600000,-0.600000,-0.711125,-0.450306,-0.536389,-0.345318,-0.345318,0.569673,0.711125,0.600000,-0.600000,0.611944,-0.569673,-0.600000,-0.600000,-0.569673
20,0,0,0,0,W,0,17,9,1,-0.406242,-0.759721,-0.600000,1.000000,0.600000,-0.567221,-0.326346,0.842576,0.600000,0.715220,-0.600000,-0.472667,0.631939,-0.759721,-0.600000,-0.600000,-0.603596,0.631939,-0.600000,0.387091,0.600000,-0.543825,0.406242,-0.600000,0.600000,-0.715220,-0.600000,0.472667,-0.725305,-0.600000,0.596396,-0.581881,-0.581881,-0.440453,-0.600000,-0.725305,-0.585524,-0.600000,-0.600000,0.600000,-0.600000,0.600000,-0.715220,-0.285975,-0.428131,-0.587948,0.329656,0.617867,-0.617867,-0.847836,-0.600000,0.600000,-0.406242,-0.600000,0.600000,0.600000,-0.600000,-0.600000,-0.715220,-0.444123,-0.530169,-0.329656,-0.329656,0.567221,0.715220,0.600000,-0.600000,0.611944,-0.567221,-0.600000,-0.600000,-0.567221
21,0,0,0,0,stay,0,16,9,1,-0.397824,-0.766956,-0.600000,1.000000,0.600000,-0.565994,-0.311134,0.849108,0.600000,0.717255,-0.600000,-0.470175,0.633102,-0.766956,-0.600000,-0.600000,-0.603596,0.633102,-0.600000,0.376464,0.600000,-0.536376,0.397824,-0.600000,0.600000,-0.717255,-0.600000,0.470175,-0.733211,-0.600000,0.596396,-0.580664,-0.580664,-0.431836,-0.600000,-0.733211,-0.585524,-0.600000,-0.600000,0.600000,-0.600000,0.600000,-0.717255,-0.269901,-0.420798,-0.587948,0.314362,0.619048,-0.619048,-0.857898,-0.600000,0.600000,-0.397824,-0.600000,0.600000,0.600000,-0.600000,-0.600000,-0.717255,-0.435497,-0.523939,-0.314362,-0.314362,0.565994,0.717255,0.600000,-0.600000,0.611944,-0.565994,-0.600000,-0.600000,-0.565994
22,0,0,0,0,W,0,14,10,1,-0.390656,-0.772282,-0.600000,1.000000,0.600000,-0.565994,-0.301563,0.851657,0.600000,0.717255,-0.600000,-0.470175,0.633102,-0.772282,-0.600000,-0.600000,-0.603596,0.633102,-0.600000,0.369444,0.600000,-0.528909,0.390656,-0.600000,0.600000,-0.717255,-0.600000,0.470175,-0.738079,-0.600000,0.596396,-0.580664,-0.580664,-0.423261,-0.600000,-0.738079,-0.585524,-0.600000,-0.600000,0.600000,-0.600000,0.600000,-0.717255,-0.261114,-0.413501,-0.587948,0.304736,0.619048,-0.619048,-0.864493,-0.600000,0.600000,-0.390656,-0.600000,0.600000,0.600000,-0.600000,-0.600000,-0.717255,-0.430585,-0.517701,-0.304736,-0.304736,0.565994,0.717255,0.600000,-0.600000,0.611944,-0.565994,-0.600000,-0.600000,-0.565994
23,0,0,0,0,stay,0,13,10,1,-0.379992,-0.780109,-0.600000,1.000000,0.600000,-0.564765,-0.285990,0.858486,0.600000,0.719281,-0.600000,-0.467684,0.634263,-0.780109,-0.600000,-0.600000,-0.603596,0.634263,-0.600000,0.357866,0.600000,-0.520182,0.379992,-0.600000,0.600000,-0.719281,-0.600000,0.467684,-0.740971,-0.600000,0.596396,-0.579447,-0.579447,-0.419592,-0.600000,-0.740971,-0.585524,-0.600000,-0.600000,0.600000,-0.600000,0.600000,-0.719281,-0.249691,-0.403830,-0.587948,0.289067,0.620227,-0.620227,-0.871383,-0.600000,0.600000,-0.379992,-0.600000,0.600000,0.600000,-0.600000,-0.600000,-0.719281,-0.420802,-0.511458,-0.289067,-0.289067,0.564765,0.719281,0.600000,-0.600000,0.611944,-0.564765,-0.600000,-0.600000,-0.564765
24,0,0,0,1,W,0,11,11,1,-0.369443,-0.786063,-0.600000,1.000000,0.600000,-0.563536,-0.271897,0.865637,0.600000,0.723306,-0.600000,-0.457739,0.630781,-0.786063,-0.600000,-0.600000,-0.604793,0.635423,-0.600000,0.349856,0.600000,-0.516438,0.369443,-0.600000,0.600000,-0.719290,-0.600000,0.462708,-0.752334,-0.600000,0.595193,-0.579447,-0.579447,-0.402631,-0.600000,-0.752334,-0.584311,-0.600000,-0.600000,0.600000,-0.595193,0.600000,-0.723306,-0.231394,-0.399020,-0.586737,0.275880,0.620227,-0.620227,-0.883775,-0.604793,0.600000,-0.374114,-0.600000,0.600000,0.600000,-0.600000,-0.600000,-0.719290,-0.412292,-0.505210,-0.275880,-0.275880,0.563536,0.723306,0.600000,-0.600000,0.613131,-0.563536,-0.600000,-0.600000,-0.563536
25,0,0,0,0,E,0,9,10,1,-0.359016,-0.790243,-0.600000,1.000000,0.600000,-0.559845,-0.259207,0.871359,0.600000,0.728287,-0.600000,-0.451539,0.634269,-0.790243,-0.600000,-0.600000,-0.605988,0.638893,-0.600000,0.341930,0.600000,-0.516439,0.359016,-0.600000,0.600000,-0.724315,-0.600000,0.456497,-0.761544,-0.600000,0.593988,-0.578228,-0.578228,-0.384713,-0.600000,-0.761544,-0.581881,-0.600000,-0.600000,0.600000,-0.595193,0.600000,-0.728287,-0.218302,-0.390651,-0.585524,0.264043,0.621405,-0.621405,-0.891281,-0.604793,0.600000,-0.363631,-0.600000,0.600000,0.600000,-0.600000,-0.600000,-0.724315,-0.408660,-0.497710,-0.264043,-0.264043,0.559845,0.728287,0.600000,-0.600000,0.614317,-0.559845,-0.600000,-0.600000,-0.559845
26,0,0,0,1,W,0,7,11,1,-0.348720,-0.797615,-0.600000,1.000000,0.600000,-0.558612,-0.245977,0.879022,0.600000,0.731248,-0.600000,-0.441650,0.629622,-0.797615,-0.600000,-0.600000,-0.605988,0.640047,-0.600000,0.330761,0.600000,-0.508945,0.348720,-0.600000,0.600000,-0.722323,-0.600000,0.452778,-0.767850,-0.600000,0.593988,-0.577009,-0.577009,-0.378800,-0.600000,-0.767850,-0.581881,-0.600000,-0.600000,0.600000,-0.589158,0.600000,-0.731248,-0.203303,-0.387079,-0.585524,0.250650,0.622581,-0.622581,-0.901075,-0.610755,0.600000,-0.359008,-0.600000,0.600000,0.600000,-0.600000,-0.600000,-0.722323,-0.396627,-0.495210,-0.250650,-0.250650,0.558612,0.731248,0.600000,-0.600000,0.614317,-0.558612,-0.600000,-0.600000,-0.558612
27,0,0,0,1,stay,0,6,11,1,-0.341932,-0.804005,-0.600000,1.000000,0.600000,-0.558612,-0.235907,0.882702,0.600000,0.731248,-0.600000,-0.439185,0.627289,-0.804005,-0.600000,-0.600000,-0.605988,0.640047,-0.600000,0.321960,0.600000,-0.498946,0.341932,-0.600000,0.600000,-0.720315,-0.600000,0.452778,-0.770516,-0.600000,0.593988,-0.577009,-0.577009,-0.376436,-0.600000,-0.770516,-0.581881,-0.600000,-0.600000,0.600000,-0.586737,0.600000,-0.731248,-0.195310,-0.382341,-0.585524,0.240450,0.622581,-0.622581,-0.906738,-0.613131,0.600000,-0.354414,-0.600000,0.600000,0.600000,-0.600000,-0.600000,-0.720315,-0.388278,-0.490211,-0.240450,-0.240450,0.558612,0.731248,0.600000,-0.600000,0.614317,-0.558612,-0.600000,-0.600000,-0.558612
28,0,0,0,0,W,0,4,12,1,-0.334095,-0.804005,-0.600000,1.000000,0.600000,-0.546254,-0.229648,0.883219,0.600000,0.731248,-0.600000,-0.437954,0.637756,-0.804005,-0.600000,-0.600000,-0.605988,0.651492,-0.600000,0.311133,0.600000,-0.498946,0.334095,-0.600000,0.600000,-0.719308,-0.600000,0.452778,-0.771400,-0.600000,0.593988,-0.575789,-0.575789,-0.368252,-0.600000,-0.771400,-0.570898,-0.600000,-0.600000,0.600000,-0.585524,0.600000,-0.731248,-0.193739,-0.376448,-0.585524,0.234107,0.623756,-0.623756,-0.907582,-0.614317,0.600000,-0.347573,-0.600000,0.600000,0.600000,-0.600000,-0.600000,-0.719308,-0.388277,-0.483964,-0.234107,-0.234107,0.546254,0.731248,0.600000,-0.600000,0.614317,-0.546254,-0.600000,-0.600000,-0.546254
29,0,0,0,0,stay,1,29,12,1,-0.324151,-0.809470,-0.600000,1.000000,0.600000,-0.543775,-0.217483,0.887290,0.600000,0.733211,-0.600000,-0.435493,0.640065,-0.809470,-0.600000,-0.600000,-0.607182,0.653761,-0.600000,0.302615,0.600000,-0.492696,0.324151,-0.600000,0.600000,-0.721324,-0.600000,0.450300,-0.779249,-0.600000,0.592782,-0.575789,-0.575789,-0.353244,-0.600000,-0.779249,-0.568448,-0.600000,-0.600000,0.600000,-0.585524,0.600000,-0.733211,-0.182267,-0.367101,-0.584311,0.222639,0.623756,-0.623756,-0.914098,-0.614317,0.600000,-0.337432,-0.600000,0.600000,0.600000,-0.600000,-0.600000,-0.721324,-0.382352,-0.475228,-0.222639,-0.222639,0.543775,0.733211,0.600000,-0.600000,0.615502,-0.543775,-0.600000,-0.600000,-0.543775
30,0,0,0,0,stay,0,28,12,1,-0.317607,-0.814061,-0.600000,1.000000,0.600000,-0.542534,-0.209082,0.890752,0.600000,0.735165,-0.600000,-0.433035,0.641217,-0.814061,-0.600000,-0.600000,-0.607182,0.654892,-0.600000,0.295271,0.600000,-0.487698,0.317607,-0.600000,0.600000,-0.723332,-0.600000,0.447826,-0.785219,-0.600000,0.592782,-0.575789,-0.575789,-0.344143,-0.600000,-0.785219,-0.567221,-0.600000,-0.600000,0.600000,-0.585524,0.600000,-0.735165,-0.173478,-0.360154,-0.584311,0.214094,0.623756,-0.623756,-0.919086,-0.614317,0.600000,-0.330752,-0.600000,0.600000,0.600000,-0.600000,-0.600000,-0.723332,-0.376462,-0.468996,-0.214094,-0.214094,0.542534,0.735165,0.600000,-0.600000,0.615502,-0.542534,-0.600000,-0.600000,-0.542534
31,0,0,0,0,W,0,26,13,1,-0.311135,-0.817821,-0.600000,1.000000,0.600000,-0.541293,-0.201727,0.892687,0.600000,0.735165,-0.600000,-0.433035,0.642367,-0.817821,-0.600000,-0.600000,-0.607182,0.656023,-0.600000,0.289060,0.600000,-0.481453,0.311135,-0.600000,0.600000,-0.723332,-0.600000,0.447826,-0.787742,-0.600000,0.592782,-0.575789,-0.575789,-0.338509,-0.600000,-0.787742,-0.565994,-0.600000,-0.600000,0.600000,-0.585524,0.600000,-0.735165,-0.168506,-0.353265,-0.584311,0.206609,0.623756,-0.623756,-0.922020,-0.614317,0.600000,-0.324140,-0.600000,0.600000,0.600000,-0.600000,-0.600000,-0.723332,-0.371776,-0.462773,-0.206609,-0.206609,0.541293,0.735165,0.600000,-0.600000,0.615502,-0.541293,-0.600000,-0.600000,-0.541293
32,0,0,0,0,stay,0,25,13,1,-0.304736,-0.820787,-0.600000,1.000000,0.600000,-0.540052,-0.194567,0.897394,0.600000,0.739045,-0.600000,-0.428130,0.643516,-0.820787,-0.600000,-0.600000,-0.607182,0.657151,-0.600000,0.283945,0.600000,-0.481452,0.304736,-0.600000,0.600000,-0.727321,-0.600000,0.442884,-0.793544,-0.600000,0.592782,-0.575789,-0.575789,-0.330694,-0.600000,-0.793544,-0.564765,-0.600000,-0.600000,0.600000,-0.585524,0.600000,-0.739045,-0.159577,-0.346436,-0.584311,0.199319,0.623756,-0.623756,-0.925896,-0.614317,0.600000,-0.317597,-0.600000,0.600000,0.600000,-0.600000,-0.600000,-0.727321,-0.364792,-0.459044,-0.199319,-0.199319,0.540052,0.739045,0.600000,-0.600000,0.615502,-0.540052,-0.600000,-0.600000,-0.540052
33,0,0,0,0,W,0,23,14,1,-0.296320,-0.826605,-0.600000,1.000000,0.600000,-0.538810,-0.184567,0.901918,0.600000,0.740971,-0.600000,-0.425683,0.644663,-0.826605,-0.600000,-0.600000,-0.607182,0.658277,-0.600000,0.274875,0.600000,-0.473966,0.296320,-0.600000,0.600000,-0.729302,-0.600000,0.440417,-0.799227,-0.600000,0.592782,-0.574567,-0.574567,-0.322968,-0.600000,-0.799227,-0.564765,-0.600000,-0.600000,0.600000,-0.585524,0.600000,-0.740971,-0.149755,-0.338547,-0.584311,0.189133,0.624929,-0.624929,-0.930896,-0.614317,0.600000,-0.308984,-0.600000,0.600000,0.600000,-0.600000,-0.600000,-0.729302,-0.356714,-0.454078,-0.189133,-0.189133,0.538810,0.740971,0.600000,-0.600000,0.615502,-0.538810,-0.600000,-0.600000,-0.538810
34,0,0,0,0,stay,0,22,14,1,-0.288039,-0.831572,-0.600000,1.000000,0.600000,-0.537567,-0.174969,0.906688,0.600000,0.742888,-0.600000,-0.423239,0.645808,-0.831572,-0.600000,-0.600000,-0.607182,0.659402,-0.600000,0.266965,0.600000,-0.467736,0.288039,-0.600000,0.600000,-0.731274,-0.600000,0.437954,-0.803215,-0.600000,0.592782,-0.574567,-0.574567,-0.318585,-0.600000,-0.803215,-0.563536,-0.600000,-0.600000,0.600000,-0.585524,0.600000,-0.742888,-0.141044,-0.329641,-0.584311,0.179350,0.624929,-0.624929,-0.934670,-0.614317,0.600000,-0.300501,-0.600000,0.600000,0.600000,-0.600000,-0.600000,-0.731274,-0.346448,-0.449121,-0.179350,-0.179350,0.537567,0.742888,0.600000,-0.600000,0.615502,-0.537567,-0.600000,-0.600000,-0.537567
35,0,0,0,0,stay,0,21,14,1,-0.280907,-0.836426,-0.600000,1.000000,0.600000,-0.535081,-0.164388,0.912058,0.600000,0.746695,-0.600000,-0.418362,0.648094,-0.836426,-0.600000,-0.600000,-0.607182,0.661646,-0.600000,0.258242,0.600000,-0.464002,0.280907,-0.600000,0.600000,-0.735191,-0.600000,0.433035,-0.808696,-0.600000,0.592782,-0.572122,-0.572122,-0.313166,-0.600000,-0.808696,-0.563536,-0.600000,-0.600000,0.600000,-0.585524,0.600000,-0.746695,-0.131608,-0.324132,-0.584311,0.168558,0.627272,-0.627272,-0.938828,-0.614317,0.600000,-0.293188,-0.600000,0.600000,0.600000,-0.600000,-0.600000,-0.735191,-0.338557,-0.444173,-0.168558,-0.168558,0.535081,0.746695,0.600000,-0.600000,0.615502,-0.535081,-0.600000,-0.600000,-0.535081
36,0,0,0,0,E,0,19,13,1,-0.275880,-0.839823,-0.600000,1.000000,0.600000,-0.533837,-0.158958,0.914441,0.600000,0.748584,-0.600000,-0.415930,0.649234,-0.839823,-0.600000,-0.600000,-0.607182,0.662766,-0.600000,0.252528,0.600000,-0.460272,0.275880,-0.600000,0.600000,-0.737135,-0.600000,0.430581,-0.811776,-0.600000,0.592782,-0.572122,-0.572122,-0.307797,-0.600000,-0.811776,-0.562307,-0.600000,-0.600000,0.600000,-0.585524,0.600000,-0.748584,-0.127096,-0.318674,-0.584311,0.163018,0.627272,-0.627272,-0.941371,-0.614317,0.600000,-0.288029,-0.600000,0.600000,0.600000,-0.600000,-0.600000,-0.737135,-0.334089,-0.439239,-0.163018,-0.163018,0.533837,0.748584,0.600000,-0.600000,0.615502,-0.533837,-0.600000,-0.600000,-0.533837
37,0,0,0,0,stay,0,18,13,1,-0.267952,-0.845140,-0.600000,1.000000,0.600000,-0.532593,-0.149806,0.918282,0.600000,0.750463,-0.600000,-0.413502,0.650373,-0.845140,-0.600000,-0.600000,-0.607182,0.663883,-0.600000,0.244118,0.600000,-0.452827,0.267952,-0.600000,0.600000,-0.739071,-0.600000,0.428130,-0.817074,-0.600000,0.592782,-0.570898,-0.570898,-0.300362,-0.600000,-0.817074,-0.562307,-0.600000,-0.600000,0.600000,-0.585524,0.600000,-0.750463,-0.118988,-0.311115,-0.584311,0.153675,0.628441,-0.628441,-0.945389,-0.614317,0.600000,-0.279888,-0.600000,0.600000,0.600000,-0.600000,-0.600000,-0.739071,-0.326340,-0.433086,-0.153675,-0.153675,0.532593,0.750463,0.600000,-0.600000,0.615502,-0.532593,-0.600000,-0.600000,-0.532593
38,0,0,0,0,stay,0,17,13,1,-0.259208,-0.849032,-0.600000,1.000000,0.600000,-0.530103,-0.141092,0.922685,0.600000,0.754195,-0.600000,-0.408658,0.652645,-0.849032,-0.600000,-0.600000,-0.607182,0.666113,-0.600000,0.236803,0.600000,-0.450348,0.259208,-0.600000,0.600000,-0.742914,-0.600000,0.423239,-0.822256,-0.600000,0.592782,-0.568448,-0.568448,-0.291995,-0.600000,-0.822256,-0.562307,-0.600000,-0.600000,0.600000,-0.585524,0.600000,-0.754195,-0.111334,-0.303653,-0.584311,0.144774,0.630774,-0.630774,-0.948660,-0.614317,0.600000,-0.270899,-0.600000,0.600000,0.600000,-0.600000,-0.600000,-0.742914,-0.319770,-0.428177,-0.144774,-0.144774,0.530103,0.754195,0.600000,-0.600000,0.615502,-0.530103,-0.600000,-0.600000,-0.530103
39,0,0,0,0,stay,0,16,13,1,-0.253482,-0.852844,-0.600000,1.000000,0.600000,-0.530103,-0.134546,0.925151,0.600000,0.754195,-0.600000,-0.408658,0.652645,-0.852844,-0.600000,-0.600000,-0.607182,0.666113,-0.600000,0.231417,0.600000,-0.442931,0.253482,-0.600000,0.600000,-0.742914,-0.600000,0.423239,-0.823715,-0.600000,0.592782,-0.567221,-0.567221,-0.290948,-0.600000,-0.823715,-0.563537,-0.600000,-0.600000,0.600000,-0.585524,0.600000,-0.754195,-0.106948,-0.298385,-0.584311,0.138085,0.631939,-0.631939,-0.950578,-0.614317,0.600000,-0.265007,-0.600000,0.600000,0.600000,-0.600000,-0.600000,-0.742914,-0.313272,-0.424506,-0.138085,-0.138085,0.530103,0.754195,0.600000,-0.600000,0.615502,-0.530103,-0.600000,-0.600000,-0.530103
40,0,0,0,0,stay,0,15,13,1,-0.248775,-0.855960,-0.600000,1.000000,0.600000,-0.528858,-0.127699,0.929212,0.600000,0.757888,-0.600000,-0.403831,0.653779,-0.855960,-0.600000,-0.600000,-0.607182,0.667225,-0.600000,0.226117,0.600000,-0.441695,0.248775,-0.600000,0.600000,-0.746720,-0.600000,0.418362,-0.826605,-0.600000,0.592782,-0.567221,-0.567221,-0.289902,-0.600000,-0.826605,-0.562307,-0.600000,-0.600000,0.600000,-0.585524,0.600000,-0.757888,-0.101339,-0.293173,-0.584311,0.131085,0.631939,-0.631939,-0.952655,-0.614317,0.600000,-0.260161,-0.600000,0.600000,0.600000,-0.600000,-0.600000,-0.746720,-0.304723,-0.419624,-0.131085,-0.131085,0.528858,0.757888,0.600000,-0.600000,0.615502,-0.528858,-0.600000,-0.600000,-0.528858
41,0,0,0,0,W,0,13,14,1,-0.244126,-0.859626,-0.600000,1.000000,0.600000,-0.527612,-0.122761,0.931805,0.600000,0.759721,-0.600000,-0.401425,0.654910,-0.859626,-0.600000,-0.600000,-0.607182,0.668335,-0.600000,0.220043,0.600000,-0.436767,0.244126,-0.600000,0.600000,-0.748609,-0.600000,0.415930,-0.828036,-0.600000,0.592782,-0.565994,-0.565994,-0.288859,-0.600000,-0.828036,-0.562307,-0.600000,-0.600000,0.600000,-0.585524,0.600000,-0.759721,-0.097746,-0.289039,-0.584311,0.126035,0.633102,-0.633102,-0.954431,-0.614317,0.600000,-0.255372,-0.600000,0.600000,0.600000,-0.600000,-0.600000,-0.748609,-0.299445,-0.417187,-0.126035,-0.126035,0.527612,0.759721,0.600000,-0.600000,0.615502,-0.527612,-0.600000,-0.600000,-0.527612
42,0,0,0,0,W,0,11,15,1,-0.235907,-0.864978,-0.600000,1.000000,0.600000,-0.527612,-0.114387,0.934309,0.600000,0.759721,-0.600000,-0.401425,0.654910,-0.864978,-0.600000,-0.600000,-0.607182,0.668335,-0.600000,0.212407,0.600000,-0.425726,0.235907,-0.600000,0.600000,-0.748609,-0.600000,0.415930,-0.834359,-0.600000,0.592782,-0.565994,-0.565994,-0.278663,-0.600000,-0.834359,-0.562307,-0.600000,-0.600000,0.600000,-0.585524,0.600000,-0.759721,-0.090483,-0.279870,-0.584311,0.117468,0.633102,-0.633102,-0.958202,-0.614317,0.600000,-0.246899,-0.600000,0.600000,0.600000,-0.600000,-0.600000,-0.748609,-0.291114,-0.407487,-0.117468,-0.117468,0.527612,0.759721,0.600000,-0.600000,0.615502,-0.527612,-0.600000,-0.600000,-0.527612
43,1,0,0,1,W,0,9,16,1,-0.227002,-0.869021,-0.600000,1.000000,0.600000,-0.523872,-0.107953,0.940486,0.600000,0.769630,-0.600000,-0.387090,0.657170,-0.869021,-0.600000,-0.600000,-0.608374,0.671654,-0.600000,0.204958,0.600000,-0.430619,0.227002,-0.600000,0.600000,-0.757915,-0.600000,0.402628,-0.847096,-0.600000,0.591575,-0.564765,-0.564765,-0.259937,-0.600000,-0.847096,-0.559846,-0.600000,-0.600000,0.600000,-0.584311,0.600000,-0.769630,-0.079203,-0.272857,-0.584311,0.111377,0.634263,-0.634263,-0.963304,-0.615502,0.600000,-0.238615,-0.600000,0.600000,0.600000,-0.600000,-0.600000,-0.757915,-0.281903,-0.406272,-0.111377,-0.111377,0.523872,0.769630,0.600000,-0.600000,0.615502,-0.523872,-0.600000,-0.600000,-0.523872
44,1,0,0,1,stay,0,8,16,1,-0.221774,-0.872404,-0.600000,1.000000,0.600000,-0.522625,-0.103687,0.945086,0.600000,0.776655,-0.600000,-0.377638,0.658297,-0.872404,-0.600000,-0.600000,-0.608374,0.672757,-0.600000,0.199303,0.600000,-0.433069,0.221774,-0.600000,0.600000,-0.765188,-0.600000,0.393041,-0.855960,-0.600000,0.591575,-0.564765,-0.564765,-0.249471,-0.600000,-0.855960,-0.558614,-0.600000,-0.600000,0.600000,-0.584311,0.600000,-0.776655,-0.071184,-0.266938,-0.584311,0.106992,0.634263,-0.634263,-0.966692,-0.615502,0.600000,-0.233200,-0.600000,0.600000,0.600000,-0.600000,-0.600000,-0.765188,-0.272874,-0.406268,-0.106992,-0.106992,0.522625,0.776655,0.600000,-0.600000,0.615502,-0.522625,-0.600000,-0.600000,-0.522625
45,0,0,0,0,W,0,6,17,1,-0.214094,-0.872404,-0.600000,1.000000,0.600000,-0.508891,-0.100021,0.948865,0.600000,0.785219,-0.600000,-0.365953,0.670569,-0.872404,-0.600000,-0.600000,-0.608374,0.684759,-0.600000,0.190658,0.600000,-0.445380,0.214094,-0.600000,0.600000,-0.774064,-0.600000,0.381172,-0.861429,-0.600000,0.591575,-0.564765,-0.564765,-0.237473,-0.600000,-0.861429,-0.545016,-0.600000,-0.600000,0.600000,-0.584311,0.600000,-0.785219,-0.066678,-0.258215,-0.584311,0.103223,0.634263,-0.634263,-0.968114,-0.615502,0.600000,-0.225239,-0.600000,0.600000,0.600000,-0.600000,-0.600000,-0.774064,-0.267936,-0.402648,-0.103223,-0.103223,0.508891,0.785219,0.600000,-0.600000,0.615502,-0.508891,-0.600000,-0.600000,-0.508891
46,0,0,0,0,stay,1,29,17,1,-0.206609,-0.875166,-0.600000,1.000000,0.600000,-0.503892,-0.094309,0.953520,0.600000,0.792722,-0.600000,-0.355569,0.674975,-0.875166,-0.600000,-0.600000,-0.609565,0.689064,-0.600000,0.184553,0.600000,-0.450321,0.206609,-0.600000,0.600000,-0.781847,-0.600000,0.370609,-0.865562,-0.600000,0.590367,-0.563536,-0.563536,-0.232055,-0.600000,-0.865562,-0.541295,-0.600000,-0.600000,0.600000,-0.584311,0.600000,-0.792722,-0.061277,-0.251558,-0.583096,0.097789,0.635423,-0.635423,-0.969919,-0.615502,0.600000,-0.217473,-0.600000,0.600000,0.600000,-0.600000,-0.600000,-0.781847,-0.259188,-0.402641,-0.097789,-0.097789,0.503892,0.792722,0.600000,-0.600000,0.616685,-0.503892,-0.600000,-0.600000,-0.503892
47,0,0,1,1,W,0,27,18,1,-0.203345,-0.877877,-0.600000,1.000000,0.600000,-0.503892,-0.091772,0.957159,0.600000,0.800029,-0.600000,-0.341927,0.671679,-0.877877,-0.600000,-0.600000,-0.609565,0.689064,-0.600000,0.180814,0.600000,-0.455274,0.203345,-0.600000,0.600000,-0.786928,-0.600000,0.360168,-0.866144,-0.600000,0.590367,-0.563536,-0.563536,-0.234728,-0.600000,-0.866144,-0.541295,-0.600000,-0.600000,0.600000,-0.580664,0.600000,-0.800029,-0.058732,-0.250609,-0.583096,0.095169,0.635423,-0.635423,-0.971208,-0.619048,0.600000,-0.216615,-0.600000,0.600000,0.600000,-0.600000,-0.600000,-0.786928,-0.251572,-0.405044,-0.095169,-0.095169,0.503892,0.800029,0.600000,-0.600000,0.616685,-0.503892,-0.600000,-0.600000,-0.503892
48,0,0,1,1,stay,0,26,18,1,-0.200120,-0.880009,-0.600000,1.000000,0.600000,-0.503892,-0.088891,0.959950,0.600000,0.804793,-0.600000,-0.331865,0.668365,-0.880009,-0.600000,-0.600000,-0.609565,0.689064,-0.600000,0.177866,0.600000,-0.457754,0.200120,-0.600000,0.600000,-0.789441,-0.600000,0.353279,-0.866723,-0.600000,0.590367,-0.563536,-0.563536,-0.237418,-0.600000,-0.866723,-0.541295,-0.600000,-0.600000,0.600000,-0.577009,0.600000,-0.804793,-0.056288,-0.249666,-0.583096,0.092191,0.635423,-0.635423,-0.972310,-0.622581,0.600000,-0.215762,-0.600000,0.600000,0.600000,-0.600000,-0.600000,-0.789441,-0.244107,-0.406245,-0.092191,-0.092191,0.503892,0.804793,0.600000,-0.600000,0.616685,-0.503892,-0.600000,-0.600000,-0.503892
49,1,0,0,0,W,0,24,19,1,-0.193784,-0.881063,-0.600000,1.000000,0.600000,-0.492642,-0.086486,0.962566,0.600000,0.811010,-0.600000,-0.323049,0.678272,-0.881063,-0.600000,-0.600000,-0.609565,0.698632,-0.600000,0.169953,0.600000,-0.465207,0.193784,-0.600000,0.600000,-0.796022,-0.600000,0.344188,-0.872404,-0.600000,0.590367,-0.563536,-0.563536,-0.226701,-0.600000,-0.872404,-0.530105,-0.600000,-0.600000,0.600000,-0.577009,0.600000,-0.811010,-0.052173,-0.242238,-0.583096,0.089706,0.635423,-0.635423,-0.973884,-0.622581,0.600000,-0.209061,-0.600000,0.600000,0.600000,-0.600000,-0.600000,-0.796022,-0.238607,-0.406241,-0.089706,-0.089706,0.492642,0.811010,0.600000,-0.600000,0.616685,-0.492642,-0.600000,-0.600000,-0.492642
50,1,0,0,0,stay,1,29,19,1,-0.185323,-0.884177,-0.600000,1.000000,0.600000,-0.486395,-0.080359,0.965853,0.600000,0.817821,-0.600000,-0.313278,0.683708,-0.884177,-0.600000,-0.600000,-0.610755,0.703875,-0.600000,0.163001,0.600000,-0.468939,0.185323,-0.600000,0.600000,-0.803242,-0.600000,0.334095,-0.883663,-0.600000,0.589158,-0.563536,-0.563536,-0.207951,-0.600000,-0.883663,-0.523874,-0.600000,-0.600000,0.600000,-0.577009,0.600000,-0.817821,-0.044995,-0.233167,-0.583096,0.083755,0.635423,-0.635423,-0.977117,-0.622581,0.600000,-0.200099,-0.600000,0.600000,0.600000,-0.600000,-0.600000,-0.803242,-0.229630,-0.400216,-0.083755,-0.083755,0.486395,0.817821,0.600000,-0.600000,0.616685,-0.486395,-0.600000,-0.600000,-0.486395
51,1,0,0,0,stay,0,28,19,1,-0.177150,-0.887720,-0.600000,1.000000,0.600000,-0.481400,-0.074977,0.969610,0.600000,0.828036,-0.600000,-0.298405,0.688021,-0.887720,-0.600000,-0.600000,-0.611944,0.708031,-0.600000,0.156274,0.600000,-0.477662,0.177150,-0.600000,0.600000,-0.814087,-0.600000,0.318693,-0.894523,-0.600000,0.587948,-0.563536,-0.563536,-0.189606,-0.600000,-0.894523,-0.518884,-0.600000,-0.600000,0.600000,-0.577009,0.600000,-0.828036,-0.038577,-0.224335,-0.583096,0.078527,0.635423,-0.635423,-0.980155,-0.622581,0.600000,-0.191427,-0.600000,0.600000,0.600000,-0.600000,-0.600000,-0.814087,-0.220893,-0.395414,-0.078527,-0.078527,0.481400,0.828036,0.600000,-0.600000,0.616685,-0.481400,-0.600000,-0.600000,-0.481400
52,1,0,0,0,stay,0,27,19,1,-0.172097,-0.889209,-0.600000,1.000000,0.600000,-0.476408,-0.071908,0.971474,0.600000,0.832970,-0.600000,-0.291122,0.692301,-0.889209,-0.600000,-0.600000,-0.611944,0.712152,-0.600000,0.151702,0.600000,-0.482653,0.172097,-0.600000,0.600000,-0.819335,-0.600000,0.311135,-0.900062,-0.600000,0.587948,-0.563536,-0.563536,-0.179795,-0.600000,-0.900062,-0.513889,-0.600000,-0.600000,0.600000,-0.577009,0.600000,-0.832970,-0.035363,-0.218295,-0.583096,0.075325,0.635423,-0.635423,-0.981567,-0.622581,0.600000,-0.186060,-0.600000,0.600000,0.600000,-0.600000,-0.600000,-0.819335,-0.215766,-0.391828,-0.075325,-0.075325,0.476408,0.832970,0.600000,-0.600000,0.616685,-0.476408,-0.600000,-0.600000,-0.476408
53,1,0,0,0,stay,0,26,19,1,-0.169967,-0.891168,-0.600000,1.000000,0.600000,-0.473914,-0.069928,0.973746,0.600000,0.839823,-0.600000,-0.280901,0.694430,-0.891168,-0.600000,-0.600000,-0.613131,0.714200,-0.600000,0.148501,0.600000,-0.490147,0.169967,-0.600000,0.600000,-0.826630,-0.600000,0.300511,-0.905342,-0.600000,0.586737,-0.563536,-0.563536,-0.173958,-0.600000,-0.905342,-0.511391,-0.600000,-0.600000,0.600000,-0.577009,0.600000,-0.839823,-0.032250,-0.216591,-0.583096,0.073599,0.635423,-0.635423,-0.982965,-0.622581,0.600000,-0.183796,-0.600000,0.600000,0.600000,-0.600000,-0.600000,-0.826630,-0.209894,-0.394209,-0.073599,-0.073599,0.473914,0.839823,0.600000,-0.600000,0.616685,-0.473914,-0.600000,-0.600000,-0.473914
54,0,0,1,1,W,0,24,20,1,-0.163702,-0.895933,-0.600000,1.000000,0.600000,-0.473914,-0.066116,0.977110,0.600000,0.849673,-0.600000,-0.265011,0.693369,-0.895933,-0.600000,-0.600000,-0.613131,0.714200,-0.600000,0.142278,0.600000,-0.496395,0.163702,-0.600000,0.600000,-0.836452,-0.600000,0.284970,-0.907887,-0.600000,0.586737,-0.563536,-0.563536,-0.172502,-0.600000,-0.907887,-0.511391,-0.600000,-0.600000,0.600000,-0.575789,0.600000,-0.849673,-0.029404,-0.209869,-0.583096,0.069603,0.635423,-0.635423,-0.984336,-0.623756,0.600000,-0.177859,-0.600000,0.600000,0.600000,-0.600000,-0.600000,-0.836452,-0.199303,-0.395394,-0.069603,-0.069603,0.473914,0.849673,0.600000,-0.600000,0.616685,-0.473914,-0.600000,-0.600000,-0.473914
55,0,0,1,1,stay,0,23,20,1,-0.160302,-0.898245,-0.600000,1.000000,0.600000,-0.473914,-0.063386,0.979353,0.600000,0.855960,-0.600000,-0.253474,0.691240,-0.898245,-0.600000,-0.600000,-0.613131,0.714200,-0.600000,0.139249,0.600000,-0.502645,0.160302,-0.600000,0.600000,-0.841862,-0.600000,0.274881,-0.909136,-0.600000,0.586737,-0.563536,-0.563536,-0.174636,-0.600000,-0.909136,-0.511391,-0.600000,-0.600000,0.600000,-0.573345,0.600000,-0.855960,-0.027466,-0.207387,-0.583096,0.066738,0.635423,-0.635423,-0.985091,-0.626101,0.600000,-0.175671,-0.600000,0.600000,0.600000,-0.600000,-0.600000,-0.841862,-0.190658,-0.397781,-0.066738,-0.066738,0.473914,0.855960,0.600000,-0.600000,0.616685,-0.473914,-0.600000,-0.600000,-0.473914
56,0,0,1,0,W,0,21,21,1,-0.153024,-0.900062,-0.600000,1.000000,0.600000,-0.465195,-0.060190,0.982101,0.600000,0.865562,-0.600000,-0.238618,0.698667,-0.900062,-0.600000,-0.600000,-0.615502,0.721298,-0.600000,0.133928,0.600000,-0.517639,0.153024,-0.600000,0.600000,-0.852241,-0.600000,0.259208,-0.911184,-0.600000,0.584311,-0.563536,-0.563536,-0.172461,-0.600000,-0.911184,-0.502643,-0.600000,-0.600000,0.600000,-0.573345,0.600000,-0.865562,-0.025155,-0.200076,-0.583096,0.063984,0.635423,-0.635423,-0.985740,-0.626101,0.600000,-0.167835,-0.600000,0.600000,0.600000,-0.600000,-0.600000,-0.852241,-0.180814,-0.402573,-0.063984,-0.063984,0.465195,0.865562,0.600000,-0.600000,0.616685,-0.465195,-0.600000,-0.600000,-0.465195
57,1,1,1,1,W,0,19,22,1,-0.150446,-0.904480,-0.600000,1.000000,0.600000,-0.463951,-0.058236,0.983783,0.600000,0.870722,-0.600000,-0.230528,0.699720,-0.904480,-0.600000,-0.600000,-0.615502,0.722303,-0.600000,0.127665,0.600000,-0.516390,0.150446,-0.600000,0.600000,-0.857828,-0.600000,0.250650,-0.914767,-0.600000,0.584311,-0.563536,-0.563536,-0.171026,-0.600000,-0.914767,-0.501393,-0.600000,-0.600000,0.600000,-0.573345,0.600000,-0.870722,-0.022806,-0.196890,-0.583096,0.061915,0.635423,-0.635423,-0.987021,-0.626101,0.600000,-0.165055,-0.600000,0.600000,0.600000,-0.600000,-0.600000,-0.857828,-0.172797,-0.407389,-0.061915,-0.061915,0.463951,0.870722,0.600000,-0.600000,0.616685,-0.463951,-0.600000,-0.600000,-0.463951
58,1,0,0,0,W,0,17,23,1,-0.142311,-0.905342,-0.600000,1.000000,0.600000,-0.440417,-0.055548,0.985809,0.600000,0.880537,-0.600000,-0.214931,0.719314,-0.905342,-0.600000,-0.600000,-0.616685,0.740971,-0.600000,0.116917,0.600000,-0.536335,0.142311,-0.600000,0.600000,-0.868473,-0.600000,0.234107,-0.922621,-0.600000,0.583096,-0.563536,-0.563536,-0.153978,-0.600000,-0.922621,-0.477657,-0.600000,-0.600000,0.600000,-0.573345,0.600000,-0.880537,-0.019681,-0.187560,-0.583096,0.059347,0.635423,-0.635423,-0.988418,-0.626101,0.600000,-0.156277,-0.600000,0.600000,0.600000,-0.600000,-0.600000,-0.868473,-0.166449,-0.407383,-0.059347,-0.059347,0.440417,0.880537,0.600000,-0.600000,0.616685,-0.440417,-0.600000,-0.600000,-0.440417
59,1,0,0,0,stay,1,29,23,1,-0.139282,-0.906197,-0.600000,1.000000,0.600000,-0.437954,-0.054505,0.987084,0.600000,0.885707,-0.600000,-0.206602,0.721331,-0.906197,-0.600000,-0.600000,-0.616685,0.742888,-0.600000,0.114864,0.600000,-0.546268,0.139282,-0.600000,0.600000,-0.874091,-0.600000,0.225250,-0.926806,-0.600000,0.583096,-0.562307,-0.562307,-0.148828,-0.600000,-0.926806,-0.476410,-0.600000,-0.600000,0.600000,-0.573345,0.600000,-0.885707,-0.017746,-0.184525,-0.583096,0.058237,0.636581,-0.636581,-0.989195,-0.626101,0.600000,-0.153003,-0.600000,0.600000,0.600000,-0.600000,-0.600000,-0.874091,-0.160961,-0.414642,-0.058237,-0.058237,0.437954,0.885707,0.600000,-0.600000,0.616685,-0.437954,-0.600000,-0.600000,-0.437954
60,1,0,0,0,stay,0,28,23,1,-0.136306,-0.907467,-0.600000,1.000000,0.600000,-0.435493,-0.052227,0.987708,0.600000,0.887220,-0.600000,-0.204151,0.723339,-0.907467,-0.600000,-0.600000,-0.616685,0.744796,-0.600000,0.112340,0.600000,-0.546270,0.136306,-0.600000,0.600000,-0.875735,-0.600000,0.222639,-0.930458,-0.600000,0.583096,-0.562307,-0.562307,-0.143197,-0.600000,-0.930458,-0.473915,-0.600000,-0.600000,0.600000,-0.573345,0.600000,-0.887220,-0.016238,-0.180787,-0.583096,0.055813,0.636581,-0.636581,-0.989921,-0.626101,0.600000,-0.149786,-0.600000,0.600000,0.600000,-0.600000,-0.600000,-0.875735,-0.156283,-0.412213,-0.055813,-0.055813,0.435493,0.887220,0.600000,-0.600000,0.616685,-0.435493,-0.600000,-0.600000,-0.435493
61,1,0,0,0,W,0,26,24,1,-0.130516,-0.911184,-0.600000,1.000000,0.600000,-0.431808,-0.048862,0.989034,0.600000,0.892617,-0.600000,-0.195347,0.726334,-0.911184,-0.600000,-0.600000,-0.616685,0.747640,-0.600000,0.106478,0.600000,-0.548751,0.130516,-0.600000,0.600000,-0.881609,-0.600000,0.213253,-0.936966,-0.600000,0.583096,-0.562307,-0.562307,-0.131899,-0.600000,-0.936966,-0.470177,-0.600000,-0.600000,0.600000,-0.573345,0.600000,-0.892617,-0.013793,-0.173488,-0.583096,0.052229,0.636581,-0.636581,-0.991318,-0.626101,0.600000,-0.143518,-0.600000,0.600000,0.600000,-0.600000,-0.600000,-0.881609,-0.148520,-0.409785,-0.052229,-0.052229,0.431808,0.892617,0.600000,-0.600000,0.616685,-0.431808,-0.600000,-0.600000,-0.431808
62,1,0,1,0,W,0,24,25,1,-0.127143,-0.912793,-0.600000,1.000000,0.600000,-0.429355,-0.047483,0.990218,0.600000,0.898702,-0.600000,-0.185316,0.728320,-0.912793,-0.600000,-0.600000,-0.616685,0.749525,-0.600000,0.103650,0.600000,-0.559871,0.127143,-0.600000,0.600000,-0.888239,-0.600000,0.202535,-0.940706,-0.600000,0.583096,-0.561076,-0.561076,-0.126818,-0.600000,-0.940706,-0.468931,-0.600000,-0.600000,0.600000,-0.573345,0.600000,-0.898702,-0.012307,-0.169924,-0.583096,0.050760,0.637738,-0.637738,-0.992022,-0.626101,0.600000,-0.139864,-0.600000,0.600000,0.600000,-0.600000,-0.600000,-0.888239,-0.142907,-0.415840,-0.050760,-0.050760,0.429355,0.898702,0.600000,-0.600000,0.616685,-0.429355,-0.600000,-0.600000,-0.429355
63,1,0,1,0,stay,0,23,25,1,-0.123844,-0.915545,-0.600000,1.000000,0.600000,-0.429355,-0.045921,0.991575,0.600000,0.906197,-0.600000,-0.172806,0.728320,-0.915545,-0.600000,-0.600000,-0.616685,0.749525,-0.600000,0.100436,0.600000,-0.572157,0.123844,-0.600000,0.600000,-0.896418,-0.600000,0.189133,-0.943706,-0.600000,0.583096,-0.561076,-0.561076,-0.124601,-0.600000,-0.943706,-0.468931,-0.600000,-0.600000,0.600000,-0.573345,0.600000,-0.906197,-0.010925,-0.165727,-0.583096,0.049096,0.637738,-0.637738,-0.992706,-0.626101,0.600000,-0.136287,-0.600000,0.600000,0.600000,-0.600000,-0.600000,-0.896418,-0.135115,-0.423141,-0.049096,-0.049096,0.429355,0.906197,0.600000,-0.600000,0.616685,-0.429355,-0.600000,-0.600000,-0.429355
64,0,0,0,0,W,0,21,26,1,-0.121686,-0.917082,-0.600000,1.000000,0.600000,-0.428130,-0.044197,0.991944,0.600000,0.907467,-0.600000,-0.170669,0.729309,-0.917082,-0.600000,-0.600000,-0.616685,0.750463,-0.600000,0.098194,0.600000,-0.570935,0.121686,-0.600000,0.600000,-0.897806,-0.600000,0.186840,-0.945541,-0.600000,0.583096,-0.561076,-0.561076,-0.121883,-0.600000,-0.945541,-0.467686,-0.600000,-0.600000,0.600000,-0.573345,0.600000,-0.907467,-0.010242,-0.162976,-0.583096,0.047258,0.637738,-0.637738,-0.993095,-0.626101,0.600000,-0.133946,-0.600000,0.600000,0.600000,-0.600000,-0.600000,-0.897806,-0.131641,-0.420698,-0.047258,-0.047258,0.428130,0.907467,0.600000,-0.600000,0.616685,-0.428130,-0.600000,-0.600000,-0.428130
65,0,0,0,0,stay,0,20,26,1,-0.117468,-0.918593,-0.600000,1.000000,0.600000,-0.425683,-0.041926,0.992561,0.600000,0.909960,-0.600000,-0.166457,0.731281,-0.918593,-0.600000,-0.600000,-0.616685,0.752334,-0.600000,0.095562,0.600000,-0.573387,0.117468,-0.600000,0.600000,-0.900531,-0.600000,0.182318,-0.947817,-0.600000,0.583096,-0.559845,-0.559845,-0.118165,-0.600000,-0.947817,-0.466441,-0.600000,-0.600000,0.600000,-0.573345,0.600000,-0.909960,-0.009320,-0.158247,-0.583096,0.044837,0.638893,-0.638893,-0.993529,-0.626101,0.600000,-0.129365,-0.600000,0.600000,0.600000,-0.600000,-0.600000,-0.900531,-0.126570,-0.420693,-0.044837,-0.044837,0.425683,0.909960,0.600000,-0.600000,0.616685,-0.425683,-0.600000,-0.600000,-0.425683
66,0,0,1,0,W,0,18,27,1,-0.114387,-0.920813,-0.600000,1.000000,0.600000,-0.425683,-0.040344,0.993097,0.600000,0.912793,-0.600000,-0.161650,0.731281,-0.920813,-0.600000,-0.600000,-0.616685,0.752334,-0.600000,0.092995,0.600000,-0.574613,0.114387,-0.600000,0.600000,-0.903628,-0.600000,0.177150,-0.948556,-0.600000,0.583096,-0.559845,-0.559845,-0.117632,-0.600000,-0.948556,-0.466441,-0.600000,-0.600000,0.600000,-0.573345,0.600000,-0.912793,-0.008824,-0.154285,-0.583096,0.043151,0.638893,-0.638893,-0.993813,-0.626101,0.600000,-0.126017,-0.600000,0.600000,0.600000,-0.600000,-0.600000,-0.903628,-0.122206,-0.420690,-0.043151,-0.043151,0.425683,0.912793,0.600000,-0.600000,0.616685,-0.425683,-0.600000,-0.600000,-0.425683
67,0,0,0,0,E,0,16,25,1,-0.112874,-0.921902,-0.600000,1.000000,0.600000,-0.424460,-0.039196,0.993367,0.600000,0.913982,-0.600000,-0.159624,0.732263,-0.921902,-0.600000,-0.600000,-0.617867,0.753265,-0.600000,0.091734,0.600000,-0.574615,0.112874,-0.600000,0.600000,-0.904929,-0.600000,0.174970,-0.950004,-0.600000,0.581881,-0.559845,-0.559845,-0.115560,-0.600000,-0.950004,-0.465196,-0.600000,-0.600000,0.600000,-0.573345,0.600000,-0.913982,-0.008354,-0.152983,-0.583096,0.042128,0.638893,-0.638893,-0.994084,-0.626101,0.600000,-0.124371,-0.600000,0.600000,0.600000,-0.600000,-0.600000,-0.904929,-0.119544,-0.420686,-0.042128,-0.042128,0.424460,0.913982,0.600000,-0.600000,0.616685,-0.424460,-0.600000,-0.600000,-0.424460
68,0,0,0,0,stay,0,15,25,1,-0.108922,-0.922977,-0.600000,1.000000,0.600000,-0.420799,-0.036638,0.993752,0.600000,0.915545,-0.600000,-0.156954,0.735197,-0.922977,-0.600000,-0.600000,-0.620227,0.756046,-0.600000,0.090076,0.600000,-0.575840,0.108922,-0.600000,0.600000,-0.906640,-0.600000,0.172097,-0.951874,-0.600000,0.579447,-0.559845,-0.559845,-0.111513,-0.600000,-0.951874,-0.461466,-0.600000,-0.600000,0.600000,-0.573345,0.600000,-0.915545,-0.007714,-0.149129,-0.583096,0.039767,0.638893,-0.638893,-0.994400,-0.626101,0.600000,-0.120072,-0.600000,0.600000,0.600000,-0.600000,-0.600000,-0.906640,-0.115390,-0.415815,-0.039767,-0.039767,0.420799,0.915545,0.600000,-0.600000,0.616685,-0.420799,-0.600000,-0.600000,-0.420799
69,0,0,0,0,W,0,13,24,1,-0.105565,-0.925088,-0.600000,1.000000,0.600000,-0.419580,-0.034240,0.993996,0.600000,0.915545,-0.600000,-0.156954,0.736171,-0.925088,-0.600000,-0.600000,-0.620227,0.756968,-0.600000,0.087242,0.600000,-0.568499,0.105565,-0.600000,0.600000,-0.906640,-0.600000,0.172097,-0.953233,-0.600000,0.579447,-0.557380,-0.557380,-0.109044,-0.600000,-0.953233,-0.462709,-0.600000,-0.600000,0.600000,-0.573345,0.600000,-0.915545,-0.007195,-0.145975,-0.583096,0.037173,0.641199,-0.641199,-0.994726,-0.626101,0.600000,-0.116416,-0.600000,0.600000,0.600000,-0.600000,-0.600000,-0.906640,-0.112353,-0.410961,-0.037173,-0.037173,0.419580,0.915545,0.600000,-0.600000,0.616685,-0.419580,-0.600000,-0.600000,-0.419580
70,0,0,0,0,W,0,11,23,1,-0.100927,-0.927819,-0.600000,1.000000,0.600000,-0.418362,-0.031685,0.994373,0.600000,0.917082,-0.600000,-0.154322,0.737142,-0.927819,-0.600000,-0.600000,-0.620227,0.757888,-0.600000,0.083716,0.600000,-0.563590,0.100927,-0.600000,0.600000,-0.908322,-0.600000,0.169261,-0.955630,-0.600000,0.579447,-0.556146,-0.556146,-0.103325,-0.600000,-0.955630,-0.462708,-0.600000,-0.600000,0.600000,-0.573345,0.600000,-0.917082,-0.006512,-0.140442,-0.583096,0.034407,0.642349,-0.642349,-0.995203,-0.626101,0.600000,-0.111361,-0.600000,0.600000,0.600000,-0.600000,-0.600000,-0.908322,-0.108416,-0.403710,-0.034407,-0.034407,0.418362,0.917082,0.600000,-0.600000,0.616685,-0.418362,-0.600000,-0.600000,-0.418362
71,0,0,0,0,stay,0,10,23,1,-0.098232,-0.929807,-0.600000,1.000000,0.600000,-0.417146,-0.030037,0.994593,0.600000,0.917462,-0.600000,-0.153669,0.738111,-0.929807,-0.600000,-0.600000,-0.620227,0.758806,-0.600000,0.081063,0.600000,-0.557433,0.098232,-0.600000,0.600000,-0.908739,-0.600000,0.168558,-0.956472,-0.600000,0.579447,-0.554912,-0.554912,-0.101930,-0.600000,-0.956472,-0.462708,-0.600000,-0.600000,0.600000,-0.573345,0.600000,-0.917462,-0.006165,-0.137443,-0.583096,0.032622,0.643498,-0.643498,-0.995437,-0.626101,0.600000,-0.108421,-0.600000,0.600000,0.600000,-0.600000,-0.600000,-0.908739,-0.105543,-0.400100,-0.032622,-0.032622,0.417146,0.917462,0.600000,-0.600000,0.616685,-0.417146,-0.600000,-0.600000,-0.417146
72,0,0,0,0,stay,0,9,23,1,-0.096035,-0.930133,-0.600000,1.000000,0.600000,-0.414715,-0.028890,0.994882,0.600000,0.919710,-0.600000,-0.149801,0.740042,-0.930133,-0.600000,-0.600000,-0.620227,0.760633,-0.600000,0.079950,0.600000,-0.563594,0.096035,-0.600000,0.600000,-0.911201,-0.600000,0.164389,-0.958111,-0.600000,0.579447,-0.554912,-0.554912,-0.098306,-0.600000,-0.958111,-0.460222,-0.600000,-0.600000,0.600000,-0.573345,0.600000,-0.919710,-0.005778,-0.134501,-0.583096,0.031380,0.643498,-0.643498,-0.995637,-0.626101,0.600000,-0.106023,-0.600000,0.600000,0.600000,-0.600000,-0.600000,-0.911201,-0.103201,-0.396499,-0.031380,-0.031380,0.414715,0.919710,0.600000,-0.600000,0.616685,-0.414715,-0.600000,-0.600000,-0.414715
73,0,0,0,0,stay,0,8,23,1,-0.093882,-0.931744,-0.600000,1.000000,0.600000,-0.414715,-0.027787,0.995058,0.600000,0.920079,-0.600000,-0.149164,0.740042,-0.931744,-0.600000,-0.600000,-0.620227,0.760633,-0.600000,0.078127,0.600000,-0.558672,0.093882,-0.600000,0.600000,-0.911606,-0.600000,0.163702,-0.958511,-0.600000,0.579447,-0.554912,-0.554912,-0.097849,-0.600000,-0.958511,-0.460222,-0.600000,-0.600000,0.600000,-0.573345,0.600000,-0.920079,-0.005552,-0.131612,-0.583096,0.030184,0.643498,-0.643498,-0.995787,-0.626101,0.600000,-0.103672,-0.600000,0.600000,0.600000,-0.600000,-0.600000,-0.911606,-0.100452,-0.394103,-0.030184,-0.030184,0.414715,0.920079,0.600000,-0.600000,0.616685,-0.414715,-0.600000,-0.600000,-0.414715
74,0,0,0,0,stay,0,7,23,1,-0.092191,-0.933007,-0.600000,1.000000,0.600000,-0.413502,-0.026594,0.995275,0.600000,0.921177,-0.600000,-0.147267,0.741003,-0.933007,-0.600000,-0.600000,-0.620227,0.761544,-0.600000,0.076341,0.600000,-0.557441,0.092191,-0.600000,0.600000,-0.912810,-0.600000,0.161655,-0.959884,-0.600000,0.579447,-0.554912,-0.554912,-0.095646,-0.600000,-0.959884,-0.458980,-0.600000,-0.600000,0.600000,-0.573345,0.600000,-0.921177,-0.005203,-0.129339,-0.583096,0.028891,0.643498,-0.643498,-0.996013,-0.626101,0.600000,-0.101825,-0.600000,0.600000,0.600000,-0.600000,-0.600000,-0.912810,-0.097768,-0.390521,-0.028891,-0.028891,0.413502,0.921177,0.600000,-0.600000,0.616685,-0.413502,-0.600000,-0.600000,-0.413502
75,0,0,0,0,W,0,5,22,1,-0.090116,-0.934556,-0.600000,1.000000,0.600000,-0.412289,-0.025203,0.995527,0.600000,0.922262,-0.600000,-0.145390,0.741963,-0.934556,-0.600000,-0.600000,-0.620227,0.762452,-0.600000,0.074247,0.600000,-0.554975,0.090116,-0.600000,0.600000,-0.913998,-0.600000,0.159629,-0.960838,-0.600000,0.579447,-0.554912,-0.554912,-0.094770,-0.600000,-0.960838,-0.457738,-0.600000,-0.600000,0.600000,-0.573345,0.600000,-0.922262,-0.004877,-0.126544,-0.583096,0.027384,0.643498,-0.643498,-0.996207,-0.626101,0.600000,-0.099557,-0.600000,0.600000,0.600000,-0.600000,-0.600000,-0.913998,-0.094289,-0.386951,-0.027384,-0.027384,0.412289,0.922262,0.600000,-0.600000,0.616685,-0.412289,-0.600000,-0.600000,-0.412289
76,1,0,0,0,W,0,3,21,1,-0.088083,-0.935470,-0.600000,1.000000,0.600000,-0.409867,-0.024355,0.995809,0.600000,0.924740,-0.600000,-0.141088,0.743875,-0.935470,-0.600000,-0.600000,-0.620227,0.764261,-0.600000,0.072540,0.600000,-0.559911,0.088083,-0.600000,0.600000,-0.916716,-0.600000,0.154982,-0.962860,-0.600000,0.579447,-0.554912,-0.554912,-0.090555,-0.600000,-0.962860,-0.455257,-0.600000,-0.600000,0.600000,-0.573345,0.600000,-0.924740,-0.004479,-0.123802,-0.583096,0.026465,0.643498,-0.643498,-0.996463,-0.626101,0.600000,-0.097334,-0.600000,0.600000,0.600000,-0.600000,-0.600000,-0.916716,-0.091753,-0.385761,-0.026465,-0.026465,0.409867,0.924740,0.600000,-0.600000,0.616685,-0.409867,-0.600000,-0.600000,-0.409867
77,0,0,0,0,W,0,1,20,1,-0.084916,-0.938139,-0.600000,1.000000,0.600000,-0.409867,-0.022631,0.996013,0.600000,0.925088,-0.600000,-0.140482,0.743875,-0.938139,-0.600000,-0.600000,-0.620227,0.764261,-0.600000,0.069564,0.600000,-0.550035,0.084916,-0.600000,0.600000,-0.917097,-0.600000,0.154327,-0.964440,-0.600000,0.579447,-0.554912,-0.554912,-0.087295,-0.600000,-0.964440,-0.455257,-0.600000,-0.600000,0.600000,-0.573345,0.600000,-0.925088,-0.004094,-0.119520,-0.583096,0.024595,0.643498,-0.643498,-0.996768,-0.626101,0.600000,-0.093868,-0.600000,0.600000,0.600000,-0.600000,-0.600000,-0.917097,-0.088064,-0.378669,-0.024595,-0.024595,0.409867,0.925088,0.600000,-0.600000,0.616685,-0.409867,-0.600000,-0.600000,-0.409867
78,0,0,0,0,stay,0,0,20,1,-0.082230,-0.940144,-0.600000,1.000000,0.600000,-0.408658,-0.021234,0.996188,0.600000,0.925088,-0.600000,-0.140482,0.744828,-0.940144,-0.600000,-0.600000,-0.620227,0.765161,-0.600000,0.067012,0.600000,-0.541360,0.082230,-0.600000,0.600000,-0.917097,-0.600000,0.154327,-0.964952,-0.600000,0.579447,-0.553677,-0.553677,-0.086886,-0.600000,-0.964952,-0.455256,-0.600000,-0.600000,0.600000,-0.573345,0.600000,-0.925088,-0.003856,-0.116391,-0.583096,0.023080,0.644645,-0.644645,-0.996926,-0.626101,0.600000,-0.090928,-0.600000,0.600000,0.600000,-0.600000,-0.600000,-0.917097,-0.084896,-0.375141,-0.023080,-0.023080,0.408658,0.925088,0.600000,-0.600000,0.616685,-0.408658,-0.600000,-0.600000,-0.408658
