tick,food_sensed_N,food_sensed_E,food_sensed_S,food_sensed_W,movement,food_consumed,energy,manhattan_dist,decision_made,conn_0_0,conn_0_1,conn_0_3,conn_0_4,conn_0_5,conn_0_8,conn_0_10,conn_1_4,conn_1_5,conn_1_6,conn_1_7,conn_1_9,conn_1_10,conn_2_2,conn_2_3,conn_2_5,conn_2_6,conn_2_8,conn_2_10,conn_3_0,conn_3_4,conn_3_5,conn_3_7,conn_3_8,conn_3_10,conn_4_0,conn_4_1,conn_4_5,conn_4_6,conn_4_7,conn_4_8,conn_4_9,conn_5_0,conn_5_1,conn_5_2,conn_5_4,conn_5_6,conn_5_7,conn_5_8,conn_5_9,conn_5_10,conn_6_0,conn_6_3,conn_6_5,conn_6_6,conn_6_8,conn_6_9,conn_6_10,conn_7_3,conn_7_4,conn_7_6,conn_7_8,conn_7_9,conn_7_10,conn_8_1,conn_8_4,conn_8_6,conn_8_7,conn_8_8,conn_8_9,conn_8_10,conn_9_0,conn_9_2,conn_9_3,conn_9_4,conn_9_9,conn_10_0,conn_10_1,conn_10_2,conn_10_3,conn_10_8,conn_10_10
0,0,0,0,0,stay,0,30,0,0,-0.600000,0.600000,-0.600000,0.600000,1.000000,-0.600000,-0.600000,-0.600000,-0.600000,-0.600000,-0.600000,0.600000,-0.600000,0.600000,-0.600000,0.600000,0.600000,-0.600000,-0.600000,0.600000,-0.600000,0.600000,-0.600000,-0.600000,-0.600000,0.600000,0.600000,-0.600000,-0.600000,-0.600000,-0.600000,-0.600000,-0.600000,0.600000,-0.600000,-0.600000,-0.600000,-0.600000,0.600000,-0.600000,0.600000,0.600000,-0.600000,0.600000,-0.600000,-0.600000,-0.600000,-0.600000,-0.600000,-0.600000,-0.600000,-0.600000,-0.600000,0.600000,0.600000,0.600000,0.600000,-0.600000,-0.600000,0.600000,-0.600000,0.600000,-0.600000,-0.600000,-0.600000,-0.600000,-0.600000,0.600000,-0.600000,0.600000,-0.600000,-0.600000
1,0,0,0,1,stay,0,29,0,1,-0.600000,0.596396,-0.600000,0.603596,1.000000,-0.600000,-0.608374,-0.600000,-0.600000,-0.603596,-0.600000,0.592782,-0.600000,0.596396,-0.592782,0.619048,0.600000,-0.600000,-0.600000,0.600000,-0.600000,0.611944,-0.591578,-0.600000,-0.608374,0.615502,0.587948,-0.600000,-0.600000,-0.592785,-0.591575,-0.600000,-0.600000,0.596396,-0.603596,-0.591579,-0.603596,-0.591575,0.600000,-0.603596,0.600000,0.592785,-0.600000,0.600000,-0.587948,-0.600000,-0.600000,-0.595193,-0.600000,-0.600000,-0.587948,-0.600000,-0.607182,0.592782,0.603600,0.600000,0.600000,-0.600000,-0.587948,0.600000,-0.600000,0.611944,-0.580664,-0.600004,-0.600000,-0.585525,-0.600000,0.600000,-0.596401,0.600000,-0.600000,-0.600000
2,0,0,0,1,W,0,27,1,1,-0.600000,0.595193,-0.600000,0.604793,1.000000,-0.600000,-0.619048,-0.600000,-0.600000,-0.609565,-0.600000,0.584311,-0.600000,0.595193,-0.584311,0.643498,0.600000,-0.600000,-0.600000,0.600000,-0.600000,0.623756,-0.580668,-0.600000,-0.624929,0.640051,0.575789,-0.600000,-0.600000,-0.585531,-0.574567,-0.600000,-0.600000,0.595193,-0.609565,-0.584318,-0.609565,-0.574567,0.600000,-0.604793,0.600000,0.585531,-0.600000,0.600000,-0.575789,-0.600000,-0.600000,-0.590367,-0.600000,-0.600000,-0.575789,-0.600000,-0.615502,0.584311,0.605997,0.600000,0.600000,-0.600000,-0.575789,0.600000,-0.600000,0.623756,-0.554912,-0.595198,-0.600000,-0.564767,-0.600000,0.600000,-0.584315,0.600000,-0.600000,-0.600000
3,0,0,0,1,E,0,25,0,1,-0.600000,0.595193,-0.600000,0.604793,1.000000,-0.600000,-0.624929,-0.600000,-0.600000,-0.613131,-0.600000,0.577009,-0.600000,0.595193,-0.577009,0.660525,0.600000,-0.600000,-0.600000,0.600000,-0.600000,0.633102,-0.570902,-0.600000,-0.633102,0.654897,0.565994,-0.600000,-0.600000,-0.578237,-0.565994,-0.600000,-0.600000,0.595193,-0.613131,-0.578236,-0.613131,-0.565994,0.600000,-0.604793,0.600000,0.578237,-0.600000,0.600000,-0.565994,-0.600000,-0.600000,-0.587948,-0.600000,-0.600000,-0.565994,-0.600000,-0.622581,0.577009,0.609574,0.600000,0.600000,-0.600000,-0.565994,0.600000,-0.600000,0.633102,-0.536324,-0.591580,-0.600000,-0.548732,-0.600000,0.600000,-0.578233,0.600000,-0.600000,-0.600000
4,0,0,0,1,stay,0,24,0,1,-0.600000,0.593988,-0.600000,0.605988,1.000000,-0.600000,-0.631939,-0.600000,-0.600000,-0.615502,-0.600000,0.572122,-0.600000,0.593988,-0.572122,0.676053,0.600000,-0.600000,-0.600000,0.600000,-0.600000,0.643498,-0.561079,-0.600000,-0.641199,0.667229,0.554912,-0.600000,-0.600000,-0.572134,-0.557380,-0.600000,-0.600000,0.593988,-0.615502,-0.570907,-0.615502,-0.557380,0.600000,-0.605988,0.600000,0.572134,-0.600000,0.600000,-0.554912,-0.600000,-0.600000,-0.583096,-0.600000,-0.600000,-0.554912,-0.600000,-0.627272,0.572122,0.611954,0.600000,0.600000,-0.600000,-0.554912,0.600000,-0.600000,0.643498,-0.518882,-0.590373,-0.600000,-0.536326,-0.600000,0.600000,-0.574573,0.600000,-0.600000,-0.600000
5,0,0,0,1,W,0,22,1,1,-0.600000,0.591575,-0.600000,0.608374,1.000000,-0.600000,-0.643499,-0.600000,-0.601200,-0.622581,-0.600000,0.565994,-0.600000,0.591575,-0.564765,0.693337,0.600000,-0.600000,-0.600000,0.600000,-0.600000,0.654892,-0.551209,-0.600000,-0.653761,0.685844,0.542534,-0.600000,-0.600000,-0.566009,-0.543775,-0.600000,-0.600000,0.590368,-0.622581,-0.564777,-0.623756,-0.543775,0.600000,-0.608374,0.600000,0.566009,-0.600000,0.600000,-0.543775,-0.600000,-0.600000,-0.577009,-0.600000,-0.600000,-0.542534,-0.600000,-0.634263,0.564765,0.611961,0.600000,0.601200,-0.600000,-0.542534,0.600000,-0.600000,0.653761,-0.497642,-0.585532,-0.600000,-0.521380,-0.600000,0.600000,-0.567228,0.600000,-0.600000,-0.600000
6,0,0,0,1,stay,1,29,1,1,-0.600000,0.589158,-0.600000,0.610755,1.000000,-0.600000,-0.652629,-0.600000,-0.601200,-0.627272,-0.600000,0.557380,-0.600000,0.589158,-0.556146,0.713177,0.600000,-0.600000,-0.600000,0.600000,-0.600000,0.666113,-0.541298,-0.600000,-0.663883,0.702836,0.530103,-0.600000,-0.600000,-0.558632,-0.532593,-0.600000,-0.600000,0.587949,-0.627272,-0.556160,-0.628441,-0.532593,0.600000,-0.610755,0.600000,0.558632,-0.600000,0.600000,-0.531348,-0.600000,-0.600000,-0.572122,-0.600000,-0.600000,-0.530103,-0.600000,-0.642349,0.556146,0.615523,0.600000,0.601200,-0.600000,-0.530103,0.600000,-0.600000,0.664999,-0.473914,-0.583106,-0.600000,-0.502644,-0.600000,0.600000,-0.561085,0.600000,-0.600000,-0.600000
7,0,0,0,1,stay,0,28,1,1,-0.600000,0.584311,-0.600000,0.615502,1.000000,-0.600000,-0.663886,-0.600000,-0.601200,-0.633102,-0.600000,0.552442,-0.600000,0.584311,-0.551205,0.724306,0.600000,-0.600000,-0.600000,0.600000,-0.600000,0.670550,-0.541300,-0.600000,-0.668335,0.711131,0.525119,-0.600000,-0.600000,-0.559867,-0.527612,-0.600000,-0.600000,0.583097,-0.633102,-0.551222,-0.634263,-0.527612,0.600000,-0.615502,0.600000,0.559867,-0.600000,0.600000,-0.526366,-0.600000,-0.600000,-0.565994,-0.600000,-0.600000,-0.525119,-0.600000,-0.646934,0.551205,0.614345,0.600000,0.601200,-0.600000,-0.525119,0.600000,-0.600000,0.669443,-0.460222,-0.581895,-0.600000,-0.495144,-0.600000,0.600000,-0.562319,0.600000,-0.600000,-0.600000
8,0,0,0,1,stay,0,27,1,1,-0.600000,0.581881,-0.600000,0.617867,1.000000,-0.600000,-0.671659,-0.600000,-0.601200,-0.636581,-0.600000,0.549969,-0.600000,0.581881,-0.548731,0.732231,0.600000,-0.600000,-0.600000,0.600000,-0.600000,0.673858,-0.540060,-0.600000,-0.671654,0.716247,0.521378,-0.600000,-0.600000,-0.561100,-0.523872,-0.600000,-0.600000,0.580665,-0.636581,-0.547511,-0.637738,-0.523872,0.600000,-0.617867,0.600000,0.561100,-0.600000,0.600000,-0.522625,-0.600000,-0.600000,-0.561076,-0.600000,-0.600000,-0.521378,-0.600000,-0.649216,0.548731,0.613163,0.600000,0.601200,-0.600000,-0.521378,0.600000,-0.600000,0.672757,-0.450300,-0.580681,-0.600000,-0.490145,-0.600000,0.600000,-0.563551,0.600000,-0.600000,-0.600000
9,0,0,0,1,stay,0,26,1,1,-0.600000,0.579447,-0.600000,0.620227,1.000000,-0.600000,-0.677154,-0.600000,-0.601200,-0.638893,-0.600000,0.547493,-0.600000,0.579447,-0.546254,0.740009,0.600000,-0.600000,-0.600000,0.600000,-0.600000,0.679333,-0.536333,-0.600000,-0.674957,0.721305,0.515137,-0.600000,-0.600000,-0.558638,-0.520130,-0.600000,-0.600000,0.578230,-0.638893,-0.543794,-0.640047,-0.520130,0.600000,-0.620227,0.600000,0.558638,-0.600000,0.600000,-0.516385,-0.600000,-0.600000,-0.557380,-0.600000,-0.600000,-0.515137,-0.600000,-0.651492,0.546254,0.613166,0.600000,0.601200,-0.600000,-0.515137,0.600000,-0.600000,0.678242,-0.440417,-0.580683,-0.600000,-0.483899,-0.600000,0.600000,-0.563554,0.600000,-0.600000,-0.600000
10,1,0,0,0,W,0,24,2,1,-0.600000,0.579447,-0.600000,0.620227,1.000000,-0.600000,-0.683683,-0.600000,-0.603596,-0.642349,-0.600000,0.543777,-0.600000,0.579447,-0.540052,0.754195,0.600000,-0.600000,-0.600000,0.600000,-0.600000,0.680422,-0.535090,-0.600000,-0.683678,0.734199,0.513888,-0.600000,-0.600000,-0.563566,-0.510140,-0.600000,-0.600000,0.578230,-0.642349,-0.535102,-0.643498,-0.510140,0.600000,-0.620227,0.600000,0.563566,-0.600000,0.600000,-0.515137,-0.600000,-0.600000,-0.551205,-0.600000,-0.600000,-0.513888,-0.600000,-0.657151,0.540052,0.615539,0.600000,0.601200,-0.600000,-0.513888,0.600000,-0.600000,0.679333,-0.422018,-0.577027,-0.600000,-0.471423,-0.600000,0.600000,-0.559862,0.600000,-0.600000,-0.600000
11,1,0,0,0,stay,1,29,2,1,-0.600000,0.577009,-0.600000,0.622581,1.000000,-0.600000,-0.684764,-0.600000,-0.605988,-0.643498,-0.600000,0.537570,-0.600000,0.577009,-0.531348,0.771400,0.600000,-0.600000,-0.600000,0.600000,-0.600000,0.680422,-0.537577,-0.600000,-0.689064,0.745756,0.513888,-0.600000,-0.600000,-0.566025,-0.503892,-0.600000,-0.600000,0.575790,-0.643498,-0.525140,-0.644645,-0.503892,0.600000,-0.622581,0.600000,0.566025,-0.600000,0.600000,-0.515137,-0.600000,-0.600000,-0.548731,-0.600000,-0.600000,-0.513888,-0.600000,-0.664999,0.531348,0.622618,0.600000,0.601200,-0.600000,-0.513888,0.600000,-0.600000,0.679333,-0.399023,-0.578249,-0.600000,-0.450302,-0.600000,0.600000,-0.556165,0.600000,-0.600000,-0.600000
12,1,0,0,0,W,0,27,3,1,-0.600000,0.577009,-0.600000,0.622581,1.000000,-0.600000,-0.685843,-0.600000,-0.605988,-0.643498,-0.600000,0.531351,-0.600000,0.577009,-0.525119,0.781822,0.600000,-0.600000,-0.600000,0.600000,-0.600000,0.680422,-0.537577,-0.600000,-0.694400,0.755131,0.513888,-0.600000,-0.600000,-0.567253,-0.497642,-0.600000,-0.600000,0.575790,-0.643498,-0.517655,-0.644645,-0.497642,0.600000,-0.622581,0.600000,0.567253,-0.600000,0.600000,-0.515137,-0.600000,-0.600000,-0.547493,-0.600000,-0.600000,-0.513888,-0.600000,-0.670550,0.525119,0.628477,0.600000,0.601200,-0.600000,-0.513888,0.600000,-0.600000,0.679333,-0.384718,-0.578249,-0.600000,-0.436725,-0.600000,0.600000,-0.551224,0.600000,-0.600000,-0.600000
13,0,0,0,0,W,0,25,4,1,-0.600000,0.574567,-0.600000,0.624929,1.000000,-0.600000,-0.693342,-0.600000,-0.605988,-0.648076,-0.600000,0.527615,-0.600000,0.574567,-0.521378,0.788578,0.600000,-0.600000,-0.600000,0.600000,-0.600000,0.683678,-0.536335,-0.600000,-0.699685,0.762461,0.510140,-0.600000,-0.600000,-0.567255,-0.491393,-0.600000,-0.600000,0.573346,-0.648076,-0.515158,-0.649216,-0.491393,0.600000,-0.624929,0.600000,0.567255,-0.600000,0.600000,-0.511390,-0.600000,-0.600000,-0.543775,-0.600000,-0.600000,-0.510140,-0.600000,-0.673858,0.521378,0.627314,0.600000,0.601200,-0.600000,-0.510140,0.600000,-0.600000,0.682594,-0.375289,-0.575811,-0.600000,-0.430583,-0.600000,0.600000,-0.548752,0.600000,-0.600000,-0.600000
14,0,0,0,0,stay,0,24,4,1,-0.600000,0.565994,-0.600000,0.633102,1.000000,-0.600000,-0.705968,-0.600000,-0.609565,-0.656023,-0.600000,0.525123,-0.600000,0.565994,-0.515137,0.800029,0.600000,-0.600000,-0.600000,0.600000,-0.600000,0.685838,-0.542548,-0.600000,-0.704917,0.771411,0.507641,-0.600000,-0.600000,-0.574608,-0.485146,-0.600000,-0.600000,0.564766,-0.656023,-0.507663,-0.657151,-0.485146,0.600000,-0.633102,0.600000,0.574608,-0.600000,0.600000,-0.508891,-0.600000,-0.600000,-0.533837,-0.600000,-0.600000,-0.507641,-0.600000,-0.679333,0.515137,0.624982,0.600000,0.601200,-0.600000,-0.507641,0.600000,-0.600000,0.684759,-0.359016,-0.575817,-0.600000,-0.423239,-0.600000,0.600000,-0.552467,0.600000,-0.600000,-0.600000
15,1,0,0,0,E,0,22,3,1,-0.600000,0.564765,-0.600000,0.634263,1.000000,-0.600000,-0.708042,-0.600000,-0.611944,-0.658277,-0.600000,0.520135,-0.600000,0.564765,-0.507641,0.811010,0.600000,-0.600000,-0.600000,0.600000,-0.600000,0.685838,-0.543789,-0.600000,-0.709064,0.780123,0.507641,-0.600000,-0.600000,-0.577051,-0.480151,-0.600000,-0.600000,0.563537,-0.658277,-0.500164,-0.659402,-0.480151,0.600000,-0.634263,0.600000,0.577051,-0.600000,0.600000,-0.508891,-0.600000,-0.600000,-0.531348,-0.600000,-0.600000,-0.507641,-0.600000,-0.685838,0.507641,0.629663,0.600000,0.601200,-0.600000,-0.507641,0.600000,-0.600000,0.684759,-0.343059,-0.574597,-0.600000,-0.408658,-0.600000,0.600000,-0.549995,0.600000,-0.600000,-0.600000
16,0,0,0,0,W,0,20,4,1,-0.600000,0.563536,-0.600000,0.635423,1.000000,-0.600000,-0.714211,-0.600000,-0.611944,-0.661646,-0.600000,0.517638,-0.600000,0.563536,-0.505142,0.817821,0.600000,-0.600000,-0.600000,0.600000,-0.600000,0.689064,-0.541308,-0.600000,-0.713177,0.785232,0.503892,-0.600000,-0.600000,-0.577054,-0.475161,-0.600000,-0.600000,0.562308,-0.661646,-0.497664,-0.662766,-0.475161,0.600000,-0.635423,0.600000,0.577054,-0.600000,0.600000,-0.505142,-0.600000,-0.600000,-0.527612,-0.600000,-0.600000,-0.503892,-0.600000,-0.687991,0.505142,0.628500,0.600000,0.601200,-0.600000,-0.503892,0.600000,-0.600000,0.687991,-0.332982,-0.572152,-0.600000,-0.401424,-0.600000,0.600000,-0.548759,0.600000,-0.600000,-0.600000
17,0,0,0,0,stay,0,19,4,1,-0.600000,0.556146,-0.600000,0.642349,1.000000,-0.600000,-0.724319,-0.600000,-0.614317,-0.668335,-0.600000,0.512644,-0.600000,0.556146,-0.497642,0.828036,0.600000,-0.600000,-0.600000,0.600000,-0.600000,0.690136,-0.547511,-0.600000,-0.719281,0.795197,0.502642,-0.600000,-0.600000,-0.583147,-0.467684,-0.600000,-0.600000,0.554913,-0.668335,-0.490165,-0.669443,-0.467684,0.600000,-0.642349,0.600000,0.583147,-0.600000,0.600000,-0.503892,-0.600000,-0.600000,-0.520130,-0.600000,-0.600000,-0.502642,-0.600000,-0.694400,0.497642,0.628509,0.600000,0.601200,-0.600000,-0.502642,0.600000,-0.600000,0.689064,-0.317607,-0.572158,-0.600000,-0.391847,-0.600000,0.600000,-0.548763,0.600000,-0.600000,-0.600000
18,0,0,0,0,stay,0,18,4,1,-0.600000,0.551205,-0.600000,0.646934,1.000000,-0.600000,-0.730276,-0.600000,-0.615502,-0.671654,-0.600000,0.511395,-0.600000,0.551205,-0.495142,0.833666,0.600000,-0.600000,-0.600000,0.600000,-0.600000,0.693337,-0.548751,-0.600000,-0.722303,0.799247,0.498892,-0.600000,-0.600000,-0.584365,-0.463951,-0.600000,-0.600000,0.548732,-0.671654,-0.486416,-0.673858,-0.463951,0.600000,-0.646934,0.600000,0.584365,-0.600000,0.600000,-0.501392,-0.600000,-0.600000,-0.515137,-0.600000,-0.600000,-0.498892,-0.600000,-0.696520,0.495142,0.627344,0.600000,0.602399,-0.600000,-0.498892,0.600000,-0.600000,0.691205,-0.307927,-0.573384,-0.600000,-0.385898,-0.600000,0.600000,-0.550003,0.600000,-0.600000,-0.600000
19,0,0,0,0,stay,0,17,4,1,-0.600000,0.547493,-0.600000,0.650355,1.000000,-0.600000,-0.737124,-0.600000,-0.616685,-0.676053,-0.600000,0.510145,-0.600000,0.547493,-0.492642,0.838471,0.600000,-0.600000,-0.600000,0.600000,-0.600000,0.694400,-0.551227,-0.600000,-0.725305,0.803236,0.497642,-0.600000,-0.600000,-0.588006,-0.460222,-0.600000,-0.600000,0.543777,-0.676053,-0.483918,-0.679333,-0.460222,0.600000,-0.650355,0.600000,0.588006,-0.600000,0.600000,-0.501392,-0.600000,-0.600000,-0.510140,-0.600000,-0.600000,-0.497642,-0.600000,-0.698632,0.492642,0.625008,0.600000,0.603596,-0.600000,-0.497642,0.600000,-0.600000,0.691207,-0.299460,-0.572164,-0.600000,-0.381165,-0.600000,0.600000,-0.551242,0.600000,-0.600000,-0.600000
20,0,0,0,0,stay,0,16,4,1,-0.600000,0.542534,-0.600000,0.654892,1.000000,-0.600000,-0.742903,-0.600000,-0.616685,-0.679333,-0.600000,0.506397,-0.600000,0.542534,-0.488893,0.844483,0.600000,-0.600000,-0.600000,0.600000,-0.600000,0.696520,-0.553702,-0.600000,-0.729276,0.808722,0.495142,-0.600000,-0.600000,-0.589220,-0.455257,-0.600000,-0.600000,0.538812,-0.679333,-0.480172,-0.682594,-0.455257,0.600000,-0.654892,0.600000,0.589220,-0.600000,0.600000,-0.498892,-0.600000,-0.600000,-0.506391,-0.600000,-0.600000,-0.495142,-0.600000,-0.701784,0.488893,0.625012,0.600000,0.603596,-0.600000,-0.495142,0.600000,-0.600000,0.693339,-0.290096,-0.573391,-0.600000,-0.374110,-0.600000,0.600000,-0.550007,0.600000,-0.600000,-0.600000
21,0,0,0,1,W,0,14,5,1,-0.600000,0.540052,-0.600000,0.657151,1.000000,-0.600000,-0.748598,-0.600000,-0.617867,-0.683678,-0.600000,0.502647,-0.600000,0.540052,-0.483897,0.852844,0.600000,-0.600000,-0.600000,0.600000,-0.600000,0.702830,-0.548756,-0.600000,-0.734189,0.815597,0.487644,-0.600000,-0.600000,-0.585589,-0.449063,-0.600000,-0.600000,0.536327,-0.683678,-0.476427,-0.686916,-0.449063,0.600000,-0.657151,0.600000,0.585589,-0.600000,0.600000,-0.491393,-0.600000,-0.600000,-0.502642,-0.600000,-0.600000,-0.487644,-0.600000,-0.705957,0.483897,0.625017,0.600000,0.603596,-0.600000,-0.487644,0.600000,-0.600000,0.699687,-0.276881,-0.570945,-0.600000,-0.362471,-0.600000,0.600000,-0.547533,0.600000,-0.600000,-0.600000
22,0,0,0,1,stay,0,13,5,1,-0.600000,0.536324,-0.600000,0.660525,1.000000,-0.600000,-0.752348,-0.600000,-0.617867,-0.684759,-0.600000,0.498897,-0.600000,0.536324,-0.480151,0.858412,0.600000,-0.600000,-0.600000,0.600000,-0.600000,0.708031,-0.546280,-0.600000,-0.737110,0.820074,0.481400,-0.600000,-0.600000,-0.583164,-0.445354,-0.600000,-0.600000,0.532595,-0.684759,-0.470194,-0.687991,-0.445354,0.600000,-0.660525,0.600000,0.583164,-0.600000,0.600000,-0.485146,-0.600000,-0.600000,-0.498892,-0.600000,-0.600000,-0.481400,-0.600000,-0.709064,0.480151,0.627360,0.600000,0.603596,-0.600000,-0.481400,0.600000,-0.600000,0.704919,-0.267952,-0.573395,-0.600000,-0.355561,-0.600000,0.600000,-0.547534,0.600000,-0.600000,-0.600000
23,0,0,0,0,W,0,11,6,1,-0.600000,0.536324,-0.600000,0.660525,1.000000,-0.600000,-0.762466,-0.600000,-0.619048,-0.691205,-0.600000,0.492648,-0.600000,0.536324,-0.472667,0.866723,0.600000,-0.600000,-0.600000,0.600000,-0.600000,0.713177,-0.540078,-0.600000,-0.748584,0.832994,0.475161,-0.600000,-0.600000,-0.584384,-0.430581,-0.600000,-0.600000,0.531351,-0.691205,-0.462725,-0.695463,-0.430581,0.600000,-0.660525,0.600000,0.584384,-0.600000,0.600000,-0.480151,-0.600000,-0.600000,-0.491393,-0.600000,-0.600000,-0.475161,-0.600000,-0.715220,0.472667,0.627366,0.600000,0.604793,-0.600000,-0.475161,0.600000,-0.600000,0.709066,-0.253482,-0.566044,-0.600000,-0.345307,-0.600000,0.600000,-0.540094,0.600000,-0.600000,-0.600000
24,0,1,0,0,W,0,9,7,1,-0.600000,0.535081,-0.600000,0.661646,1.000000,-0.600000,-0.769648,-0.600000,-0.620227,-0.697577,-0.589158,0.491398,-0.600000,0.535081,-0.470175,0.870722,0.600000,-0.600000,-0.600000,0.600000,-0.600000,0.714200,-0.540079,-0.600000,-0.751400,0.830200,0.485144,-0.600000,-0.600000,-0.575864,-0.426906,-0.600000,-0.600000,0.530106,-0.697577,-0.463967,-0.701786,-0.426906,0.600000,-0.661646,0.600000,0.586813,-0.600000,0.600000,-0.478903,-0.600000,-0.600000,-0.487644,-0.600000,-0.600000,-0.473914,-0.600000,-0.717255,0.470175,0.622685,0.589158,0.604793,-0.600000,-0.485144,0.600000,-0.600000,0.710098,-0.246908,-0.559895,-0.600000,-0.340794,-0.600000,0.600000,-0.540095,0.600000,-0.600000,-0.600000
25,0,1,0,0,stay,0,8,7,1,-0.600000,0.533837,-0.600000,0.662766,1.000000,-0.600000,-0.779272,-0.600000,-0.620227,-0.704917,-0.577009,0.490148,-0.600000,0.533837,-0.468930,0.874618,0.600000,-0.600000,-0.600000,0.600000,-0.600000,0.714200,-0.541321,-0.600000,-0.751400,0.823772,0.497639,-0.600000,-0.600000,-0.568524,-0.426906,-0.600000,-0.600000,0.527614,-0.704917,-0.466453,-0.710100,-0.426906,0.600000,-0.662766,0.600000,0.591656,-0.600000,0.600000,-0.480151,-0.600000,-0.600000,-0.482648,-0.600000,-0.600000,-0.473914,-0.600000,-0.718269,0.468930,0.615616,0.577009,0.605988,-0.600000,-0.497639,0.600000,-0.600000,0.709068,-0.239536,-0.552493,-0.600000,-0.336308,-0.600000,0.600000,-0.545060,0.600000,-0.600000,-0.600000
26,1,0,1,0,W,0,6,8,1,-0.600000,0.516385,-0.600000,0.678242,1.000000,-0.600000,-0.785242,-0.600000,-0.624929,-0.711125,-0.575789,0.486399,-0.600000,0.516385,-0.460222,0.885707,0.600000,-0.600000,-0.600000,0.600000,-0.600000,0.714200,-0.558648,-0.600000,-0.757888,0.833026,0.498889,-0.600000,-0.600000,-0.573426,-0.418362,-0.600000,-0.600000,0.510143,-0.711125,-0.458991,-0.716243,-0.418362,0.600000,-0.678242,0.600000,0.597684,-0.600000,0.600000,-0.480151,-0.600000,-0.600000,-0.476408,-0.600000,-0.600000,-0.473914,-0.600000,-0.725305,0.460222,0.616806,0.575789,0.605988,-0.600000,-0.498889,0.600000,-0.600000,0.709068,-0.220911,-0.562367,-0.600000,-0.318677,-0.600000,0.600000,-0.542582,0.600000,-0.600000,-0.600000
27,1,0,1,0,stay,0,5,8,1,-0.600000,0.506391,-0.600000,0.686916,1.000000,-0.600000,-0.787764,-0.600000,-0.627272,-0.714200,-0.575789,0.486399,-0.600000,0.506391,-0.457739,0.892136,0.600000,-0.600000,-0.600000,0.600000,-0.600000,0.714200,-0.568490,-0.600000,-0.761544,0.837164,0.498889,-0.600000,-0.600000,-0.575871,-0.413502,-0.600000,-0.600000,0.500144,-0.714200,-0.457748,-0.719285,-0.413502,0.600000,-0.686916,0.600000,0.600088,-0.600000,0.600000,-0.480151,-0.600000,-0.600000,-0.473914,-0.600000,-0.600000,-0.473914,-0.600000,-0.727295,0.457739,0.615627,0.575789,0.605988,-0.600000,-0.498889,0.600000,-0.600000,0.709068,-0.209912,-0.568514,-0.600000,-0.306845,-0.600000,0.600000,-0.540100,0.600000,-0.600000,-0.600000
28,1,0,1,0,stay,0,4,8,1,-0.600000,0.497642,-0.600000,0.694400,1.000000,-0.600000,-0.790264,-0.600000,-0.628441,-0.716239,-0.575789,0.482652,-0.600000,0.497642,-0.452778,0.897787,0.600000,-0.600000,-0.600000,0.600000,-0.600000,0.714200,-0.577057,-0.600000,-0.765161,0.842552,0.498889,-0.600000,-0.600000,-0.578313,-0.408658,-0.600000,-0.600000,0.491395,-0.716239,-0.452787,-0.721302,-0.408658,0.600000,-0.694400,0.600000,0.602486,-0.600000,0.600000,-0.480151,-0.600000,-0.600000,-0.471421,-0.600000,-0.600000,-0.473914,-0.600000,-0.731248,0.452778,0.617994,0.575789,0.605988,-0.600000,-0.498889,0.600000,-0.600000,0.709068,-0.200120,-0.574639,-0.600000,-0.296304,-0.600000,0.600000,-0.537616,0.600000,-0.600000,-0.600000
29,1,0,1,0,stay,0,3,8,1,-0.600000,0.491393,-0.600000,0.699685,1.000000,-0.600000,-0.791093,-0.600000,-0.629608,-0.717255,-0.575789,0.477659,-0.600000,0.491393,-0.446589,0.903610,0.600000,-0.600000,-0.600000,0.600000,-0.600000,0.714200,-0.583149,-0.600000,-0.769630,0.849086,0.498889,-0.600000,-0.600000,-0.579532,-0.402628,-0.600000,-0.600000,0.485148,-0.717255,-0.446598,-0.722307,-0.402628,0.600000,-0.699685,0.600000,0.603684,-0.600000,0.600000,-0.480151,-0.600000,-0.600000,-0.470175,-0.600000,-0.600000,-0.473914,-0.600000,-0.736138,0.446589,0.622708,0.575789,0.605988,-0.600000,-0.498889,0.600000,-0.600000,0.709068,-0.189902,-0.579523,-0.600000,-0.283936,-0.600000,0.600000,-0.532642,0.600000,-0.600000,-0.600000
30,1,0,0,1,W,0,1,9,1,-0.600000,0.488893,-0.600000,0.701784,1.000000,-0.600000,-0.792743,-0.600000,-0.630774,-0.718269,-0.575789,0.473918,-0.600000,0.488893,-0.441650,0.911184,0.600000,-0.600000,-0.600000,0.600000,-0.600000,0.722303,-0.575843,-0.600000,-0.776655,0.856627,0.488890,-0.600000,-0.600000,-0.572210,-0.393041,-0.600000,-0.600000,0.482651,-0.718269,-0.440426,-0.723310,-0.393041,0.600000,-0.701784,0.600000,0.596491,-0.600000,0.600000,-0.470175,-0.600000,-0.600000,-0.467684,-0.600000,-0.600000,-0.463951,-0.600000,-0.740009,0.441650,0.626228,0.575789,0.605988,-0.600000,-0.488890,0.600000,-0.600000,0.717259,-0.176421,-0.580743,-0.600000,-0.267937,-0.600000,0.600000,-0.525169,0.600000,-0.600000,-0.600000
31,1,0,0,0,W,0,0,10,1,-0.600000,0.487644,-0.600000,0.702830,1.000000,-0.600000,-0.794384,-0.600000,-0.630774,-0.719281,-0.575789,0.468933,-0.600000,0.487644,-0.436723,0.916700,0.600000,-0.600000,-0.600000,0.600000,-0.600000,0.722303,-0.577064,-0.600000,-0.783526,0.863859,0.488890,-0.600000,-0.600000,-0.573434,-0.383535,-0.600000,-0.600000,0.481402,-0.719281,-0.435501,-0.724310,-0.383535,0.600000,-0.702830,0.600000,0.597694,-0.600000,0.600000,-0.470175,-0.600000,-0.600000,-0.466440,-0.600000,-0.600000,-0.463951,-0.600000,-0.743843,0.436723,0.629736,0.575789,0.605988,-0.600000,-0.488890,0.600000,-0.600000,0.717259,-0.166463,-0.580744,-0.600000,-0.255367,-0.600000,0.600000,-0.516436,0.600000,-0.600000,-0.600000
