tick,food_sensed_N,food_sensed_E,food_sensed_S,food_sensed_W,movement,food_consumed,energy,manhattan_dist,decision_made,conn_0_2,conn_0_3,conn_0_4,conn_0_5,conn_0_7,conn_0_8,conn_0_9,conn_1_0,conn_1_4,conn_1_9,conn_2_0,conn_2_1,conn_2_2,conn_2_3,conn_2_4,conn_2_7,conn_2_9,conn_3_0,conn_3_1,conn_3_8,conn_3_9,conn_3_10,conn_4_0,conn_4_2,conn_4_4,conn_4_5,conn_4_6,conn_4_7,conn_4_8,conn_4_9,conn_5_0,conn_5_1,conn_5_2,conn_5_3,conn_5_4,conn_5_5,conn_5_6,conn_5_7,conn_5_8,conn_5_9,conn_5_10,conn_6_1,conn_6_4,conn_6_6,conn_6_7,conn_6_9,conn_6_10,conn_7_0,conn_7_3,conn_7_5,conn_7_6,conn_7_10,conn_8_0,conn_8_2,conn_8_3,conn_8_4,conn_8_6,conn_8_7,conn_8_8,conn_8_9,conn_8_10,conn_9_0,conn_9_4,conn_9_7,conn_9_8,conn_9_9,conn_9_10,conn_10_2,conn_10_3,conn_10_5,conn_10_7
0,0,0,0,0,stay,0,30,0,0,-0.600000,-0.600000,0.600000,1.000000,-0.600000,-0.600000,-0.600000,-0.600000,0.600000,0.600000,-0.600000,0.600000,-0.600000,-0.600000,-0.600000,-0.600000,-0.600000,0.600000,-0.600000,-0.600000,0.600000,-0.600000,0.600000,0.600000,0.600000,-0.600000,0.600000,-0.600000,-0.600000,-0.600000,-0.600000,-0.600000,-0.600000,-0.600000,-0.600000,0.600000,-0.600000,0.600000,-0.600000,0.600000,-0.600000,0.600000,-0.600000,0.600000,0.600000,0.600000,-0.600000,-0.600000,0.600000,-0.600000,-0.600000,-0.600000,-0.600000,-0.600000,-0.600000,-0.600000,-0.600000,-0.600000,0.600000,-0.600000,-0.600000,0.600000,0.600000,0.600000,-0.600000,-0.600000,-0.600000,-0.600000,-0.600000,0.600000,-0.600000
1,0,0,0,1,stay,0,29,0,1,-0.600000,-0.603596,0.596396,1.000000,-0.591575,-0.600000,-0.600000,-0.600000,0.601200,0.600000,-0.613131,0.609565,-0.598800,-0.600000,-0.600000,-0.603596,-0.591575,0.600000,-0.600000,-0.595195,0.600000,-0.596396,0.600000,0.600000,0.600000,-0.600000,0.603596,-0.603596,-0.600000,-0.601200,-0.600000,-0.587948,-0.600000,-0.601201,-0.600000,0.587948,-0.602399,0.596396,-0.611944,0.600000,-0.596396,0.591575,-0.603596,0.600000,0.592782,0.596396,-0.601200,-0.600000,0.600000,-0.600000,-0.600000,-0.587951,-0.603596,-0.607183,-0.600000,-0.608374,-0.600000,-0.611944,0.600000,-0.591575,-0.600000,0.608374,0.603596,0.600000,-0.603596,-0.608374,-0.600000,-0.596396,-0.600000,0.600000,-0.600000
2,0,0,0,1,N,0,27,1,1,-0.600000,-0.604793,0.589158,1.000000,-0.578228,-0.600000,-0.600000,-0.600000,0.601200,0.600000,-0.627272,0.617867,-0.598800,-0.600000,-0.600000,-0.610755,-0.578228,0.600000,-0.600000,-0.583099,0.600000,-0.590367,0.600000,0.600000,0.600000,-0.600000,0.610755,-0.610755,-0.600000,-0.601200,-0.600000,-0.573345,-0.600000,-0.601202,-0.600000,0.573345,-0.609565,0.595193,-0.626101,0.600000,-0.595193,0.578228,-0.604793,0.600000,0.579447,0.589158,-0.601200,-0.600000,0.600000,-0.600000,-0.600000,-0.578233,-0.604793,-0.609567,-0.600000,-0.615502,-0.600000,-0.626101,0.600000,-0.578228,-0.600000,0.616687,0.604793,0.600000,-0.609565,-0.621405,-0.600000,-0.589158,-0.600000,0.600000,-0.600000
3,1,0,1,0,W,0,25,2,1,-0.600000,-0.604793,0.585524,1.000000,-0.552441,-0.600000,-0.600000,-0.592782,0.608374,0.592782,-0.649216,0.633103,-0.600002,-0.600000,-0.600000,-0.614317,-0.552441,0.600000,-0.592782,-0.557382,0.607182,-0.583096,0.600000,0.600000,0.600000,-0.600000,0.614317,-0.614317,-0.600000,-0.608374,-0.600000,-0.548731,-0.600000,-0.598805,-0.600000,0.548731,-0.609569,0.595193,-0.641202,0.600000,-0.577009,0.559845,-0.604793,0.600000,0.557380,0.585524,-0.608374,-0.600000,0.600000,-0.600000,-0.600000,-0.542549,-0.604793,-0.620231,-0.600000,-0.635423,-0.592782,-0.649216,0.600000,-0.552441,-0.600000,0.627273,0.604793,0.600000,-0.616685,-0.652635,-0.600000,-0.578232,-0.600000,0.600000,-0.607182
4,1,0,1,0,stay,1,29,2,1,-0.600000,-0.604793,0.577009,1.000000,-0.528858,-0.600000,-0.600000,-0.579447,0.609565,0.579447,-0.664999,0.636592,-0.602407,-0.600000,-0.600000,-0.622581,-0.528858,0.600000,-0.579447,-0.533840,0.620227,-0.569673,0.600000,0.600000,0.600000,-0.600000,0.622581,-0.622581,-0.600000,-0.609565,-0.600000,-0.528858,-0.600000,-0.592791,-0.600000,0.528858,-0.610766,0.595193,-0.656027,0.600000,-0.569673,0.549971,-0.604793,0.600000,0.541293,0.577009,-0.609565,-0.600000,0.600000,-0.600000,-0.600000,-0.528875,-0.604793,-0.614334,-0.600000,-0.645793,-0.579447,-0.667225,0.600000,-0.528858,-0.600000,0.636583,0.604793,0.600000,-0.629608,-0.685860,-0.600000,-0.556155,-0.600000,0.600000,-0.620227
5,0,0,0,0,N,0,27,3,1,-0.600000,-0.610755,0.575789,1.000000,-0.526366,-0.600000,-0.600000,-0.579447,0.621405,0.579447,-0.670550,0.638909,-0.600013,-0.600000,-0.600000,-0.623756,-0.526366,0.600000,-0.579447,-0.537572,0.620227,-0.565994,0.600000,0.600000,0.600000,-0.600000,0.623756,-0.623756,-0.600000,-0.621405,-0.600000,-0.525119,-0.600000,-0.590379,-0.600000,0.525119,-0.606005,0.589158,-0.650372,0.600000,-0.559845,0.547495,-0.610755,0.600000,0.545017,0.575789,-0.621405,-0.600000,0.600000,-0.600000,-0.600000,-0.518901,-0.610755,-0.629632,-0.600000,-0.648079,-0.579447,-0.670550,0.600000,-0.526366,-0.600000,0.654900,0.610755,0.600000,-0.633102,-0.688013,-0.600000,-0.554921,-0.600000,0.600000,-0.620227
6,0,0,0,0,stay,1,29,3,1,-0.600000,-0.617867,0.573345,1.000000,-0.523872,-0.600000,-0.600000,-0.574567,0.631939,0.574567,-0.682594,0.645814,-0.590382,-0.600000,-0.600000,-0.626101,-0.523872,0.600000,-0.574567,-0.542541,0.624929,-0.559845,0.600000,0.600000,0.600000,-0.600000,0.626101,-0.626101,-0.600000,-0.631939,-0.600000,-0.521378,-0.600000,-0.594007,-0.600000,0.521378,-0.597624,0.581881,-0.652653,0.600000,-0.553677,0.549974,-0.617867,0.600000,0.553685,0.573345,-0.631939,-0.600000,0.600000,-0.600000,-0.600000,-0.515157,-0.617867,-0.637770,-0.600000,-0.649221,-0.574567,-0.673858,0.600000,-0.523872,-0.600000,0.673874,0.617867,0.600000,-0.638893,-0.694422,-0.600000,-0.547502,-0.600000,0.600000,-0.624929
7,0,1,0,0,E,0,27,2,1,-0.600000,-0.623756,0.569673,1.000000,-0.521378,-0.600000,-0.600000,-0.572122,0.638893,0.572122,-0.682594,0.641229,-0.590382,-0.600000,-0.600000,-0.629608,-0.521378,0.600000,-0.572122,-0.546263,0.627272,-0.554912,0.600000,0.600000,0.600000,-0.600000,0.629608,-0.629608,-0.600000,-0.638893,-0.600000,-0.521378,-0.600000,-0.585544,-0.600000,0.521378,-0.597628,0.575789,-0.645826,0.600000,-0.553677,0.549975,-0.623756,0.600000,0.554922,0.569673,-0.638893,-0.600000,0.600000,-0.600000,-0.600000,-0.520151,-0.623756,-0.641232,-0.600000,-0.645800,-0.572122,-0.673858,0.600000,-0.521378,-0.600000,0.689090,0.623756,0.600000,-0.643498,-0.698653,-0.600000,-0.541303,-0.600000,0.600000,-0.627272
8,0,1,0,0,stay,0,26,2,1,-0.600000,-0.635423,0.559845,1.000000,-0.515137,-0.600000,-0.600000,-0.569673,0.649216,0.569673,-0.684759,0.637775,-0.587963,-0.600000,-0.600000,-0.638893,-0.515137,0.600000,-0.569673,-0.552453,0.629608,-0.548731,0.600000,0.600000,0.600000,-0.600000,0.638893,-0.638893,-0.600000,-0.649216,-0.600000,-0.521378,-0.600000,-0.569699,-0.600000,0.521378,-0.598837,0.563536,-0.637788,0.600000,-0.553677,0.546262,-0.635423,0.600000,0.557395,0.559845,-0.649216,-0.600000,0.600000,-0.600000,-0.600000,-0.526388,-0.635423,-0.650392,-0.600000,-0.636604,-0.569673,-0.673858,0.600000,-0.515137,-0.600000,0.717302,0.635423,0.600000,-0.649216,-0.705978,-0.600000,-0.528868,-0.600000,0.600000,-0.629608
9,0,1,0,0,stay,0,25,2,1,-0.600000,-0.645790,0.553677,1.000000,-0.512639,-0.600000,-0.600000,-0.568448,0.664999,0.568448,-0.685838,0.630821,-0.586751,-0.600000,-0.600000,-0.644645,-0.512639,0.600000,-0.568448,-0.561093,0.630774,-0.540052,0.600000,0.600000,0.600000,-0.600000,0.644645,-0.644645,-0.600000,-0.664999,-0.600000,-0.521378,-0.600000,-0.557407,-0.600000,0.521378,-0.597641,0.552441,-0.622651,0.600000,-0.553677,0.545023,-0.645790,0.600000,0.562326,0.553677,-0.664999,-0.600000,0.600000,-0.600000,-0.600000,-0.535106,-0.645790,-0.659440,-0.600000,-0.630805,-0.568448,-0.673858,0.600000,-0.512639,-0.600000,0.744863,0.645790,0.600000,-0.657151,-0.709085,-0.600000,-0.521388,-0.600000,0.600000,-0.630774
10,0,1,0,0,stay,0,24,2,1,-0.600000,-0.654892,0.546254,1.000000,-0.508891,-0.600000,-0.600000,-0.564765,0.677148,0.564765,-0.686916,0.624985,-0.585539,-0.600000,-0.600000,-0.651492,-0.508891,0.600000,-0.564765,-0.567242,0.634263,-0.532593,0.600000,0.600000,0.600000,-0.600000,0.651492,-0.651492,-0.600000,-0.677148,-0.600000,-0.521378,-0.600000,-0.545044,-0.600000,0.521378,-0.596444,0.542534,-0.610842,0.600000,-0.553677,0.545025,-0.654892,0.600000,0.567246,0.546254,-0.677148,-0.600000,0.600000,-0.600000,-0.600000,-0.542562,-0.654892,-0.665040,-0.600000,-0.623796,-0.564765,-0.673858,0.600000,-0.508891,-0.600000,0.767928,0.654892,0.600000,-0.663883,-0.715241,-0.600000,-0.510152,-0.600000,0.600000,-0.634263
11,0,1,0,0,stay,0,23,2,1,-0.600000,-0.664999,0.537567,1.000000,-0.502642,-0.600000,-0.600000,-0.563536,0.685838,0.563536,-0.694400,0.628499,-0.579463,-0.600000,-0.600000,-0.659402,-0.502642,0.600000,-0.563536,-0.572148,0.635423,-0.527612,0.600000,0.600000,0.600000,-0.600000,0.659402,-0.659402,-0.600000,-0.685838,-0.600000,-0.518882,-0.600000,-0.536357,-0.600000,0.518882,-0.600055,0.531348,-0.609657,0.600000,-0.551205,0.540062,-0.664999,0.600000,0.566022,0.537567,-0.685838,-0.600000,0.600000,-0.600000,-0.600000,-0.542564,-0.664999,-0.676096,-0.600000,-0.617916,-0.563536,-0.676053,0.600000,-0.502642,-0.600000,0.788672,0.664999,0.600000,-0.668335,-0.721318,-0.600000,-0.500153,-0.600000,0.600000,-0.635423
12,0,0,0,0,N,0,21,3,1,-0.600000,-0.668335,0.532593,1.000000,-0.493892,-0.600000,-0.600000,-0.554912,0.689064,0.554912,-0.703875,0.630842,-0.581903,-0.600000,-0.600000,-0.663883,-0.493892,0.600000,-0.554912,-0.567249,0.643498,-0.518882,0.600000,0.600000,0.600000,-0.600000,0.663883,-0.663883,-0.600000,-0.689064,-0.600000,-0.505142,-0.600000,-0.535117,-0.600000,0.505142,-0.594048,0.527612,-0.616780,0.600000,-0.543775,0.540065,-0.668335,0.600000,0.568480,0.532593,-0.689064,-0.600000,0.600000,-0.600000,-0.600000,-0.530138,-0.668335,-0.678295,-0.600000,-0.626151,-0.554912,-0.687991,0.600000,-0.493892,-0.600000,0.796897,0.668335,0.600000,-0.676053,-0.735189,-0.600000,-0.486406,-0.600000,0.600000,-0.643498
13,0,0,0,0,N,0,19,4,1,-0.600000,-0.674957,0.532593,1.000000,-0.493892,-0.600000,-0.600000,-0.552441,0.699685,0.552441,-0.704917,0.627345,-0.583121,-0.600000,-0.600000,-0.663883,-0.493892,0.600000,-0.552441,-0.574601,0.645790,-0.513888,0.600000,0.600000,0.600000,-0.600000,0.663883,-0.663883,-0.600000,-0.699685,-0.600000,-0.502642,-0.600000,-0.528894,-0.600000,0.502642,-0.589218,0.520130,-0.606096,0.600000,-0.540052,0.542548,-0.674957,0.600000,0.573381,0.532593,-0.699685,-0.600000,0.600000,-0.600000,-0.600000,-0.528893,-0.674957,-0.685893,-0.600000,-0.628491,-0.552441,-0.690136,0.600000,-0.493892,-0.600000,0.809564,0.674957,0.600000,-0.680422,-0.737134,-0.600000,-0.483908,-0.600000,0.600000,-0.645790
14,0,0,0,0,stay,0,18,4,1,-0.600000,-0.680422,0.532593,1.000000,-0.488893,-0.600000,-0.600000,-0.548731,0.708031,0.548731,-0.714200,0.632019,-0.583125,-0.600000,-0.600000,-0.663883,-0.488893,0.600000,-0.548731,-0.575827,0.649216,-0.507641,0.600000,0.600000,0.600000,-0.600000,0.663883,-0.663883,-0.600000,-0.708031,-0.600000,-0.491393,-0.600000,-0.528895,-0.600000,0.491393,-0.583157,0.513888,-0.607294,0.600000,-0.531348,0.541309,-0.680422,0.600000,0.574608,0.532593,-0.708031,-0.600000,0.600000,-0.600000,-0.600000,-0.515176,-0.680422,-0.695523,-0.600000,-0.638942,-0.548731,-0.699685,0.600000,-0.488893,-0.600000,0.819404,0.680422,0.600000,-0.685838,-0.743867,-0.600000,-0.480163,-0.600000,0.600000,-0.649216
15,1,0,0,0,N,0,16,5,1,-0.600000,-0.681509,0.528858,1.000000,-0.476408,-0.600000,-0.600000,-0.543775,0.709064,0.543775,-0.721298,0.635508,-0.583129,-0.600000,-0.600000,-0.667225,-0.476408,0.600000,-0.543775,-0.564804,0.653761,-0.502642,0.600000,0.600000,0.600000,-0.600000,0.667225,-0.667225,-0.600000,-0.709064,-0.600000,-0.482648,-0.600000,-0.523911,-0.600000,0.482648,-0.581944,0.512639,-0.614431,0.600000,-0.530103,0.533854,-0.681509,0.600000,0.567261,0.528858,-0.709064,-0.600000,0.600000,-0.600000,-0.600000,-0.510180,-0.681509,-0.693408,-0.600000,-0.643550,-0.543775,-0.706995,0.600000,-0.476408,-0.600000,0.823080,0.681509,0.600000,-0.690136,-0.756996,-0.600000,-0.471432,-0.600000,0.600000,-0.653761
16,1,0,0,1,N,0,14,6,1,-0.600000,-0.682594,0.526366,1.000000,-0.462708,-0.600000,-0.600000,-0.541293,0.711125,0.541293,-0.732231,0.644730,-0.580697,-0.600000,-0.600000,-0.669443,-0.462708,0.600000,-0.541293,-0.552480,0.656023,-0.498892,0.600000,0.600000,0.600000,-0.600000,0.669443,-0.669443,-0.600000,-0.711125,-0.600000,-0.471421,-0.600000,-0.522664,-0.600000,0.471421,-0.579511,0.511390,-0.625041,0.600000,-0.520130,0.522642,-0.682594,0.600000,0.558653,0.526366,-0.711125,-0.600000,0.600000,-0.600000,-0.600000,-0.492682,-0.682594,-0.700807,-0.600000,-0.651544,-0.541293,-0.716239,0.600000,-0.462708,-0.600000,0.826697,0.682594,0.600000,-0.693337,-0.768772,-0.600000,-0.466450,-0.600000,0.600000,-0.656023
17,1,0,1,0,N,0,12,7,1,-0.600000,-0.684759,0.523872,1.000000,-0.436723,-0.600000,-0.600000,-0.535081,0.722303,0.535081,-0.750463,0.661733,-0.579481,-0.600000,-0.600000,-0.671654,-0.436723,0.600000,-0.535081,-0.528897,0.661646,-0.493892,0.600000,0.600000,0.600000,-0.600000,0.671654,-0.671654,-0.600000,-0.722303,-0.600000,-0.449063,-0.600000,-0.517673,-0.600000,0.449063,-0.575855,0.508891,-0.634376,0.600000,-0.500142,0.502659,-0.684759,0.600000,0.538851,0.523872,-0.722303,-0.600000,0.600000,-0.600000,-0.600000,-0.455292,-0.684759,-0.714272,-0.600000,-0.669494,-0.535081,-0.734189,0.600000,-0.436723,-0.600000,0.837202,0.684759,0.600000,-0.697577,-0.791110,-0.600000,-0.457748,-0.600000,0.600000,-0.661646
18,1,0,0,1,E,0,10,8,1,-0.600000,-0.685838,0.521378,1.000000,-0.423239,-0.600000,-0.600000,-0.533837,0.725305,0.533837,-0.761544,0.672842,-0.578263,-0.600000,-0.600000,-0.673858,-0.423239,0.600000,-0.533837,-0.516425,0.662766,-0.491393,0.600000,0.600000,0.600000,-0.600000,0.673858,-0.673858,-0.600000,-0.725305,-0.600000,-0.435493,-0.600000,-0.517673,-0.600000,0.435493,-0.578297,0.507641,-0.644756,0.600000,-0.493892,0.490160,-0.685838,0.600000,0.525161,0.521378,-0.725305,-0.600000,0.600000,-0.600000,-0.600000,-0.437986,-0.685838,-0.719354,-0.600000,-0.679382,-0.533837,-0.744796,0.600000,-0.423239,-0.600000,0.841256,0.685838,0.600000,-0.699685,-0.800869,-0.600000,-0.454026,-0.600000,0.600000,-0.662766
19,0,1,0,1,N,0,8,9,1,-0.600000,-0.685838,0.506391,1.000000,-0.408658,-0.600000,-0.600000,-0.533837,0.725305,0.533837,-0.772282,0.685922,-0.578263,-0.600000,-0.600000,-0.686916,-0.408658,0.600000,-0.533837,-0.501431,0.662766,-0.491393,0.600000,0.600000,0.600000,-0.600000,0.686916,-0.686916,-0.600000,-0.725305,-0.600000,-0.420799,-0.600000,-0.517673,-0.600000,0.420799,-0.592862,0.507641,-0.658386,0.600000,-0.493892,0.475178,-0.685838,0.600000,0.510182,0.506391,-0.725305,-0.600000,0.600000,-0.600000,-0.600000,-0.423271,-0.685838,-0.719354,-0.600000,-0.679382,-0.533837,-0.756046,0.600000,-0.408658,-0.600000,0.849119,0.685838,0.600000,-0.699685,-0.810279,-0.600000,-0.439195,-0.600000,0.600000,-0.662766
20,0,1,1,0,N,0,6,10,1,-0.600000,-0.689064,0.491393,1.000000,-0.399023,-0.600000,-0.600000,-0.522625,0.730263,0.522625,-0.775785,0.682693,-0.586781,-0.600000,-0.600000,-0.699685,-0.399023,0.600000,-0.522625,-0.495181,0.672757,-0.482648,0.600000,0.600000,0.600000,-0.600000,0.699685,-0.699685,-0.600000,-0.730263,-0.600000,-0.407449,-0.600000,-0.508930,-0.600000,0.407449,-0.601290,0.503892,-0.657269,0.600000,-0.490143,0.476423,-0.689064,0.600000,0.506433,0.491393,-0.730263,-0.600000,0.600000,-0.600000,-0.600000,-0.414740,-0.689064,-0.716330,-0.600000,-0.678301,-0.522625,-0.766060,0.600000,-0.399023,-0.600000,0.861514,0.689064,0.600000,-0.706995,-0.823027,-0.600000,-0.413505,-0.600000,0.600000,-0.672757
21,0,0,1,0,E,0,4,11,1,-0.600000,-0.695461,0.490143,1.000000,-0.399023,-0.600000,-0.600000,-0.521378,0.740009,0.521378,-0.780109,0.688088,-0.580709,-0.600000,-0.600000,-0.700735,-0.399023,0.600000,-0.521378,-0.502681,0.673858,-0.482648,0.600000,0.600000,0.600000,-0.600000,0.700735,-0.700735,-0.600000,-0.740009,-0.600000,-0.407449,-0.600000,-0.507681,-0.600000,0.407449,-0.602489,0.496392,-0.651620,0.600000,-0.478903,0.477670,-0.695461,0.600000,0.506433,0.490143,-0.740009,-0.600000,0.600000,-0.600000,-0.600000,-0.403856,-0.695461,-0.730363,-0.600000,-0.677210,-0.521378,-0.766060,0.600000,-0.399023,-0.600000,0.871377,0.695461,0.600000,-0.706995,-0.823755,-0.600000,-0.411080,-0.600000,0.600000,-0.673858
22,0,0,1,0,stay,1,29,11,1,-0.600000,-0.698632,0.490143,1.000000,-0.396627,-0.600000,-0.600000,-0.508891,0.746695,0.508891,-0.788578,0.693444,-0.577058,-0.600000,-0.600000,-0.700735,-0.396627,0.600000,-0.508891,-0.503931,0.684759,-0.476408,0.600000,0.600000,0.600000,-0.600000,0.700735,-0.700735,-0.600000,-0.746695,-0.600000,-0.399023,-0.600000,-0.513929,-0.600000,0.399023,-0.594081,0.492642,-0.655032,0.600000,-0.462708,0.487656,-0.698632,0.600000,0.512682,0.490143,-0.746695,-0.600000,0.600000,-0.600000,-0.600000,-0.385914,-0.698632,-0.736250,-0.600000,-0.684820,-0.508891,-0.772282,0.600000,-0.396627,-0.600000,0.876890,0.698632,0.600000,-0.712152,-0.832311,-0.600000,-0.399025,-0.600000,0.600000,-0.684759
23,0,0,0,0,E,0,27,12,1,-0.600000,-0.703875,0.488893,1.000000,-0.395430,-0.600000,-0.600000,-0.502642,0.753265,0.502642,-0.795994,0.698746,-0.574620,-0.600000,-0.600000,-0.701784,-0.395430,0.600000,-0.502642,-0.508930,0.690136,-0.471421,0.600000,0.600000,0.600000,-0.600000,0.701784,-0.701784,-0.600000,-0.753265,-0.600000,-0.390656,-0.600000,-0.517676,-0.600000,0.390656,-0.588042,0.486395,-0.657297,0.600000,-0.451539,0.492654,-0.703875,0.600000,0.518926,0.488893,-0.753265,-0.600000,0.600000,-0.600000,-0.600000,-0.371777,-0.703875,-0.744915,-0.600000,-0.691267,-0.502642,-0.778387,0.600000,-0.395430,-0.600000,0.883754,0.703875,0.600000,-0.716239,-0.836464,-0.600000,-0.391848,-0.600000,0.600000,-0.690136
24,0,0,1,0,W,0,25,11,1,-0.600000,-0.709064,0.486395,1.000000,-0.393041,-0.600000,-0.600000,-0.491393,0.759721,0.491393,-0.804005,0.703997,-0.569729,-0.600000,-0.600000,-0.703875,-0.393041,0.600000,-0.491393,-0.512679,0.699685,-0.465195,0.600000,0.600000,0.600000,-0.600000,0.703875,-0.703875,-0.600000,-0.759721,-0.600000,-0.383535,-0.600000,-0.521422,-0.600000,0.383535,-0.583193,0.480151,-0.660681,0.600000,-0.442884,0.501403,-0.709064,0.600000,0.523918,0.486395,-0.759721,-0.600000,0.600000,-0.600000,-0.600000,-0.362464,-0.709064,-0.747774,-0.600000,-0.695525,-0.491393,-0.783526,0.600000,-0.393041,-0.600000,0.890771,0.709064,0.600000,-0.721298,-0.843863,-0.600000,-0.378812,-0.600000,0.600000,-0.699685
25,0,0,0,1,S,0,23,10,1,-0.600000,-0.710096,0.486395,1.000000,-0.390656,-0.600000,-0.600000,-0.491393,0.768741,0.491393,-0.811776,0.714320,-0.572179,-0.600000,-0.600000,-0.703875,-0.390656,0.600000,-0.491393,-0.511430,0.699685,-0.465195,0.600000,0.600000,0.600000,-0.600000,0.703875,-0.703875,-0.600000,-0.768741,-0.600000,-0.369443,-0.600000,-0.530150,-0.600000,0.369443,-0.583193,0.478903,-0.660681,0.600000,-0.429355,0.498903,-0.710096,0.600000,0.521423,0.486395,-0.768741,-0.600000,0.600000,-0.600000,-0.600000,-0.336294,-0.710096,-0.758938,-0.600000,-0.708093,-0.491393,-0.793544,0.600000,-0.390656,-0.600000,0.896019,0.710096,0.600000,-0.721298,-0.845179,-0.600000,-0.378812,-0.600000,0.600000,-0.699685
26,0,0,0,1,stay,1,29,10,1,-0.600000,-0.710096,0.482648,1.000000,-0.383535,-0.600000,-0.600000,-0.490143,0.770516,0.490143,-0.818566,0.720411,-0.575848,-0.600000,-0.600000,-0.706995,-0.383535,0.600000,-0.490143,-0.503932,0.700735,-0.461465,0.600000,0.600000,0.600000,-0.600000,0.706995,-0.706995,-0.600000,-0.770516,-0.600000,-0.355569,-0.600000,-0.533886,-0.600000,0.355569,-0.584411,0.478903,-0.668489,0.600000,-0.425683,0.492654,-0.710096,0.600000,0.516431,0.482648,-0.770516,-0.600000,0.600000,-0.600000,-0.600000,-0.323019,-0.710096,-0.760767,-0.600000,-0.717316,-0.490143,-0.803215,0.600000,-0.383535,-0.600000,0.898329,0.710096,0.600000,-0.724306,-0.849713,-0.600000,-0.374113,-0.600000,0.600000,-0.700735
27,0,0,0,0,N,0,27,11,1,-0.600000,-0.716239,0.478903,1.000000,-0.376463,-0.600000,-0.600000,-0.486395,0.774913,0.486395,-0.825164,0.725433,-0.574632,-0.600000,-0.600000,-0.710096,-0.376463,0.600000,-0.486395,-0.503932,0.703875,-0.456497,0.600000,0.600000,0.600000,-0.600000,0.710096,-0.710096,-0.600000,-0.774913,-0.600000,-0.346450,-0.600000,-0.530154,-0.600000,0.346450,-0.579550,0.471421,-0.672919,0.600000,-0.420799,0.488904,-0.716239,0.600000,0.517681,0.478903,-0.774913,-0.600000,0.600000,-0.600000,-0.600000,-0.314317,-0.716239,-0.767097,-0.600000,-0.722365,-0.486395,-0.809470,0.600000,-0.376463,-0.600000,0.904563,0.716239,0.600000,-0.728287,-0.855380,-0.600000,-0.367110,-0.600000,0.600000,-0.703875
28,0,0,0,0,E,0,25,12,1,-0.600000,-0.722303,0.477656,1.000000,-0.370609,-0.600000,-0.600000,-0.480151,0.779249,0.480151,-0.830870,0.728426,-0.577080,-0.600000,-0.600000,-0.711125,-0.370609,0.600000,-0.480151,-0.505182,0.709064,-0.450300,0.600000,0.600000,0.600000,-0.600000,0.711125,-0.711125,-0.600000,-0.779249,-0.600000,-0.335209,-0.600000,-0.526418,-0.600000,0.335209,-0.573450,0.463951,-0.676221,0.600000,-0.414715,0.488904,-0.722303,0.600000,0.518930,0.477656,-0.779249,-0.600000,0.600000,-0.600000,-0.600000,-0.303622,-0.722303,-0.772435,-0.600000,-0.731312,-0.480151,-0.817074,0.600000,-0.370609,-0.600000,0.909630,0.722303,0.600000,-0.733211,-0.861469,-0.600000,-0.360161,-0.600000,0.600000,-0.709064
29,0,0,0,0,W,0,23,11,1,-0.600000,-0.729276,0.475161,1.000000,-0.369443,-0.600000,-0.600000,-0.477656,0.786063,0.477656,-0.836426,0.730415,-0.574641,-0.600000,-0.600000,-0.713177,-0.369443,0.600000,-0.477656,-0.512680,0.711125,-0.442884,0.600000,0.600000,0.600000,-0.600000,0.713177,-0.713177,-0.600000,-0.786063,-0.600000,-0.328551,-0.600000,-0.526419,-0.600000,0.328551,-0.569780,0.455257,-0.676236,0.600000,-0.406242,0.490153,-0.729276,0.600000,0.523921,0.475161,-0.786063,-0.600000,0.600000,-0.600000,-0.600000,-0.296243,-0.729276,-0.782835,-0.600000,-0.735230,-0.477656,-0.821522,0.600000,-0.369443,-0.600000,0.916396,0.729276,0.600000,-0.739045,-0.863252,-0.600000,-0.355561,-0.600000,0.600000,-0.711125
30,0,0,1,0,W,0,21,10,1,-0.600000,-0.733211,0.471421,1.000000,-0.367115,-0.600000,-0.600000,-0.460222,0.790243,0.460222,-0.843824,0.736300,-0.570976,-0.600000,-0.600000,-0.716239,-0.367115,0.600000,-0.460222,-0.515179,0.725305,-0.436723,0.600000,0.600000,0.600000,-0.600000,0.716239,-0.716239,-0.600000,-0.790243,-0.600000,-0.319781,-0.600000,-0.532649,-0.600000,0.319781,-0.562416,0.450300,-0.682785,0.600000,-0.396627,0.505151,-0.733211,0.600000,0.532645,0.471421,-0.790243,-0.600000,0.600000,-0.600000,-0.600000,-0.284877,-0.733211,-0.781149,-0.600000,-0.740076,-0.460222,-0.827321,0.600000,-0.367115,-0.600000,0.920892,0.733211,0.600000,-0.743843,-0.872441,-0.600000,-0.336312,-0.600000,0.600000,-0.725305
31,0,0,0,0,E,0,19,11,1,-0.600000,-0.739045,0.470175,1.000000,-0.365953,-0.600000,-0.600000,-0.457739,0.795179,0.457739,-0.845794,0.736306,-0.569752,-0.600000,-0.600000,-0.717255,-0.365953,0.600000,-0.457739,-0.521421,0.727295,-0.433035,0.600000,0.600000,0.600000,-0.600000,0.717255,-0.717255,-0.600000,-0.795179,-0.600000,-0.317607,-0.600000,-0.527669,-0.600000,0.317607,-0.561186,0.442884,-0.679536,0.600000,-0.393041,0.506401,-0.739045,0.600000,0.533890,0.470175,-0.795179,-0.600000,0.600000,-0.600000,-0.600000,-0.282833,-0.739045,-0.787085,-0.600000,-0.741038,-0.457739,-0.828748,0.600000,-0.365953,-0.600000,0.925515,0.739045,0.600000,-0.746695,-0.874104,-0.600000,-0.332969,-0.600000,0.600000,-0.727295
32,0,0,0,0,stay,0,18,11,1,-0.600000,-0.750463,0.470175,1.000000,-0.365953,-0.600000,-0.600000,-0.456497,0.804005,0.456497,-0.846447,0.733389,-0.568527,-0.600000,-0.600000,-0.717255,-0.365953,0.600000,-0.456497,-0.536372,0.728287,-0.428130,0.600000,0.600000,0.600000,-0.600000,0.717255,-0.717255,-0.600000,-0.804005,-0.600000,-0.317607,-0.600000,-0.513946,-0.600000,0.317607,-0.558723,0.428130,-0.668561,0.600000,-0.391848,0.507651,-0.750463,0.600000,0.536378,0.470175,-0.804005,-0.600000,0.600000,-0.600000,-0.600000,-0.285882,-0.750463,-0.796983,-0.600000,-0.741038,-0.456497,-0.828748,0.600000,-0.365953,-0.600000,0.933090,0.750463,0.600000,-0.750463,-0.874654,-0.600000,-0.331859,-0.600000,0.600000,-0.728287
33,0,0,0,0,stay,0,17,11,1,-0.600000,-0.758806,0.470175,1.000000,-0.365953,-0.600000,-0.600000,-0.455257,0.811010,0.455257,-0.851583,0.735356,-0.563617,-0.600000,-0.600000,-0.717255,-0.365953,0.600000,-0.455257,-0.547544,0.729276,-0.420799,0.600000,0.600000,0.600000,-0.600000,0.717255,-0.717255,-0.600000,-0.811010,-0.600000,-0.313285,-0.600000,-0.512697,-0.600000,0.313285,-0.551316,0.417146,-0.667466,0.600000,-0.382353,0.508901,-0.758806,0.600000,0.543831,0.470175,-0.811010,-0.600000,0.600000,-0.600000,-0.600000,-0.279771,-0.758806,-0.809646,-0.600000,-0.744862,-0.455257,-0.831572,0.600000,-0.365953,-0.600000,0.938508,0.758806,0.600000,-0.756046,-0.875203,-0.600000,-0.330750,-0.600000,0.600000,-0.729276
34,0,0,1,0,W,0,15,10,1,-0.600000,-0.765161,0.470175,1.000000,-0.364793,-0.600000,-0.600000,-0.445354,0.817821,0.445354,-0.855341,0.737309,-0.563620,-0.600000,-0.600000,-0.717255,-0.364793,0.600000,-0.445354,-0.554968,0.737110,-0.415930,0.600000,0.600000,0.600000,-0.600000,0.717255,-0.717255,-0.600000,-0.817821,-0.600000,-0.306861,-0.600000,-0.510199,-0.600000,0.306861,-0.545126,0.408658,-0.664141,0.600000,-0.370609,0.517645,-0.765161,0.600000,0.548790,0.470175,-0.817821,-0.600000,0.600000,-0.600000,-0.600000,-0.267811,-0.765161,-0.816505,-0.600000,-0.750528,-0.445354,-0.835739,0.600000,-0.364793,-0.600000,0.942980,0.765161,0.600000,-0.759721,-0.880044,-0.600000,-0.321949,-0.600000,0.600000,-0.737110
35,0,0,1,0,stay,0,14,10,1,-0.600000,-0.773161,0.468930,1.000000,-0.364793,-0.600000,-0.600000,-0.439185,0.825164,0.439185,-0.857802,0.736350,-0.561161,-0.600000,-0.600000,-0.718269,-0.364793,0.600000,-0.439185,-0.566056,0.741931,-0.409867,0.600000,0.600000,0.600000,-0.600000,0.718269,-0.718269,-0.600000,-0.825164,-0.600000,-0.304736,-0.600000,-0.503951,-0.600000,0.304736,-0.542646,0.397824,-0.657425,0.600000,-0.367115,0.523885,-0.773161,0.600000,0.552502,0.468930,-0.825164,-0.600000,0.600000,-0.600000,-0.600000,-0.267797,-0.773161,-0.821706,-0.600000,-0.751467,-0.439185,-0.837110,0.600000,-0.364793,-0.600000,0.948142,0.773161,0.600000,-0.764261,-0.882663,-0.600000,-0.315428,-0.600000,0.600000,-0.741931
36,0,0,1,0,stay,0,13,10,1,-0.600000,-0.778387,0.468930,1.000000,-0.364793,-0.600000,-0.600000,-0.436723,0.830870,0.436723,-0.860229,0.736359,-0.556231,-0.600000,-0.600000,-0.718269,-0.364793,0.600000,-0.436723,-0.573413,0.743843,-0.405036,0.600000,0.600000,0.600000,-0.600000,0.718269,-0.718269,-0.600000,-0.830870,-0.600000,-0.304736,-0.600000,-0.501451,-0.600000,0.304736,-0.542646,0.390656,-0.652911,0.600000,-0.362477,0.526379,-0.778387,0.600000,0.552502,0.468930,-0.830870,-0.600000,0.600000,-0.600000,-0.600000,-0.267791,-0.778387,-0.827503,-0.600000,-0.751467,-0.436723,-0.837110,0.600000,-0.364793,-0.600000,0.951487,0.778387,0.600000,-0.767850,-0.883697,-0.600000,-0.313270,-0.600000,0.600000,-0.743843
37,0,0,1,0,stay,0,12,10,1,-0.600000,-0.785219,0.468930,1.000000,-0.364793,-0.600000,-0.600000,-0.435493,0.837110,0.435493,-0.862026,0.736366,-0.552527,-0.600000,-0.600000,-0.718269,-0.364793,0.600000,-0.435493,-0.583171,0.744796,-0.401425,0.600000,0.600000,0.600000,-0.600000,0.718269,-0.718269,-0.600000,-0.837110,-0.600000,-0.304736,-0.600000,-0.495201,-0.600000,0.304736,-0.542646,0.381172,-0.646086,0.600000,-0.360168,0.527625,-0.785219,0.600000,0.552502,0.468930,-0.837110,-0.600000,0.600000,-0.600000,-0.600000,-0.268766,-0.785219,-0.833842,-0.600000,-0.751467,-0.435493,-0.837110,0.600000,-0.364793,-0.600000,0.955277,0.785219,0.600000,-0.770516,-0.884211,-0.600000,-0.312195,-0.600000,0.600000,-0.744796
38,0,0,1,0,stay,0,11,10,1,-0.600000,-0.791898,0.468930,1.000000,-0.363634,-0.600000,-0.600000,-0.423239,0.844483,0.423239,-0.866723,0.737352,-0.547579,-0.600000,-0.600000,-0.718269,-0.363634,0.600000,-0.423239,-0.591658,0.754195,-0.393041,0.600000,0.600000,0.600000,-0.600000,0.718269,-0.718269,-0.600000,-0.844483,-0.600000,-0.300511,-0.600000,-0.493951,-0.600000,0.300511,-0.536436,0.371777,-0.642661,0.600000,-0.348720,0.538827,-0.791898,0.600000,0.557444,0.468930,-0.844483,-0.600000,0.600000,-0.600000,-0.600000,-0.261915,-0.791898,-0.839328,-0.600000,-0.755188,-0.423239,-0.839823,0.600000,-0.363634,-0.600000,0.959176,0.791898,0.600000,-0.776655,-0.889734,-0.600000,-0.301550,-0.600000,0.600000,-0.754195
39,0,0,1,0,stay,0,10,10,1,-0.600000,-0.797615,0.468930,1.000000,-0.363634,-0.600000,-0.600000,-0.422018,0.850948,0.422018,-0.868450,0.736391,-0.543862,-0.600000,-0.600000,-0.718269,-0.363634,0.600000,-0.422018,-0.600090,0.755122,-0.388277,0.600000,0.600000,0.600000,-0.600000,0.718269,-0.718269,-0.600000,-0.850948,-0.600000,-0.300511,-0.600000,-0.488952,-0.600000,0.300511,-0.536436,0.363634,-0.634590,0.600000,-0.345318,0.540070,-0.797615,0.600000,0.557444,0.468930,-0.850948,-0.600000,0.600000,-0.600000,-0.600000,-0.262875,-0.797615,-0.845315,-0.600000,-0.755188,-0.422018,-0.839823,0.600000,-0.363634,-0.600000,0.962389,0.797615,0.600000,-0.780109,-0.890225,-0.600000,-0.300497,-0.600000,0.600000,-0.755122
40,0,0,1,0,stay,0,9,10,1,-0.600000,-0.804793,0.468930,1.000000,-0.363634,-0.600000,-0.600000,-0.420799,0.857190,0.420799,-0.869590,0.733477,-0.541380,-0.600000,-0.600000,-0.718269,-0.363634,0.600000,-0.420799,-0.610845,0.756046,-0.382353,0.600000,0.600000,0.600000,-0.600000,0.718269,-0.718269,-0.600000,-0.857190,-0.600000,-0.300511,-0.600000,-0.480210,-0.600000,0.300511,-0.536436,0.353279,-0.625271,0.600000,-0.343059,0.541312,-0.804793,0.600000,0.557444,0.468930,-0.857190,-0.600000,0.600000,-0.600000,-0.600000,-0.265784,-0.804793,-0.851754,-0.600000,-0.755188,-0.420799,-0.839823,0.600000,-0.363634,-0.600000,0.965694,0.804793,0.600000,-0.784374,-0.890714,-0.600000,-0.299446,-0.600000,0.600000,-0.756046
41,0,0,1,0,stay,0,8,10,1,-0.600000,-0.810241,0.468930,1.000000,-0.363634,-0.600000,-0.600000,-0.418362,0.863804,0.418362,-0.870157,0.730540,-0.540139,-0.600000,-0.600000,-0.718269,-0.363634,0.600000,-0.418362,-0.619136,0.757888,-0.377638,0.600000,0.600000,0.600000,-0.600000,0.718269,-0.718269,-0.600000,-0.863804,-0.600000,-0.300511,-0.600000,-0.472725,-0.600000,0.300511,-0.536436,0.345318,-0.613492,0.600000,-0.340807,0.543794,-0.810241,0.600000,0.557444,0.468930,-0.863804,-0.600000,0.600000,-0.600000,-0.600000,-0.267733,-0.810241,-0.856126,-0.600000,-0.755188,-0.418362,-0.839823,0.600000,-0.363634,-0.600000,0.968564,0.810241,0.600000,-0.787742,-0.891685,-0.600000,-0.297350,-0.600000,0.600000,-0.757888
42,0,0,1,0,stay,0,7,10,1,-0.600000,-0.815572,0.468930,1.000000,-0.363634,-0.600000,-0.600000,-0.414715,0.868450,0.414715,-0.871846,0.729563,-0.536412,-0.600000,-0.600000,-0.718269,-0.363634,0.600000,-0.414715,-0.627360,0.760633,-0.372946,0.600000,0.600000,0.600000,-0.600000,0.718269,-0.718269,-0.600000,-0.868450,-0.600000,-0.300511,-0.600000,-0.467741,-0.600000,0.300511,-0.536436,0.337443,-0.607551,0.600000,-0.336325,0.547514,-0.815572,0.600000,0.557444,0.468930,-0.868450,-0.600000,0.600000,-0.600000,-0.600000,-0.267729,-0.815572,-0.860994,-0.600000,-0.755188,-0.414715,-0.839823,0.600000,-0.363634,-0.600000,0.970777,0.815572,0.600000,-0.791072,-0.893128,-0.600000,-0.294223,-0.600000,0.600000,-0.760633
43,0,0,1,0,stay,0,6,10,1,-0.600000,-0.819309,0.468930,1.000000,-0.361322,-0.600000,-0.600000,-0.402628,0.873515,0.402628,-0.876257,0.730565,-0.531436,-0.600000,-0.600000,-0.718269,-0.361322,0.600000,-0.402628,-0.630865,0.769630,-0.364793,0.600000,0.600000,0.600000,-0.600000,0.718269,-0.718269,-0.600000,-0.873515,-0.600000,-0.296320,-0.600000,-0.468984,-0.600000,0.296320,-0.528970,0.331872,-0.606366,0.600000,-0.325248,0.557407,-0.819309,0.600000,0.562375,0.468930,-0.873515,-0.600000,0.600000,-0.600000,-0.600000,-0.260894,-0.819309,-0.863980,-0.600000,-0.758871,-0.402628,-0.842500,0.600000,-0.361322,-0.600000,0.972704,0.819309,0.600000,-0.796806,-0.898732,-0.600000,-0.283937,-0.600000,0.600000,-0.769630
44,0,0,1,0,stay,0,5,10,1,-0.600000,-0.823715,0.468930,1.000000,-0.360168,-0.600000,-0.600000,-0.393041,0.877877,0.393041,-0.880009,0.732542,-0.527701,-0.600000,-0.600000,-0.718269,-0.360168,0.600000,-0.393041,-0.636673,0.776655,-0.359016,0.600000,0.600000,0.600000,-0.600000,0.718269,-0.718269,-0.600000,-0.877877,-0.600000,-0.292162,-0.600000,-0.468982,-0.600000,0.292162,-0.523984,0.325248,-0.605179,0.600000,-0.316524,0.566027,-0.823715,0.600000,0.566065,0.468930,-0.877877,-0.600000,0.600000,-0.600000,-0.600000,-0.254173,-0.823715,-0.867486,-0.600000,-0.762517,-0.393041,-0.845140,0.600000,-0.360168,-0.600000,0.974507,0.823715,0.600000,-0.800829,-0.902763,-0.600000,-0.275866,-0.600000,0.600000,-0.776655
45,0,0,1,0,stay,0,4,10,1,-0.600000,-0.830165,0.468930,1.000000,-0.360168,-0.600000,-0.600000,-0.390656,0.882629,0.390656,-0.881063,0.730585,-0.525208,-0.600000,-0.600000,-0.718269,-0.360168,0.600000,-0.390656,-0.647024,0.778387,-0.354423,0.600000,0.600000,0.600000,-0.600000,0.718269,-0.718269,-0.600000,-0.882629,-0.600000,-0.292162,-0.600000,-0.460274,-0.600000,0.292162,-0.523984,0.315442,-0.596790,0.600000,-0.315442,0.568483,-0.830165,0.600000,0.566065,0.468930,-0.882629,-0.600000,0.600000,-0.600000,-0.600000,-0.257022,-0.830165,-0.872025,-0.600000,-0.762517,-0.390656,-0.845140,0.600000,-0.360168,-0.600000,0.976658,0.830165,0.600000,-0.804005,-0.903639,-0.600000,-0.273871,-0.600000,0.600000,-0.778387
46,0,0,1,1,W,0,2,9,1,-0.600000,-0.832273,0.467684,1.000000,-0.355569,-0.600000,-0.600000,-0.387090,0.884689,0.387090,-0.886213,0.739361,-0.522715,-0.600000,-0.600000,-0.719281,-0.355569,0.600000,-0.387090,-0.645887,0.780967,-0.353279,0.600000,0.600000,0.600000,-0.600000,0.719281,-0.719281,-0.600000,-0.884689,-0.600000,-0.283951,-0.600000,-0.464002,-0.600000,0.283951,-0.523985,0.312209,-0.603992,0.600000,-0.310064,0.567258,-0.832273,0.600000,0.562378,0.467684,-0.884689,-0.600000,0.600000,-0.600000,-0.600000,-0.245706,-0.832273,-0.874800,-0.600000,-0.768805,-0.387090,-0.850312,0.600000,-0.355569,-0.600000,0.977556,0.832273,0.600000,-0.804793,-0.906652,-0.600000,-0.269905,-0.600000,0.600000,-0.780967
47,0,0,0,0,N,0,0,10,1,-0.600000,-0.837110,0.463951,1.000000,-0.348720,-0.600000,-0.600000,-0.381172,0.888218,0.381172,-0.889702,0.740338,-0.525211,-0.600000,-0.600000,-0.722303,-0.348720,0.600000,-0.381172,-0.647039,0.785219,-0.346450,0.600000,0.600000,0.600000,-0.600000,0.722303,-0.722303,-0.600000,-0.888218,-0.600000,-0.274881,-0.600000,-0.456544,-0.600000,0.274881,-0.520243,0.304736,-0.603999,0.600000,-0.306861,0.566034,-0.837110,0.600000,0.562381,0.463951,-0.888218,-0.600000,0.600000,-0.600000,-0.600000,-0.240172,-0.837110,-0.877528,-0.600000,-0.774106,-0.381172,-0.855960,0.600000,-0.348720,-0.600000,0.979353,0.837110,0.600000,-0.809470,-0.911214,-0.600000,-0.262082,-0.600000,0.600000,-0.785219
