tick,food_sensed_N,food_sensed_E,food_sensed_S,food_sensed_W,movement,food_consumed,energy,manhattan_dist,decision_made,conn_0_0,conn_0_4,conn_0_5,conn_0_9,conn_1_0,conn_1_2,conn_1_3,conn_1_4,conn_1_8,conn_1_9,conn_1_10,conn_2_0,conn_2_2,conn_2_3,conn_2_5,conn_2_6,conn_2_7,conn_2_8,conn_2_10,conn_3_2,conn_3_4,conn_3_5,conn_3_7,conn_3_8,conn_3_9,conn_4_0,conn_4_4,conn_4_6,conn_4_7,conn_4_8,conn_4_10,conn_5_0,conn_5_2,conn_5_3,conn_5_4,conn_5_5,conn_5_9,conn_5_10,conn_6_4,conn_6_6,conn_6_10,conn_7_0,conn_7_1,conn_7_2,conn_7_3,conn_7_4,conn_7_5,conn_7_8,conn_7_9,conn_7_10,conn_8_1,conn_8_5,conn_8_6,conn_8_7,conn_8_9,conn_8_10,conn_9_0,conn_9_1,conn_9_2,conn_9_3,conn_9_5,conn_9_6,conn_9_7,conn_9_8,conn_9_9,conn_10_0,conn_10_2,conn_10_3,conn_10_7,conn_10_8,conn_10_9
0,0,0,0,0,stay,0,30,0,0,0.600000,-0.600000,1.000000,-0.600000,-0.600000,0.600000,0.600000,-0.600000,-0.600000,0.600000,-0.600000,0.600000,-0.600000,0.600000,0.600000,0.600000,0.600000,-0.600000,-0.600000,0.600000,0.600000,-0.600000,-0.600000,0.600000,-0.600000,-0.600000,0.600000,-0.600000,-0.600000,-0.600000,-0.600000,0.600000,0.600000,-0.600000,-0.600000,-0.600000,-0.600000,-0.600000,-0.600000,-0.600000,-0.600000,-0.600000,0.600000,-0.600000,0.600000,-0.600000,-0.600000,-0.600000,-0.600000,-0.600000,0.600000,-0.600000,0.600000,0.600000,-0.600000,-0.600000,-0.600000,-0.600000,-0.600000,0.600000,-0.600000,-0.600000,0.600000,-0.600000,-0.600000,0.600000,-0.600000,-0.600000,-0.600000,-0.600000,-0.600000
1,1,0,0,0,stay,0,29,0,1,0.590367,-0.609565,1.000000,-0.600000,-0.601200,0.600001,0.600000,-0.593988,-0.600000,0.600000,-0.590367,0.616688,-0.593988,0.597599,0.600000,0.603599,0.600000,-0.596396,-0.603596,0.590367,0.587950,-0.600000,-0.603596,0.600000,-0.603596,-0.603596,0.600000,-0.600000,-0.596396,-0.600000,-0.600000,0.613131,0.600000,-0.600000,-0.600000,-0.600000,-0.583100,-0.590369,-0.602399,-0.597600,-0.600000,-0.592785,0.600000,-0.600000,0.600000,-0.605988,-0.600000,-0.600000,-0.600000,-0.600000,0.596396,-0.600000,0.600000,0.600000,-0.609565,-0.600000,-0.607182,-0.600000,-0.600000,0.600000,-0.591577,-0.593988,0.600000,-0.600000,-0.600000,0.600000,-0.596398,-0.603596,-0.600000,-0.600000,-0.600000
2,0,0,0,1,N,0,27,1,1,0.580664,-0.619048,1.000000,-0.600000,-0.615502,0.600001,0.600000,-0.586737,-0.600000,0.614317,-0.566000,0.617870,-0.584311,0.590367,0.600000,0.617878,0.600000,-0.581881,-0.603596,0.580664,0.570906,-0.600000,-0.603596,0.600000,-0.603596,-0.603596,0.600000,-0.600000,-0.596396,-0.600000,-0.600000,0.614317,0.600000,-0.600000,-0.600000,-0.600000,-0.596413,-0.589159,-0.623764,-0.597600,-0.600000,-0.607191,0.600000,-0.600000,0.600000,-0.615502,-0.585524,-0.600000,-0.600000,-0.585524,0.596396,-0.600000,0.585524,0.600000,-0.619048,-0.600000,-0.607189,-0.600000,-0.600000,0.600000,-0.581882,-0.586737,0.600000,-0.600000,-0.600000,0.600000,-0.604797,-0.603596,-0.600000,-0.600000,-0.600000
3,0,0,0,1,stay,1,29,1,1,0.574567,-0.624929,1.000000,-0.600000,-0.622581,0.600001,0.600000,-0.579447,-0.600000,0.621405,-0.545025,0.617870,-0.578228,0.583096,0.600000,0.631958,0.600000,-0.574567,-0.603596,0.574567,0.557392,-0.600000,-0.603596,0.600000,-0.603596,-0.603596,0.600000,-0.600000,-0.596396,-0.600000,-0.600000,0.614317,0.600000,-0.600000,-0.600000,-0.600000,-0.610775,-0.589159,-0.644662,-0.597600,-0.600000,-0.614327,0.600000,-0.600000,0.600000,-0.621405,-0.578228,-0.600000,-0.600000,-0.578228,0.596396,-0.600000,0.578228,0.600000,-0.624929,-0.600000,-0.607197,-0.600000,-0.600000,0.600000,-0.575790,-0.579447,0.600000,-0.600000,-0.600000,0.600000,-0.610760,-0.603596,-0.600000,-0.600000,-0.600000
4,0,0,0,1,stay,0,28,1,1,0.569673,-0.629608,1.000000,-0.600000,-0.622581,0.600001,0.600000,-0.572122,-0.600000,0.621405,-0.525131,0.617870,-0.573345,0.575789,0.600000,0.645818,0.600000,-0.574567,-0.603596,0.569673,0.545029,-0.600000,-0.603596,0.600000,-0.603596,-0.603596,0.600000,-0.600000,-0.596396,-0.600000,-0.600000,0.614317,0.600000,-0.600000,-0.600000,-0.600000,-0.624948,-0.589159,-0.665026,-0.597600,-0.600000,-0.614327,0.600000,-0.600000,0.600000,-0.626101,-0.578228,-0.600000,-0.600000,-0.578228,0.596396,-0.600000,0.578228,0.600000,-0.629608,-0.600000,-0.607205,-0.600000,-0.600000,0.600000,-0.570899,-0.572122,0.600000,-0.600000,-0.600000,0.600000,-0.615507,-0.603596,-0.600000,-0.600000,-0.600000
5,0,0,0,1,stay,0,27,1,1,0.565994,-0.633102,1.000000,-0.600000,-0.624929,0.600001,0.600000,-0.567221,-0.600000,0.621405,-0.493905,0.617870,-0.569673,0.572122,0.600000,0.671688,0.600000,-0.574567,-0.603596,0.565994,0.537584,-0.600000,-0.603596,0.600000,-0.603596,-0.603596,0.600000,-0.600000,-0.596396,-0.600000,-0.600000,0.614317,0.600000,-0.600000,-0.600000,-0.600000,-0.650374,-0.589159,-0.692303,-0.600004,-0.600000,-0.614327,0.600000,-0.600000,0.600000,-0.629608,-0.578228,-0.600000,-0.600000,-0.578228,0.596396,-0.600000,0.578228,0.600000,-0.633102,-0.600000,-0.608401,-0.600000,-0.600000,0.600000,-0.569676,-0.567221,0.600000,-0.600000,-0.600000,0.600000,-0.619053,-0.603596,-0.600000,-0.600000,-0.600000
6,0,0,0,1,stay,0,26,1,1,0.565994,-0.633102,1.000000,-0.600000,-0.629608,0.600001,0.600000,-0.567221,-0.600000,0.621405,-0.466452,0.617870,-0.569673,0.572122,0.600000,0.695494,0.600000,-0.574567,-0.603596,0.565994,0.537584,-0.600000,-0.603596,0.600000,-0.603596,-0.603596,0.600000,-0.600000,-0.596396,-0.600000,-0.600000,0.614317,0.600000,-0.600000,-0.600000,-0.600000,-0.674974,-0.589159,-0.715250,-0.604796,-0.600000,-0.614327,0.600000,-0.600000,0.600000,-0.629608,-0.578228,-0.600000,-0.600000,-0.578228,0.596396,-0.600000,0.578228,0.600000,-0.633102,-0.600000,-0.608401,-0.600000,-0.600000,0.600000,-0.574574,-0.567221,0.600000,-0.600000,-0.600000,0.600000,-0.619053,-0.603596,-0.600000,-0.600000,-0.600000
7,0,0,0,1,stay,0,25,1,1,0.565994,-0.633102,1.000000,-0.600000,-0.633102,0.600001,0.600000,-0.567221,-0.600000,0.621405,-0.439198,0.617870,-0.569673,0.572122,0.600000,0.718300,0.600000,-0.574567,-0.603596,0.565994,0.537584,-0.600000,-0.603596,0.600000,-0.603596,-0.603596,0.600000,-0.600000,-0.596396,-0.600000,-0.600000,0.614317,0.600000,-0.600000,-0.600000,-0.600000,-0.698649,-0.589159,-0.737138,-0.608378,-0.600000,-0.614327,0.600000,-0.600000,0.600000,-0.629608,-0.578228,-0.600000,-0.600000,-0.578228,0.596396,-0.600000,0.578228,0.600000,-0.633102,-0.600000,-0.608401,-0.600000,-0.600000,0.600000,-0.578238,-0.567221,0.600000,-0.600000,-0.600000,0.600000,-0.619053,-0.603596,-0.600000,-0.600000,-0.600000
8,0,0,0,1,stay,0,24,1,1,0.565994,-0.633102,1.000000,-0.600000,-0.635423,0.600001,0.600000,-0.567221,-0.600000,0.621405,-0.412302,0.617870,-0.569673,0.572122,0.600000,0.740039,0.600000,-0.574567,-0.603596,0.565994,0.537584,-0.600000,-0.603596,0.600000,-0.603596,-0.603596,0.600000,-0.600000,-0.596396,-0.600000,-0.600000,0.614317,0.600000,-0.600000,-0.600000,-0.600000,-0.721314,-0.589159,-0.757915,-0.610759,-0.600000,-0.614327,0.600000,-0.600000,0.600000,-0.629608,-0.578228,-0.600000,-0.600000,-0.578228,0.596396,-0.600000,0.578228,0.600000,-0.633102,-0.600000,-0.608401,-0.600000,-0.600000,0.600000,-0.580676,-0.567221,0.600000,-0.600000,-0.600000,0.600000,-0.619053,-0.603596,-0.600000,-0.600000,-0.600000
9,1,0,0,0,W,0,22,2,1,0.545015,-0.652627,1.000000,-0.600000,-0.656023,0.595195,0.600000,-0.551205,-0.600000,0.642349,-0.389478,0.645797,-0.558612,0.562307,0.600000,0.746735,0.600000,-0.547495,-0.608374,0.545015,0.506410,-0.600000,-0.613131,0.600000,-0.613131,-0.608374,0.600000,-0.600000,-0.591575,-0.600000,-0.600000,0.637738,0.600000,-0.600000,-0.600000,-0.600000,-0.694495,-0.569676,-0.766982,-0.609570,-0.600000,-0.624940,0.600000,-0.600000,0.600000,-0.644645,-0.556146,-0.600000,-0.600000,-0.556146,0.595193,-0.600000,0.556146,0.600000,-0.652627,-0.600000,-0.619077,-0.600000,-0.600000,0.600000,-0.559856,-0.551205,0.600000,-0.600000,-0.600000,0.600000,-0.615512,-0.608374,-0.600000,-0.600000,-0.600000
10,1,0,0,0,stay,1,29,2,1,0.531348,-0.664999,1.000000,-0.600000,-0.661646,0.589162,0.600000,-0.538810,-0.600000,0.648076,-0.376475,0.660534,-0.552442,0.557380,0.600000,0.752376,0.600000,-0.540054,-0.609565,0.531348,0.487663,-0.600000,-0.620227,0.600000,-0.620227,-0.609565,0.600000,-0.600000,-0.590367,-0.600000,-0.600000,0.651492,0.600000,-0.600000,-0.600000,-0.600000,-0.675103,-0.556148,-0.770542,-0.609570,-0.600000,-0.623771,0.600000,-0.600000,0.600000,-0.656023,-0.549968,-0.600000,-0.600000,-0.549968,0.595193,-0.600000,0.549968,0.600000,-0.664999,-0.600000,-0.627301,-0.600000,-0.600000,0.600000,-0.546265,-0.538810,0.600000,-0.600000,-0.600000,0.600000,-0.614329,-0.609565,-0.600000,-0.600000,-0.600000
11,0,0,0,1,N,0,27,3,1,0.522625,-0.672757,1.000000,-0.600000,-0.682598,0.586740,0.600000,-0.530103,-0.600000,0.667225,-0.357871,0.663892,-0.547494,0.547493,0.600000,0.759779,0.600000,-0.517636,-0.610755,0.522625,0.468947,-0.600000,-0.623756,0.600000,-0.623756,-0.610755,0.600000,-0.600000,-0.589158,-0.600000,-0.600000,0.653761,0.600000,-0.600000,-0.600000,-0.600000,-0.679486,-0.554915,-0.785254,-0.611949,-0.600000,-0.640061,0.600000,-0.600000,0.600000,-0.662766,-0.528858,-0.600000,-0.600000,-0.528858,0.595193,-0.600000,0.528858,0.600000,-0.672757,-0.600000,-0.627310,-0.600000,-0.600000,0.600000,-0.540064,-0.530103,0.600000,-0.600000,-0.600000,0.600000,-0.620240,-0.610755,-0.600000,-0.600000,-0.600000
12,0,0,0,1,stay,1,29,3,1,0.522625,-0.672757,1.000000,-0.600000,-0.689068,0.586740,0.600000,-0.530103,-0.600000,0.669443,-0.335214,0.663892,-0.547494,0.545015,0.600000,0.775842,0.600000,-0.515139,-0.610755,0.522625,0.466457,-0.600000,-0.623756,0.600000,-0.623756,-0.610755,0.600000,-0.600000,-0.589158,-0.600000,-0.600000,0.653761,0.600000,-0.600000,-0.600000,-0.600000,-0.700883,-0.554915,-0.803249,-0.616690,-0.600000,-0.642364,0.600000,-0.600000,0.600000,-0.662766,-0.526366,-0.600000,-0.600000,-0.526366,0.595193,-0.600000,0.526366,0.600000,-0.672757,-0.600000,-0.624971,-0.600000,-0.600000,0.600000,-0.545028,-0.530103,0.600000,-0.600000,-0.600000,0.600000,-0.620240,-0.610755,-0.600000,-0.600000,-0.600000
13,1,1,0,0,N,0,27,4,1,0.508891,-0.684759,1.000000,-0.600000,-0.689068,0.581885,0.600000,-0.516385,-0.600000,0.669443,-0.320876,0.677157,-0.540053,0.543775,0.600000,0.786121,0.600000,-0.513890,-0.611944,0.508891,0.451555,-0.600000,-0.629608,0.600000,-0.629608,-0.611944,0.600000,-0.600000,-0.587948,-0.600000,-0.600000,0.666113,0.600000,-0.600000,-0.600000,-0.600000,-0.686032,-0.542538,-0.805612,-0.615508,-0.600000,-0.635447,0.600000,-0.600000,0.600000,-0.673858,-0.526366,-0.600000,-0.600000,-0.526366,0.593988,-0.600000,0.526366,0.600000,-0.684759,-0.600000,-0.637780,-0.600000,-0.600000,0.600000,-0.531362,-0.516385,0.600000,-0.600000,-0.600000,0.600000,-0.620241,-0.611944,-0.600000,-0.600000,-0.600000
14,1,1,0,1,N,0,25,5,1,0.495142,-0.696520,1.000000,-0.600000,-0.700739,0.575794,0.600000,-0.501392,-0.600000,0.681509,-0.307930,0.691215,-0.533839,0.537567,0.600000,0.792781,0.600000,-0.498895,-0.613131,0.495142,0.431821,-0.600000,-0.636581,0.600000,-0.636581,-0.613131,0.600000,-0.600000,-0.586737,-0.600000,-0.600000,0.679333,0.600000,-0.600000,-0.600000,-0.600000,-0.667467,-0.528861,-0.810274,-0.615508,-0.600000,-0.641223,0.600000,-0.600000,0.600000,-0.684759,-0.512639,-0.600000,-0.600000,-0.512639,0.593988,-0.600000,0.512639,0.600000,-0.696520,-0.600000,-0.646975,-0.600000,-0.600000,0.600000,-0.517648,-0.501392,0.600000,-0.600000,-0.600000,0.600000,-0.619064,-0.613131,-0.600000,-0.600000,-0.600000
15,1,1,1,0,N,0,23,6,1,0.480151,-0.709064,1.000000,-0.600000,-0.713181,0.568453,0.600000,-0.486395,-0.600000,0.694400,-0.295280,0.703885,-0.526367,0.528858,0.600000,0.796864,0.600000,-0.483900,-0.613131,0.480151,0.408664,-0.600000,-0.643498,0.600000,-0.643498,-0.613131,0.600000,-0.600000,-0.586737,-0.600000,-0.600000,0.692272,0.600000,-0.600000,-0.600000,-0.600000,-0.647226,-0.513891,-0.815605,-0.615508,-0.600000,-0.648100,0.600000,-0.600000,0.600000,-0.697577,-0.497642,-0.600000,-0.600000,-0.497642,0.593988,-0.600000,0.497642,0.600000,-0.709064,-0.600000,-0.652668,-0.600000,-0.600000,0.600000,-0.502656,-0.486395,0.600000,-0.600000,-0.600000,0.600000,-0.619064,-0.613131,-0.600000,-0.600000,-0.600000
16,1,1,1,0,stay,1,29,6,1,0.465195,-0.721298,1.000000,-0.600000,-0.722306,0.561082,0.600000,-0.471421,-0.600000,0.703875,-0.282937,0.716249,-0.518884,0.521378,0.600000,0.801684,0.600000,-0.472670,-0.613131,0.465195,0.387088,-0.600000,-0.650355,0.600000,-0.650355,-0.613131,0.600000,-0.600000,-0.586737,-0.600000,-0.600000,0.704917,0.600000,-0.600000,-0.600000,-0.600000,-0.626439,-0.498896,-0.820081,-0.615508,-0.600000,-0.651516,0.600000,-0.600000,0.600000,-0.710096,-0.486395,-0.600000,-0.600000,-0.486395,0.593988,-0.600000,0.486395,0.600000,-0.721298,-0.600000,-0.659443,-0.600000,-0.600000,0.600000,-0.487658,-0.471421,0.600000,-0.600000,-0.600000,0.600000,-0.619064,-0.613131,-0.600000,-0.600000,-0.600000
17,0,0,0,0,N,0,27,7,1,0.462708,-0.723306,1.000000,-0.600000,-0.740029,0.559850,0.600000,-0.468930,-0.600000,0.715220,-0.280911,0.717265,-0.517636,0.512639,0.600000,0.797688,0.600000,-0.458983,-0.613131,0.462708,0.376460,-0.600000,-0.651492,0.600000,-0.651492,-0.613131,0.600000,-0.600000,-0.586737,-0.600000,-0.600000,0.705957,0.600000,-0.600000,-0.600000,-0.600000,-0.624098,-0.497646,-0.825196,-0.623762,-0.600000,-0.662789,0.600000,-0.600000,0.600000,-0.712152,-0.472667,-0.600000,-0.600000,-0.472667,0.593988,-0.600000,0.472667,0.600000,-0.723306,-0.600000,-0.653813,-0.600000,-0.600000,0.600000,-0.493905,-0.468930,0.600000,-0.600000,-0.600000,0.600000,-0.620243,-0.613131,-0.600000,-0.600000,-0.600000
18,0,0,0,0,stay,1,29,7,1,0.462708,-0.723306,1.000000,-0.600000,-0.756076,0.559850,0.600000,-0.468930,-0.600000,0.724306,-0.280911,0.717265,-0.517636,0.505142,0.600000,0.792810,0.600000,-0.447828,-0.613131,0.462708,0.369440,-0.600000,-0.651492,0.600000,-0.651492,-0.613131,0.600000,-0.600000,-0.586737,-0.600000,-0.600000,0.705957,0.600000,-0.600000,-0.600000,-0.600000,-0.624098,-0.497646,-0.829488,-0.633108,-0.600000,-0.672780,0.600000,-0.600000,0.600000,-0.712152,-0.461465,-0.600000,-0.600000,-0.461465,0.593988,-0.600000,0.461465,0.600000,-0.723306,-0.600000,-0.646997,-0.600000,-0.600000,0.600000,-0.503905,-0.468930,0.600000,-0.600000,-0.600000,0.600000,-0.620243,-0.613131,-0.600000,-0.600000,-0.600000
19,0,0,0,0,stay,0,28,7,1,0.462708,-0.723306,1.000000,-0.600000,-0.774085,0.559850,0.600000,-0.468930,-0.600000,0.734189,-0.280911,0.717265,-0.517636,0.497642,0.600000,0.787846,0.600000,-0.435496,-0.613131,0.462708,0.362475,-0.600000,-0.651492,0.600000,-0.651492,-0.613131,0.600000,-0.600000,-0.586737,-0.600000,-0.600000,0.705957,0.600000,-0.600000,-0.600000,-0.600000,-0.624098,-0.497646,-0.833696,-0.644651,-0.600000,-0.683700,0.600000,-0.600000,0.600000,-0.712152,-0.449063,-0.600000,-0.600000,-0.449063,0.593988,-0.600000,0.449063,0.600000,-0.723306,-0.600000,-0.640120,-0.600000,-0.600000,0.600000,-0.516400,-0.468930,0.600000,-0.600000,-0.600000,0.600000,-0.620243,-0.613131,-0.600000,-0.600000,-0.600000
20,0,0,0,0,stay,0,27,7,1,0.462708,-0.723306,1.000000,-0.600000,-0.788635,0.559850,0.600000,-0.468930,-0.600000,0.742888,-0.280911,0.717265,-0.517636,0.490143,0.600000,0.782796,0.600000,-0.424463,-0.613131,0.462708,0.355566,-0.600000,-0.651492,0.600000,-0.651492,-0.613131,0.600000,-0.600000,-0.586737,-0.600000,-0.600000,0.705957,0.600000,-0.600000,-0.600000,-0.600000,-0.624098,-0.497646,-0.837821,-0.653767,-0.600000,-0.693359,0.600000,-0.600000,0.600000,-0.712152,-0.437954,-0.600000,-0.600000,-0.437954,0.593988,-0.600000,0.437954,0.600000,-0.723306,-0.600000,-0.633185,-0.600000,-0.600000,0.600000,-0.526382,-0.468930,0.600000,-0.600000,-0.600000,0.600000,-0.620243,-0.613131,-0.600000,-0.600000,-0.600000
21,0,0,0,0,stay,0,26,7,1,0.462708,-0.723306,1.000000,-0.600000,-0.803283,0.559850,0.600000,-0.468930,-0.600000,0.751400,-0.280911,0.717265,-0.517636,0.482648,0.600000,0.777659,0.600000,-0.413504,-0.613131,0.462708,0.348717,-0.600000,-0.651492,0.600000,-0.651492,-0.613131,0.600000,-0.600000,-0.586737,-0.600000,-0.600000,0.705957,0.600000,-0.600000,-0.600000,-0.600000,-0.624098,-0.497646,-0.841863,-0.663889,-0.600000,-0.702852,0.600000,-0.600000,0.600000,-0.712152,-0.426906,-0.600000,-0.600000,-0.426906,0.593988,-0.600000,0.426906,0.600000,-0.723306,-0.600000,-0.626194,-0.600000,-0.600000,0.600000,-0.537587,-0.468930,0.600000,-0.600000,-0.600000,0.600000,-0.620243,-0.613131,-0.600000,-0.600000,-0.600000
22,0,0,0,0,stay,0,25,7,1,0.462708,-0.723306,1.000000,-0.600000,-0.817152,0.559850,0.600000,-0.468930,-0.600000,0.759721,-0.280911,0.717265,-0.517636,0.475161,0.600000,0.772436,0.600000,-0.402630,-0.613131,0.462708,0.341930,-0.600000,-0.651492,0.600000,-0.651492,-0.613131,0.600000,-0.600000,-0.586737,-0.600000,-0.600000,0.705957,0.600000,-0.600000,-0.600000,-0.600000,-0.624098,-0.497646,-0.845823,-0.673863,-0.600000,-0.712174,0.600000,-0.600000,0.600000,-0.712152,-0.415930,-0.600000,-0.600000,-0.415930,0.593988,-0.600000,0.415930,0.600000,-0.723306,-0.600000,-0.619150,-0.600000,-0.600000,0.600000,-0.548755,-0.468930,0.600000,-0.600000,-0.600000,0.600000,-0.620243,-0.613131,-0.600000,-0.600000,-0.600000
23,0,0,0,0,stay,0,24,7,1,0.461465,-0.724306,1.000000,-0.600000,-0.827401,0.558618,0.600000,-0.465195,-0.600000,0.768741,-0.279901,0.720300,-0.520132,0.466440,0.600000,0.768909,0.600000,-0.388277,-0.615502,0.461465,0.332978,-0.600000,-0.654892,0.600000,-0.654892,-0.615502,0.600000,-0.600000,-0.584311,-0.600000,-0.600000,0.706995,0.600000,-0.600000,-0.600000,-0.600000,-0.619397,-0.498896,-0.850340,-0.678247,-0.600000,-0.719302,0.600000,-0.600000,0.600000,-0.711129,-0.403831,-0.600000,-0.600000,-0.403831,0.593988,-0.600000,0.403831,0.600000,-0.724306,-0.600000,-0.616792,-0.600000,-0.600000,0.600000,-0.552468,-0.465195,0.600000,-0.600000,-0.600000,0.600000,-0.620244,-0.615502,-0.600000,-0.600000,-0.600000
24,0,0,0,0,stay,0,23,7,1,0.461465,-0.724306,1.000000,-0.600000,-0.841258,0.558618,0.600000,-0.465195,-0.600000,0.778387,-0.279901,0.720300,-0.520132,0.458980,0.600000,0.763542,0.600000,-0.375289,-0.615502,0.461465,0.326343,-0.600000,-0.654892,0.600000,-0.654892,-0.615502,0.600000,-0.600000,-0.584311,-0.600000,-0.600000,0.706995,0.600000,-0.600000,-0.600000,-0.600000,-0.619397,-0.498896,-0.854124,-0.687997,-0.600000,-0.730284,0.600000,-0.600000,0.600000,-0.711129,-0.390656,-0.600000,-0.600000,-0.390656,0.593988,-0.600000,0.390656,0.600000,-0.724306,-0.600000,-0.609681,-0.600000,-0.600000,0.600000,-0.563569,-0.465195,0.600000,-0.600000,-0.600000,0.600000,-0.620244,-0.615502,-0.600000,-0.600000,-0.600000
25,0,0,0,0,stay,0,22,7,1,0.458980,-0.726301,1.000000,-0.600000,-0.856056,0.557385,0.600000,-0.461465,-0.600000,0.789412,-0.277887,0.722312,-0.520133,0.447826,0.600000,0.758097,0.600000,-0.359014,-0.616685,0.458980,0.314356,-0.600000,-0.657151,0.600000,-0.657151,-0.616685,0.600000,-0.600000,-0.583096,-0.600000,-0.600000,0.708031,0.600000,-0.600000,-0.600000,-0.600000,-0.615857,-0.498896,-0.859652,-0.697583,-0.600000,-0.740032,0.600000,-0.600000,0.600000,-0.712156,-0.375289,-0.600000,-0.600000,-0.375289,0.592782,-0.600000,0.375289,0.600000,-0.726301,-0.600000,-0.603723,-0.600000,-0.600000,0.600000,-0.573385,-0.461465,0.600000,-0.600000,-0.600000,0.600000,-0.621423,-0.616685,-0.600000,-0.600000,-0.600000
26,0,0,0,0,stay,0,21,7,1,0.458980,-0.726301,1.000000,-0.600000,-0.867982,0.557385,0.600000,-0.461465,-0.600000,0.798422,-0.277887,0.722312,-0.520133,0.439185,0.600000,0.751629,0.600000,-0.346449,-0.616685,0.458980,0.306855,-0.600000,-0.657151,0.600000,-0.657151,-0.616685,0.600000,-0.600000,-0.583096,-0.600000,-0.600000,0.708031,0.600000,-0.600000,-0.600000,-0.600000,-0.615857,-0.498896,-0.863829,-0.707000,-0.600000,-0.750485,0.600000,-0.600000,0.600000,-0.712156,-0.362477,-0.600000,-0.600000,-0.362477,0.592782,-0.600000,0.362477,0.600000,-0.726301,-0.600000,-0.595324,-0.600000,-0.600000,0.600000,-0.584359,-0.461465,0.600000,-0.600000,-0.600000,0.600000,-0.621423,-0.616685,-0.600000,-0.600000,-0.600000
27,0,0,0,0,stay,0,20,7,1,0.458980,-0.726301,1.000000,-0.600000,-0.877988,0.557385,0.600000,-0.461465,-0.600000,0.805578,-0.277887,0.722312,-0.520133,0.431808,0.600000,0.745994,0.600000,-0.336323,-0.616685,0.458980,0.300505,-0.600000,-0.657151,0.600000,-0.657151,-0.616685,0.600000,-0.600000,-0.583096,-0.600000,-0.600000,0.708031,0.600000,-0.600000,-0.600000,-0.600000,-0.615857,-0.498896,-0.867326,-0.716244,-0.600000,-0.758827,0.600000,-0.600000,0.600000,-0.712156,-0.352137,-0.600000,-0.600000,-0.352137,0.592782,-0.600000,0.352137,0.600000,-0.726301,-0.600000,-0.588080,-0.600000,-0.600000,0.600000,-0.595251,-0.461465,0.600000,-0.600000,-0.600000,0.600000,-0.621423,-0.616685,-0.600000,-0.600000,-0.600000
28,0,0,0,0,stay,0,19,7,1,0.458980,-0.726301,1.000000,-0.600000,-0.889823,0.557385,0.600000,-0.461465,-0.600000,0.814818,-0.277887,0.722312,-0.520133,0.423239,0.600000,0.739313,0.600000,-0.323054,-0.616685,0.458980,0.293193,-0.600000,-0.657151,0.600000,-0.657151,-0.616685,0.600000,-0.600000,-0.583096,-0.600000,-0.600000,0.708031,0.600000,-0.600000,-0.600000,-0.600000,-0.615857,-0.498896,-0.871309,-0.727300,-0.600000,-0.769650,0.600000,-0.600000,0.600000,-0.712156,-0.338562,-0.600000,-0.600000,-0.338562,0.592782,-0.600000,0.338562,0.600000,-0.726301,-0.600000,-0.579579,-0.600000,-0.600000,0.600000,-0.608436,-0.461465,0.600000,-0.600000,-0.600000,0.600000,-0.621423,-0.616685,-0.600000,-0.600000,-0.600000
29,0,0,0,0,stay,0,18,7,1,0.458980,-0.726301,1.000000,-0.600000,-0.897446,0.554918,0.600000,-0.458980,-0.600000,0.822256,-0.277887,0.722312,-0.522628,0.413502,0.600000,0.733499,0.600000,-0.312208,-0.616685,0.458980,0.284964,-0.600000,-0.659402,0.600000,-0.659402,-0.616685,0.600000,-0.600000,-0.583096,-0.600000,-0.600000,0.708031,0.600000,-0.600000,-0.600000,-0.600000,-0.613490,-0.498896,-0.875736,-0.733216,-0.600000,-0.776675,0.600000,-0.600000,0.600000,-0.712156,-0.327448,-0.600000,-0.600000,-0.327448,0.592782,-0.600000,0.327448,0.600000,-0.726301,-0.600000,-0.572256,-0.600000,-0.600000,0.600000,-0.615564,-0.458980,0.600000,-0.600000,-0.600000,0.600000,-0.621423,-0.616685,-0.600000,-0.600000,-0.600000
30,0,0,0,0,stay,0,17,7,1,0.458980,-0.726301,1.000000,-0.600000,-0.905033,0.554918,0.600000,-0.458980,-0.600000,0.828748,-0.277887,0.722312,-0.522628,0.406242,0.600000,0.727601,0.600000,-0.302618,-0.616685,0.458980,0.278884,-0.600000,-0.659402,0.600000,-0.659402,-0.616685,0.600000,-0.600000,-0.583096,-0.600000,-0.600000,0.708031,0.600000,-0.600000,-0.600000,-0.600000,-0.613490,-0.498896,-0.878970,-0.740976,-0.600000,-0.784394,0.600000,-0.600000,0.600000,-0.712156,-0.317607,-0.600000,-0.600000,-0.317607,0.592782,-0.600000,0.317607,0.600000,-0.726301,-0.600000,-0.564900,-0.600000,-0.600000,0.600000,-0.624990,-0.458980,0.600000,-0.600000,-0.600000,0.600000,-0.621423,-0.616685,-0.600000,-0.600000,-0.600000
31,0,0,0,0,stay,0,16,7,1,0.458980,-0.726301,1.000000,-0.600000,-0.912113,0.554918,0.600000,-0.458980,-0.600000,0.835051,-0.277887,0.722312,-0.522628,0.399023,0.600000,0.721621,0.600000,-0.293197,-0.616685,0.458980,0.272884,-0.600000,-0.659402,0.600000,-0.659402,-0.616685,0.600000,-0.600000,-0.583096,-0.600000,-0.600000,0.708031,0.600000,-0.600000,-0.600000,-0.600000,-0.613490,-0.498896,-0.882132,-0.748589,-0.600000,-0.791917,0.600000,-0.600000,0.600000,-0.712156,-0.307927,-0.600000,-0.600000,-0.307927,0.592782,-0.600000,0.307927,0.600000,-0.726301,-0.600000,-0.557515,-0.600000,-0.600000,0.600000,-0.634323,-0.458980,0.600000,-0.600000,-0.600000,0.600000,-0.621423,-0.616685,-0.600000,-0.600000,-0.600000
32,0,0,0,0,stay,0,15,7,1,0.458980,-0.726301,1.000000,-0.600000,-0.918337,0.554918,0.600000,-0.458980,-0.600000,0.840496,-0.277887,0.722312,-0.522628,0.391848,0.600000,0.715561,0.600000,-0.284968,-0.616685,0.458980,0.266966,-0.600000,-0.659402,0.600000,-0.659402,-0.616685,0.600000,-0.600000,-0.583096,-0.600000,-0.600000,0.708031,0.600000,-0.600000,-0.600000,-0.600000,-0.613490,-0.498896,-0.885221,-0.756051,-0.600000,-0.798441,0.600000,-0.600000,0.600000,-0.712156,-0.299460,-0.600000,-0.600000,-0.299460,0.592782,-0.600000,0.299460,0.600000,-0.726301,-0.600000,-0.550104,-0.600000,-0.600000,0.600000,-0.643557,-0.458980,0.600000,-0.600000,-0.600000,0.600000,-0.621423,-0.616685,-0.600000,-0.600000,-0.600000
33,0,0,0,0,stay,0,14,7,1,0.458980,-0.726301,1.000000,-0.600000,-0.925902,0.554918,0.600000,-0.458980,-0.600000,0.847744,-0.277887,0.722312,-0.522628,0.384718,0.600000,0.709423,0.600000,-0.273883,-0.616685,0.458980,0.261129,-0.600000,-0.659402,0.600000,-0.659402,-0.616685,0.600000,-0.600000,-0.583096,-0.600000,-0.600000,0.708031,0.600000,-0.600000,-0.600000,-0.600000,-0.613490,-0.498896,-0.888240,-0.765166,-0.600000,-0.807160,0.600000,-0.600000,0.600000,-0.712156,-0.288039,-0.600000,-0.600000,-0.288039,0.592782,-0.600000,0.288039,0.600000,-0.726301,-0.600000,-0.542670,-0.600000,-0.600000,0.600000,-0.654951,-0.458980,0.600000,-0.600000,-0.600000,0.600000,-0.621423,-0.616685,-0.600000,-0.600000,-0.600000
34,0,0,0,0,stay,0,13,7,1,0.457739,-0.727295,1.000000,-0.600000,-0.930902,0.554918,0.600000,-0.457739,-0.600000,0.853472,-0.276884,0.724316,-0.522629,0.378814,0.600000,0.705289,0.600000,-0.264039,-0.617867,0.457739,0.255376,-0.600000,-0.660525,0.600000,-0.660525,-0.617867,0.600000,-0.600000,-0.581881,-0.600000,-0.600000,0.709064,0.600000,-0.600000,-0.600000,-0.600000,-0.611117,-0.498895,-0.890703,-0.769634,-0.600000,-0.812560,0.600000,-0.600000,0.600000,-0.712159,-0.278890,-0.600000,-0.600000,-0.278890,0.591575,-0.600000,0.278890,0.600000,-0.727295,-0.600000,-0.538946,-0.600000,-0.600000,0.600000,-0.660583,-0.457739,0.600000,-0.600000,-0.600000,0.600000,-0.621425,-0.617867,-0.600000,-0.600000,-0.600000
35,0,0,0,0,stay,0,12,7,1,0.457739,-0.727295,1.000000,-0.600000,-0.936789,0.554918,0.600000,-0.457739,-0.600000,0.859626,-0.276884,0.724316,-0.522629,0.371777,0.600000,0.699022,0.600000,-0.254427,-0.617867,0.457739,0.249706,-0.600000,-0.660525,0.600000,-0.660525,-0.617867,0.600000,-0.600000,-0.581881,-0.600000,-0.600000,0.709064,0.600000,-0.600000,-0.600000,-0.600000,-0.611117,-0.498895,-0.893595,-0.777526,-0.600000,-0.820069,0.600000,-0.600000,0.600000,-0.712159,-0.268935,-0.600000,-0.600000,-0.268935,0.591575,-0.600000,0.268935,0.600000,-0.727295,-0.600000,-0.531485,-0.600000,-0.600000,0.600000,-0.670607,-0.457739,0.600000,-0.600000,-0.600000,0.600000,-0.621425,-0.617867,-0.600000,-0.600000,-0.600000
36,0,0,0,0,stay,0,11,7,1,0.457739,-0.727295,1.000000,-0.600000,-0.943024,0.554918,0.600000,-0.457739,-0.600000,0.866144,-0.276884,0.724316,-0.522629,0.364793,0.600000,0.692679,0.600000,-0.244123,-0.617867,0.457739,0.244121,-0.600000,-0.660525,0.600000,-0.660525,-0.617867,0.600000,-0.600000,-0.581881,-0.600000,-0.600000,0.709064,0.600000,-0.600000,-0.600000,-0.600000,-0.611117,-0.498895,-0.896419,-0.786908,-0.600000,-0.828055,0.600000,-0.600000,0.600000,-0.712159,-0.258247,-0.600000,-0.600000,-0.258247,0.591575,-0.600000,0.258247,0.600000,-0.727295,-0.600000,-0.524009,-0.600000,-0.600000,0.600000,-0.682651,-0.457739,0.600000,-0.600000,-0.600000,0.600000,-0.621425,-0.617867,-0.600000,-0.600000,-0.600000
37,0,0,0,0,stay,0,10,7,1,0.457739,-0.727295,1.000000,-0.600000,-0.948921,0.554918,0.600000,-0.457739,-0.600000,0.872961,-0.276884,0.724316,-0.522629,0.357865,0.600000,0.686262,0.600000,-0.233208,-0.617867,0.457739,0.238621,-0.600000,-0.660525,0.600000,-0.660525,-0.617867,0.600000,-0.600000,-0.581881,-0.600000,-0.600000,0.709064,0.600000,-0.600000,-0.600000,-0.600000,-0.611117,-0.498895,-0.899177,-0.795998,-0.600000,-0.836444,0.600000,-0.600000,0.600000,-0.712159,-0.246908,-0.600000,-0.600000,-0.246908,0.591575,-0.600000,0.246908,0.600000,-0.727295,-0.600000,-0.516523,-0.600000,-0.600000,0.600000,-0.694455,-0.457739,0.600000,-0.600000,-0.600000,0.600000,-0.621425,-0.617867,-0.600000,-0.600000,-0.600000
38,0,0,0,0,stay,0,9,7,1,0.457739,-0.727295,1.000000,-0.600000,-0.954018,0.554918,0.600000,-0.457739,-0.600000,0.879479,-0.276884,0.724316,-0.522629,0.350996,0.600000,0.679773,0.600000,-0.222636,-0.617867,0.457739,0.233206,-0.600000,-0.660525,0.600000,-0.660525,-0.617867,0.600000,-0.600000,-0.581881,-0.600000,-0.600000,0.709064,0.600000,-0.600000,-0.600000,-0.600000,-0.611117,-0.498895,-0.901870,-0.804009,-0.600000,-0.844501,0.600000,-0.600000,0.600000,-0.712159,-0.235907,-0.600000,-0.600000,-0.235907,0.591575,-0.600000,0.235907,0.600000,-0.727295,-0.600000,-0.509028,-0.600000,-0.600000,0.600000,-0.704971,-0.457739,0.600000,-0.600000,-0.600000,0.600000,-0.621425,-0.617867,-0.600000,-0.600000,-0.600000
39,0,0,0,0,stay,0,8,7,1,0.457739,-0.727295,1.000000,-0.600000,-0.957414,0.554918,0.600000,-0.457739,-0.600000,0.883663,-0.276884,0.724316,-0.522629,0.344188,0.600000,0.673213,0.600000,-0.215781,-0.617867,0.457739,0.227877,-0.600000,-0.660525,0.600000,-0.660525,-0.617867,0.600000,-0.600000,-0.581881,-0.600000,-0.600000,0.709064,0.600000,-0.600000,-0.600000,-0.600000,-0.611117,-0.498895,-0.904498,-0.810245,-0.600000,-0.849690,0.600000,-0.600000,0.600000,-0.712159,-0.228764,-0.600000,-0.600000,-0.228764,0.591575,-0.600000,0.228764,0.600000,-0.727295,-0.600000,-0.501529,-0.600000,-0.600000,0.600000,-0.713230,-0.457739,0.600000,-0.600000,-0.600000,0.600000,-0.621425,-0.617867,-0.600000,-0.600000,-0.600000
40,0,0,0,0,stay,0,7,7,1,0.457739,-0.727295,1.000000,-0.600000,-0.960949,0.554918,0.600000,-0.457739,-0.600000,0.888218,-0.276884,0.724316,-0.522629,0.337443,0.600000,0.666585,0.600000,-0.208253,-0.617867,0.457739,0.222635,-0.600000,-0.660525,0.600000,-0.660525,-0.617867,0.600000,-0.600000,-0.581881,-0.600000,-0.600000,0.709064,0.600000,-0.600000,-0.600000,-0.600000,-0.611117,-0.498895,-0.907064,-0.817078,-0.600000,-0.855357,0.600000,-0.600000,0.600000,-0.712159,-0.220911,-0.600000,-0.600000,-0.220911,0.591575,-0.600000,0.220911,0.600000,-0.727295,-0.600000,-0.494030,-0.600000,-0.600000,0.600000,-0.722355,-0.457739,0.600000,-0.600000,-0.600000,0.600000,-0.621425,-0.617867,-0.600000,-0.600000,-0.600000
41,0,0,0,0,stay,0,6,7,1,0.457739,-0.727295,1.000000,-0.600000,-0.964028,0.554918,0.600000,-0.457739,-0.600000,0.892617,-0.276884,0.724316,-0.522629,0.330763,0.600000,0.659890,0.600000,-0.200920,-0.617867,0.457739,0.217479,-0.600000,-0.660525,0.600000,-0.660525,-0.617867,0.600000,-0.600000,-0.581881,-0.600000,-0.600000,0.709064,0.600000,-0.600000,-0.600000,-0.600000,-0.611117,-0.498895,-0.909567,-0.822990,-0.600000,-0.860846,0.600000,-0.600000,0.600000,-0.712159,-0.213253,-0.600000,-0.600000,-0.213253,0.591575,-0.600000,0.213253,0.600000,-0.727295,-0.600000,-0.486532,-0.600000,-0.600000,0.600000,-0.730314,-0.457739,0.600000,-0.600000,-0.600000,0.600000,-0.621425,-0.617867,-0.600000,-0.600000,-0.600000
42,0,0,0,0,stay,0,5,7,1,0.456497,-0.728287,1.000000,-0.600000,-0.966548,0.552447,0.600000,-0.454017,-0.600000,0.897326,-0.275883,0.726311,-0.525124,0.323055,0.600000,0.655394,0.600000,-0.192219,-0.619048,0.456497,0.210736,-0.600000,-0.663883,0.600000,-0.663883,-0.619048,0.600000,-0.600000,-0.580664,-0.600000,-0.600000,0.710096,0.600000,-0.600000,-0.600000,-0.600000,-0.606356,-0.498895,-0.912411,-0.826609,-0.600000,-0.864993,0.600000,-0.600000,0.600000,-0.712161,-0.204972,-0.600000,-0.600000,-0.204972,0.591575,-0.600000,0.204972,0.600000,-0.728287,-0.600000,-0.482785,-0.600000,-0.600000,0.600000,-0.734240,-0.454017,0.600000,-0.600000,-0.600000,0.600000,-0.621426,-0.619048,-0.600000,-0.600000,-0.600000
43,0,0,0,0,stay,0,4,7,1,0.456497,-0.728287,1.000000,-0.600000,-0.969048,0.552447,0.600000,-0.454017,-0.600000,0.901406,-0.275883,0.726311,-0.525124,0.315442,0.600000,0.647453,0.600000,-0.185318,-0.619048,0.456497,0.204966,-0.600000,-0.663883,0.600000,-0.663883,-0.619048,0.600000,-0.600000,-0.580664,-0.600000,-0.600000,0.710096,0.600000,-0.600000,-0.600000,-0.600000,-0.606356,-0.498895,-0.915173,-0.831576,-0.600000,-0.870172,0.600000,-0.600000,0.600000,-0.712161,-0.197726,-0.600000,-0.600000,-0.197726,0.591575,-0.600000,0.197726,0.600000,-0.728287,-0.600000,-0.474051,-0.600000,-0.600000,0.600000,-0.741021,-0.454017,0.600000,-0.600000,-0.600000,0.600000,-0.621426,-0.619048,-0.600000,-0.600000,-0.600000
44,0,0,0,0,stay,0,3,7,1,0.456497,-0.728287,1.000000,-0.600000,-0.972331,0.552447,0.600000,-0.454017,-0.600000,0.906622,-0.275883,0.726311,-0.525124,0.307927,0.600000,0.639429,0.600000,-0.176416,-0.619048,0.456497,0.199313,-0.600000,-0.663883,0.600000,-0.663883,-0.619048,0.600000,-0.600000,-0.580664,-0.600000,-0.600000,0.710096,0.600000,-0.600000,-0.600000,-0.600000,-0.606356,-0.498895,-0.917857,-0.839152,-0.600000,-0.876813,0.600000,-0.600000,0.600000,-0.712161,-0.188366,-0.600000,-0.600000,-0.188366,0.591575,-0.600000,0.188366,0.600000,-0.728287,-0.600000,-0.465332,-0.600000,-0.600000,0.600000,-0.751448,-0.454017,0.600000,-0.600000,-0.600000,0.600000,-0.621426,-0.619048,-0.600000,-0.600000,-0.600000
45,0,0,0,0,stay,0,2,7,1,0.455257,-0.729276,1.000000,-0.600000,-0.974907,0.552447,0.600000,-0.451539,-0.600000,0.911589,-0.274884,0.728296,-0.525124,0.299460,0.600000,0.632492,0.600000,-0.167152,-0.620227,0.455257,0.192218,-0.600000,-0.664999,0.600000,-0.664999,-0.620227,0.600000,-0.600000,-0.579447,-0.600000,-0.600000,0.711125,0.600000,-0.600000,-0.600000,-0.600000,-0.603968,-0.498895,-0.920829,-0.843828,-0.600000,-0.882125,0.600000,-0.600000,0.600000,-0.712163,-0.179350,-0.600000,-0.600000,-0.179350,0.590367,-0.600000,0.179350,0.600000,-0.729276,-0.600000,-0.459115,-0.600000,-0.600000,0.600000,-0.757936,-0.451539,0.600000,-0.600000,-0.600000,0.600000,-0.621428,-0.620227,-0.600000,-0.600000,-0.600000
46,0,0,0,0,stay,0,1,7,1,0.455257,-0.729276,1.000000,-0.600000,-0.977250,0.552447,0.600000,-0.451539,-0.600000,0.915545,-0.274884,0.728296,-0.525124,0.293198,0.600000,0.625496,0.600000,-0.160296,-0.620227,0.455257,0.187595,-0.600000,-0.664999,0.600000,-0.664999,-0.620227,0.600000,-0.600000,-0.579447,-0.600000,-0.600000,0.711125,0.600000,-0.600000,-0.600000,-0.600000,-0.603968,-0.498895,-0.922993,-0.850315,-0.600000,-0.887235,0.600000,-0.600000,0.600000,-0.712163,-0.172097,-0.600000,-0.600000,-0.172097,0.590367,-0.600000,0.172097,0.600000,-0.729276,-0.600000,-0.451674,-0.600000,-0.600000,0.600000,-0.767002,-0.451539,0.600000,-0.600000,-0.600000,0.600000,-0.621428,-0.620227,-0.600000,-0.600000,-0.600000
47,0,0,0,0,stay,0,0,7,1,0.455257,-0.729276,1.000000,-0.600000,-0.979174,0.552447,0.600000,-0.451539,-0.600000,0.919339,-0.274884,0.728296,-0.525124,0.285991,0.600000,0.617267,0.600000,-0.153668,-0.620227,0.455257,0.182311,-0.600000,-0.664999,0.600000,-0.664999,-0.620227,0.600000,-0.600000,-0.579447,-0.600000,-0.600000,0.711125,0.600000,-0.600000,-0.600000,-0.600000,-0.603968,-0.498895,-0.925449,-0.855344,-0.600000,-0.892151,0.600000,-0.600000,0.600000,-0.712163,-0.165078,-0.600000,-0.600000,-0.165078,0.590367,-0.600000,0.165078,0.600000,-0.729276,-0.600000,-0.443019,-0.600000,-0.600000,0.600000,-0.774084,-0.451539,0.600000,-0.600000,-0.600000,0.600000,-0.621428,-0.620227,-0.600000,-0.600000,-0.600000
