src,tgt,weight_initial,weight_final_run_0001,weight_final_run_0002,weight_final_run_0003,weight_final_run_0004,weight_final_run_0005,weight_final_run_0006,weight_final_run_0007,weight_final_run_0008,weight_final_run_0009,weight_final_run_0010,weight_final_run_0011,weight_final_run_0012,weight_final_run_0013,weight_final_run_0014,weight_final_run_0015,weight_final_run_0016,weight_final_run_0017,weight_final_run_0018,weight_final_run_0019,weight_final_run_0020,weight_final_run_0021,weight_final_run_0022,weight_final_run_0023,weight_final_run_0024,weight_final_run_0025,weight_final_run_0026,weight_final_run_0027,weight_final_run_0028,weight_final_run_0029,weight_final_run_0030,weight_final_run_0031,weight_final_run_0032,weight_final_run_0033,weight_final_run_0034,weight_final_run_0035,weight_final_run_0036,weight_final_run_0037,weight_final_run_0038,weight_final_run_0039,weight_final_run_0040,weight_final_run_0041,weight_final_run_0042,weight_final_run_0043,weight_final_run_0044,weight_final_run_0045,weight_final_run_0046,weight_final_run_0047,weight_final_run_0048,weight_final_run_0049,weight_final_run_0050,weight_final_run_0051,weight_final_run_0052,weight_final_run_0053,weight_final_run_0054,weight_final_run_0055,weight_final_run_0056,weight_final_run_0057,weight_final_run_0058,weight_final_run_0059,weight_final_run_0060,weight_final_run_0061,weight_final_run_0062,weight_final_run_0063,weight_final_run_0064,weight_final_run_0065,weight_final_run_0066,weight_final_run_0067,weight_final_run_0068,weight_final_run_0069,weight_final_run_0070,weight_final_run_0071,weight_final_run_0072,weight_final_run_0073,weight_final_run_0074,weight_final_run_0075,weight_final_run_0076,weight_final_run_0077,weight_final_run_0078,weight_final_run_0079,weight_final_run_0080,weight_final_run_0081,weight_final_run_0082,weight_final_run_0083,weight_final_run_0084,weight_final_run_0085,weight_final_run_0086,weight_final_run_0087,weight_final_run_0088,weight_final_run_0089,weight_final_run_0090,weight_final_run_0091,weight_final_run_0092,weight_final_run_0093,weight_final_run_0094,weight_final_run_0095,weight_final_run_0096,weight_final_run_0097,weight_final_run_0098,weight_final_run_0099,weight_final_run_0100
0,2,-0.6,-0.5113895851962432,-0.5301031392620431,-0.4589801156604065,-0.3613217430105876,-0.44906274584378264,-0.4014252210558234,-0.3764627481117966,-0.5001418918409253,-0.3590156663845224,-0.45773852881496263,-0.2166325924070363,-0.4208013988206789,-0.3143650274235651,-0.46022220429525085,-0.543774677796439,-0.3352088252725868,-0.40503625397487253,-0.3624789409860868,-0.44411852428860293,-0.4195800343439641,-0.3636342022269965,-0.5400518304094997,-0.23681365467042342,-0.35786504929614743,-0.3694426820567821,-0.38946603886656617,-0.3555687124530575,-0.5450145462495687,-0.3601679013053957,-0.37528905537481705,-0.525119121886065,-0.44906274584378264,-0.47890333302618054,-0.36711466167056683,-0.4851457280715483,-0.3601679013053957,-0.48389683131852096,-0.4851457280715483,-0.4826481278787289,-0.41593219746761934,-0.3590156663845224,-0.5113895851962432,-0.3487196566810577,-0.44288503457383394,-0.2689374193184229,-0.5276118340826735,-0.3682779081231247,-0.44782571886308753,-0.4826487590282983,-0.5063914350935442,-0.5063914350935442,-0.46395132841430475,-0.42079867009066707,-0.5263656461495806,-0.3613217430105876,-0.5138878221436026,-0.44782571886308753,-0.46022220429525085,-0.46395132841430475,-0.3764627481117966,-0.5226251261654699,-0.4589801156604065,-0.44906548533875446,-0.47890333302618054,-0.38471837181880425,-0.4589801156604065,-0.49139256618732563,-0.45153865307966357,-0.5226251261654699,-0.2973643679045322,-0.3509959824085381,-0.14664296221473336,-0.36711466167056683,-0.4764080547433257,-0.5610759116369145,-0.336324442784382,-0.4305810678247402,-0.36711466167056683,-0.45649745897469624,-0.35442301443716984,-0.45649745897469624,-0.44782571886308753,-0.5076411431582004,-0.4776555583729676,-0.41107999163290077,-0.3408072249282975,-0.44288413798524134,-0.4726688154789006,-0.5101402338094979,-0.5176337794019615,-0.5400518304094997,-0.46643964007990907,-0.45773852881496263,-0.34080832510460524,-0.4976418980811091,-0.5400518304094997,-0.3613217430105876,-0.5586124698304124,-0.48389683131852096,-0.44288413798524134
0,3,0.6,0.6,0.6,0.6,0.6,0.6,0.6,0.6,0.6,0.6,0.6,0.6,0.6,0.6,0.6,0.6,0.6,0.6,0.6,0.6,0.6,0.6,0.6,0.6,0.6,0.6,0.6,0.6,0.6,0.6,0.6,0.6,0.6,0.6,0.6,0.6,0.6,0.6,0.6,0.6,0.6,0.6,0.6,0.6,0.6,0.6,0.6,0.6,0.6,0.6,0.6,0.6,0.6,0.6,0.6,0.6,0.6,0.6,0.6,0.6,0.6,0.6,0.6,0.6,0.6,0.6,0.6,0.6,0.6,0.6,0.6,0.6,0.6,0.6,0.6,0.6,0.6,0.6,0.6,0.6,0.6,0.6,0.6,0.6,0.6,0.6,0.6,0.6,0.6,0.6,0.6,0.6,0.6,0.6,0.6,0.6,0.6,0.6,0.6,0.6,0.6
0,5,1.0,1.0,1.0,1.0,1.0,1.0,1.0,1.0,1.0,1.0,1.0,1.0,1.0,1.0,1.0,1.0,1.0,1.0,1.0,1.0,1.0,1.0,1.0,1.0,1.0,1.0,1.0,1.0,1.0,1.0,1.0,1.0,1.0,1.0,1.0,1.0,1.0,1.0,1.0,1.0,1.0,1.0,1.0,1.0,1.0,1.0,1.0,1.0,1.0,1.0,1.0,1.0,1.0,1.0,1.0,1.0,1.0,1.0,1.0,1.0,1.0,1.0,1.0,1.0,1.0,1.0,1.0,1.0,1.0,1.0,1.0,1.0,1.0,1.0,1.0,1.0,1.0,1.0,1.0,1.0,1.0,1.0,1.0,1.0,1.0,1.0,1.0,1.0,1.0,1.0,1.0,1.0,1.0,1.0,1.0,1.0,1.0,1.0,1.0,1.0,1.0
0,6,0.6,0.5101402338094979,0.5263656461495806,0.4330353956644293,0.5879479238684318,0.4220182643351806,0.3694426820567821,0.5879479238684318,0.49014293662690983,0.6,0.33968393662647267,0.2497112792586777,0.4122891348075799,0.26795203846821014,0.38708953765041676,0.5536769475536119,0.256334241724376,0.2931983523632216,0.38946603886656617,0.39902335535685596,0.36247718038100785,0.3590156663845224,0.5450145462495687,0.33187170360710594,0.5975988072,0.36247718038100785,0.5573796469385105,0.5975988072,0.5063914350935442,0.5867365980549956,0.5951928961990797,0.5301031392620431,0.4244602716755245,0.4888934224354015,0.6,0.47142106035546283,0.5975988072,0.47142106035546283,0.46395132841430475,0.45153865307966357,0.31113539215076896,0.5963964348358344,0.4951419909753265,0.5263656461495806,0.44165044909370976,0.47890333302618054,0.5263656461495806,0.5818808527400827,0.4244602716755245,0.505141639345757,0.5013918821542456,0.4976418980811091,0.45030039559039026,0.40022357868560443,0.543774677796439,0.5499682139183885,0.4988918919415917,0.41836237119834474,0.4379537150177242,0.44906274584378264,0.3252479501394359,0.5226251261654699,0.44165044909370976,0.46022220429525085,0.44288413798524134,0.4552569213300745,0.3613217430105876,0.4826481278787289,0.35327897773079764,0.5163853341528415,0.486394802564562,0.3100637413512592,0.29946009637329274,0.5524413536271052,0.4614647794791479,0.5647653440697584,0.24136507496119097,0.37528905537481705,0.5126387865016221,0.4453535931396892,0.6,0.43549298364172334,0.3475840853924312,0.46892959174455584,0.4614647794791479,0.4367229637251247,0.3100637413512592,0.42079867009066707,0.48389683131852096,0.5076411431582004,0.525119121886065,0.5388098511550954,0.46022220429525085,0.4342637894175206,0.2778841646790014,0.48139963331605945,0.5325929142154833,0.6,0.5573796469385105,0.35786504929614743,0.41350172504973304
0,7,0.6,0.8735152938030027,0.8614291242649291,0.8200491525397664,0.8968633449686821,0.8343594845966664,0.8178214184654429,0.8901926630633605,0.8547201428314076,0.9009601404980664,0.7902428559501357,0.9135873534105563,0.8110099121046179,0.8251644807090592,0.8055784209966619,0.8821090584938029,0.8590200704687884,0.8496733743290137,0.8063615301397679,0.8547201428314076,0.8040050098306262,0.8024220009524451,0.8911682516653919,0.9317435527017557,0.9005121905720505,0.7984224391242196,0.8810631476887898,0.9009601404980664,0.8602289405766002,0.8954647817849902,0.8935740066361249,0.8794792480111175,0.8140610567565938,0.8540970664939056,0.9005121905720505,0.8483893684943334,0.9009601404980664,0.8534717779830581,0.8377914793231213,0.8503120169854405,0.8815871020761573,0.8996108846486044,0.8578024806708849,0.8973258423957835,0.8477439979348319,0.9543371255092385,0.8632131864958328,0.8945231290840515,0.8163244040276929,0.8784132360002329,0.8553410109327559,0.8470963774108907,0.8301646395872451,0.7992271593633554,0.9040458186096325,0.8800092255127622,0.9091360596501599,0.8431632048953004,0.8148178850197384,0.852214548831419,0.8040050098306262,0.8632131864958328,0.8258858210114852,0.9031730676947693,0.8906814114918181,0.8470963774108907,0.7885780378899311,0.8496733743290137,0.7826752971453241,0.8649778952957019,0.9314241868467376,0.9103701079195469,0.8398230435971435,0.8815871020761573,0.8391481509385688,0.8867175683539383,0.8810631476887898,0.8404956450923454,0.8643918022233398,0.8357392090732537,0.9061970109319347,0.8117762762774813,0.7902428559501357,0.8185663661952659,0.8384709639056047,0.9155447098051809,0.9178403820612663,0.8280357629601386,0.8901926630633605,0.8695900641889172,0.8602289405766002,0.8773391159028279,0.8805371904553881,0.8294573503156301,0.9057702584451278,0.8457943720478663,0.8800092255127622,0.9005121905720505,0.8800092255127622,0.7801094356355742,0.8287477256512343
0,8,-0.6,-0.2065415690149919,-0.21154826381683564,-0.20074718603044955,-0.1977024319072774,-0.1967674145947947,-0.1662997148987151,-0.214083304177534,-0.196880556678663,-0.1985214234230417,-0.16979464614108816,-0.048471623162231026,-0.20400193445768816,-0.10488796863123755,-0.2394482762632866,-0.19929017250018802,-0.08089451348229526,-0.1355261081653108,-0.20156319220421276,-0.16218246212129078,-0.17550907848621525,-0.350999889357601,-0.201681303561109,-0.05489314755505046,-0.19772156472675886,-0.35099683688415567,-0.2033546159157926,-0.19692886287454758,-0.2000229865855975,-0.19929366104449409,-0.2124105971972127,-0.19294293068337998,-0.20155609907953273,-0.19841666802034963,-0.19931937924455229,-0.1975672090522036,-0.19692906396820833,-0.18974856169631885,-0.2007720484656461,-0.1936574994929758,-0.20659302794194997,-0.19851461671981185,-0.19604668535431452,-0.16296121757847443,-0.19761012003821654,-0.11693783448286114,-0.22694974929659661,-0.19769143901943328,-0.19914404366267016,-0.17785792758653152,-0.20321949731739908,-0.23045149412780103,-0.2007611396560924,-0.20075146731926652,-0.1984738670081219,-0.200079379310673,-0.17414075157182046,-0.22864710214647493,-0.22863765449427956,-0.19290604198882105,-0.1502585773944598,-0.22515731876058107,-0.19994699366157218,-0.14223981892137694,-0.20168308858924414,-0.18594469014245216,-0.19758158580107235,-0.19839277067458244,-0.18516673740230635,-0.2000801576742904,-0.0969072268668428,-0.06505798335896522,-0.10923151526254393,-0.19923594153244875,-0.1975845355552326,-0.19929531608397066,-0.12310257350603251,-0.17769170442690024,-0.19838716268410944,-0.19596777540249388,-0.1914478139756722,-0.25056101715778556,-0.17479521407083923,-0.2449805896820233,-0.1983593782884958,-0.10505564337738184,-0.08555366562880375,-0.20563132768446793,-0.16635060787823966,-0.19293660536822554,-0.2123535536296463,-0.19688224865618706,-0.15358445477573948,-0.1959668576566341,-0.09630224548755219,-0.21738709658250271,-0.19374591290808094,-0.19931937924455229,-0.22344870399113215,-0.20647342208031746,-0.1991508253317369
0,10,0.6,0.6,0.6,0.6,0.6,0.6,0.6,0.6,0.6,0.6,0.6,0.6,0.6,0.6,0.6,0.6,0.6,0.6,0.6,0.6,0.6,0.6,0.6,0.6,0.6,0.6,0.6,0.6,0.6,0.6,0.6,0.6,0.6,0.6,0.6,0.6,0.6,0.6,0.6,0.6,0.6,0.6,0.6,0.6,0.6,0.6,0.6,0.6,0.6,0.6,0.6,0.6,0.6,0.6,0.6,0.6,0.6,0.6,0.6,0.6,0.6,0.6,0.6,0.6,0.6,0.6,0.6,0.6,0.6,0.6,0.6,0.6,0.6,0.6,0.6,0.6,0.6,0.6,0.6,0.6,0.6,0.6,0.6,0.6,0.6,0.6,0.6,0.6,0.6,0.6,0.6,0.6,0.6,0.6,0.6,0.6,0.6,0.6,0.6,0.6,0.6
1,1,-0.6,-0.5988,-0.6,-0.6,-0.6,-0.5988,-0.570898145118625,-0.5975988072,-0.6,-0.6,-0.6,-0.5101431545211701,-0.583096327741662,-0.5915766148818642,-0.6,-0.6,-0.5975988072,-0.5891581779649416,-0.5915754163937749,-0.5988,-0.5855242142422064,-0.6,-0.6,-0.5450145462495687,-0.6,-0.6,-0.6,-0.6,-0.6,-0.6,-0.5988,-0.5988,-0.6,-0.5915754163937749,-0.6,-0.5988,-0.6,-0.5975988072,-0.6,-0.5988,-0.5927835275589999,-0.6,-0.6,-0.5927823735495674,-0.5903673466782133,-0.5684475496817656,-0.6,-0.6,-0.6,-0.5794469088173696,-0.6,-0.6,-0.6,-0.6,-0.5988,-0.5963964348358344,-0.6,-0.5988,-0.6,-0.5988,-0.6,-0.6,-0.6,-0.5879479238684318,-0.5939882046365135,-0.5963964348358344,-0.6,-0.6,-0.5988,-0.6,-0.5963964348358344,-0.5672209750170528,-0.5026418472574609,-0.6,-0.6,-0.6,-0.5524413536271052,-0.5963964348358344,-0.6,-0.5988,-0.6,-0.6,-0.6,-0.6,-0.6,-0.5745685919898031,-0.5867365980549956,-0.5975988072,-0.5951928961990797,-0.5975988072,-0.5939882046365135,-0.6,-0.5939882046365135,-0.5988,-0.5549118709857361,-0.6,-0.5988,-0.6,-0.6,-0.6,-0.5988
1,2,0.6,0.6,0.6,0.6,0.6,0.6,0.6,0.6,0.6,0.6,0.6,0.6,0.6,0.6,0.6,0.6,0.6,0.6,0.6,0.6,0.6,0.6,0.6,0.6,0.6,0.6,0.6,0.6,0.6,0.6,0.6,0.6,0.6,0.6,0.6,0.6,0.6,0.6,0.6,0.6,0.6,0.6,0.6,0.6,0.6,0.6,0.6,0.6,0.6,0.6,0.6,0.6,0.6,0.6,0.6,0.6,0.6,0.6,0.6,0.6,0.6,0.6,0.6,0.6,0.6,0.6,0.6,0.6,0.6,0.6,0.6,0.6,0.6,0.6,0.6,0.6,0.6,0.6,0.6,0.6,0.6,0.6,0.6,0.6,0.6,0.6,0.6,0.6,0.6,0.6,0.6,0.6,0.6,0.6,0.6,0.6,0.6,0.6,0.6,0.6,0.6
1,3,-0.6,-0.6,-0.6,-0.6,-0.6,-0.6,-0.6,-0.6,-0.6,-0.6,-0.6,-0.6,-0.6,-0.6,-0.6,-0.6,-0.6,-0.6,-0.6,-0.6,-0.6,-0.6,-0.6,-0.6,-0.6,-0.6,-0.6,-0.6,-0.6,-0.6,-0.6,-0.6,-0.6,-0.6,-0.6,-0.6,-0.6,-0.6,-0.6,-0.6,-0.6,-0.6,-0.6,-0.6,-0.6,-0.6,-0.6,-0.6,-0.6,-0.6,-0.6,-0.6,-0.6,-0.6,-0.6,-0.6,-0.6,-0.6,-0.6,-0.6,-0.6,-0.6,-0.6,-0.6,-0.6,-0.6,-0.6,-0.6,-0.6,-0.6,-0.6,-0.6,-0.6,-0.6,-0.6,-0.6,-0.6,-0.6,-0.6,-0.6,-0.6,-0.6,-0.6,-0.6,-0.6,-0.6,-0.6,-0.6,-0.6,-0.6,-0.6,-0.6,-0.6,-0.6,-0.6,-0.6,-0.6,-0.6,-0.6,-0.6,-0.6
1,5,0.6,0.2459782736902198,0.265992781696074,0.33076303922734585,0.20578960423193193,0.3089941202630066,0.334094605928927,0.217483331421311,0.2768808419005031,0.1985214234230417,0.37411681947336356,0.17569422506238683,0.34418775850449906,0.32305525651845257,0.35213661302267624,0.2314249420235573,0.2699204003791929,0.28496952251835184,0.3509959309287183,0.2768808419005031,0.35442301443716984,0.3567160610172054,0.21578389571742304,0.1417010310157999,0.19931937924455229,0.36247718038100785,0.23321078777950247,0.1985214234230417,0.26795203846821014,0.20825565723327732,0.2115774514812726,0.23590746016241898,0.33968393662647267,0.2778841646790014,0.19931937924455229,0.2870137064292416,0.1985214234230417,0.27888971589030603,0.30367672395997997,0.28395071304958175,0.23231667019828864,0.2009225016378973,0.27189783162555675,0.20497240301682196,0.2880390692484162,0.09734790363737114,0.26307104394943737,0.2099117362478713,0.3363248775440319,0.23771715677571997,0.27587975269405823,0.2890666047622837,0.31544213752418043,0.3613217430105876,0.19300294826287517,0.2350061845104083,0.1838154554411258,0.29527710227770376,0.3385624428273506,0.28090748266069065,0.35442301443716984,0.26307104394943737,0.3219618037296813,0.19456766283553767,0.216632409761435,0.2890666047622837,0.3764627481117966,0.28496952251835184,0.38471837181880425,0.26016998171838635,0.1423113250749517,0.18157216740684043,0.30051111730169167,0.23231667019828864,0.3015642335346282,0.22350714960483214,0.23321078777950247,0.29946009637329274,0.2611346985572196,0.3068609975703941,0.18913305268510885,0.3430591457774983,0.37411681947336356,0.33298222892783635,0.3026194381035554,0.17209706672440994,0.16785770128313593,0.31869312391648824,0.217483331421311,0.25253567720128234,0.26795203846821014,0.23953636730263214,0.23410729312164696,0.31652381998100865,0.18990224961112767,0.29112816975317235,0.2350061845104083,0.19931937924455229,0.2350061845104083,0.3882771276493854,0.31760748483306406
1,8,-0.6,-0.5101402338094979,-0.5263656461495806,-0.4330353956644293,-0.5879479238684318,-0.4220182643351806,-0.3694426820567821,-0.5879479238684318,-0.49014293662690983,-0.6,-0.33968393662647267,-0.2497112792586777,-0.4122891348075799,-0.26795203846821014,-0.38708953765041676,-0.5536769475536119,-0.256334241724376,-0.2931983523632216,-0.38946603886656617,-0.39902335535685596,-0.36247718038100785,-0.3590156663845224,-0.5450145462495687,-0.33187170360710594,-0.5975988072,-0.36247718038100785,-0.5573796469385105,-0.5975988072,-0.5063914350935442,-0.5867365980549956,-0.5951928961990797,-0.5301031392620431,-0.4244602716755245,-0.4888934224354015,-0.6,-0.47142106035546283,-0.5975988072,-0.47142106035546283,-0.46395132841430475,-0.45153865307966357,-0.31113539215076896,-0.5963964348358344,-0.4951419909753265,-0.5263656461495806,-0.44165044909370976,-0.47890333302618054,-0.5263656461495806,-0.5818808527400827,-0.4244602716755245,-0.505141639345757,-0.5013918821542456,-0.4976418980811091,-0.45030039559039026,-0.40022357868560443,-0.543774677796439,-0.5499682139183885,-0.4988918919415917,-0.41836237119834474,-0.4379537150177242,-0.44906274584378264,-0.3252479501394359,-0.5226251261654699,-0.44165044909370976,-0.46022220429525085,-0.44288413798524134,-0.4552569213300745,-0.3613217430105876,-0.4826481278787289,-0.35327897773079764,-0.5163853341528415,-0.486394802564562,-0.3100637413512592,-0.29946009637329274,-0.5524413536271052,-0.4614647794791479,-0.5647653440697584,-0.24136507496119097,-0.37528905537481705,-0.5126387865016221,-0.4453535931396892,-0.6,-0.43549298364172334,-0.3475840853924312,-0.46892959174455584,-0.4614647794791479,-0.4367229637251247,-0.3100637413512592,-0.42079867009066707,-0.48389683131852096,-0.5076411431582004,-0.525119121886065,-0.5388098511550954,-0.46022220429525085,-0.4342637894175206,-0.2778841646790014,-0.48139963331605945,-0.5325929142154833,-0.6,-0.5573796469385105,-0.35786504929614743,-0.41350172504973304
1,9,-0.6,-0.9075523611644645,-0.8922002663817625,-0.8898706218669383,-0.9586400198555424,-0.9011257386845635,-0.8898623150822315,-0.9526906666616624,-0.8983352015171608,-0.9607728317510618,-0.8703254176277646,-0.9683049941495128,-0.8863807512195261,-0.9319419867188512,-0.8796419723102133,-0.9040979628755761,-0.9438750127949752,-0.9259483481529619,-0.9097564254070735,-0.916843059287057,-0.8843525164932008,-0.9145927872917482,-0.912852994092603,-0.9751469708007586,-0.9607738099909874,-0.9105882325873857,-0.9456793715432786,-0.9613375073910243,-0.8852678578053143,-0.9582412089360536,-0.9546846104112058,-0.9083776499298323,-0.8898788426485115,-0.8955677930606684,-0.9592290994703978,-0.8992930998976204,-0.960583424846472,-0.9033068570449765,-0.8917912820553029,-0.9015330017575367,-0.9368114995185961,-0.9602010980075234,-0.8964941357437272,-0.9598230005335903,-0.9050437303555102,-0.985759196074045,-0.8946009559904792,-0.9563940330566718,-0.8918315193340173,-0.9066744563132219,-0.8965116604586747,-0.8903042624490807,-0.8946812655349019,-0.8918507561358325,-0.9272050232735211,-0.949909776482852,-0.9343267410670967,-0.9059321187058487,-0.8858721014433725,-0.9092628489843396,-0.910990943761151,-0.8964957826255976,-0.8937415576040718,-0.9382184951750624,-0.9237671138728467,-0.9296566232802917,-0.8686192702304387,-0.8979121541102494,-0.863967541421428,-0.8978574515133023,-0.9785594714980244,-0.9594078197520584,-0.9419678168568869,-0.9508597578405127,-0.8960732990475676,-0.9018865115362232,-0.9414000969031395,-0.9129712180460104,-0.9430685854630524,-0.9011252868068986,-0.9636894245935148,-0.8853681836885218,-0.874794071346567,-0.8662402563895013,-0.8951416394487743,-0.945075491102915,-0.9650427873667768,-0.9011330814013058,-0.926213575645571,-0.9058563056169807,-0.8931765104987968,-0.9014675559602588,-0.9201662995885227,-0.8965629172639804,-0.9548948018948268,-0.8927346022816577,-0.903666416991861,-0.9602011973795358,-0.8969063777643514,-0.8504608774148822,-0.9015823105045299
1,10,0.6,0.6,0.6,0.6,0.6,0.6,0.5733452394845465,0.6,0.6,0.6,0.6,0.5263656461495806,0.5939882046365135,0.5963964348358344,0.6,0.6,0.6,0.6,0.5927823735495674,0.5988,0.5903673466782133,0.6,0.6,0.5462538491567596,0.6,0.6,0.6,0.6,0.6,0.6,0.6,0.6,0.6,0.5963964348358344,0.6,0.6,0.6,0.6,0.6,0.6,0.5963964348358344,0.6,0.6,0.6,0.5927823735495674,0.5806643751103099,0.6,0.6,0.6,0.583096327741662,0.6,0.6,0.6,0.6,0.6,0.5975988072,0.6,0.5988,0.6,0.6,0.6,0.6,0.6,0.5891581779649416,0.5963964348358344,0.6,0.6,0.6,0.5988,0.6,0.6,0.5745674379705191,0.505141639345757,0.6,0.6,0.6,0.565993568314464,0.6,0.6,0.6,0.6,0.6,0.6,0.6,0.6,0.5818808527400827,0.5927823735495674,0.6,0.6,0.6,0.5939882046365135,0.6,0.5975988072,0.6,0.5672209750170528,0.6,0.6,0.6,0.6,0.6,0.6
2,0,0.6,0.6,0.6,0.6,0.6,0.6,0.6,0.6,0.6,0.6,0.6,0.6,0.6,0.6,0.6,0.6,0.6,0.6,0.6,0.6,0.6,0.6,0.6,0.6,0.6,0.6,0.6,0.6,0.6,0.6,0.6,0.6,0.6,0.6,0.6,0.6,0.6,0.6,0.6,0.6,0.6,0.6,0.6,0.6,0.6,0.6,0.6,0.6,0.6,0.6,0.6,0.6,0.6,0.6,0.6,0.6,0.6,0.6,0.6,0.6,0.6,0.6,0.6,0.6,0.6,0.6,0.6,0.6,0.6,0.6,0.6,0.6,0.6,0.6,0.6,0.6,0.6,0.6,0.6,0.6,0.6,0.6,0.6,0.6,0.6,0.6,0.6,0.6,0.6,0.6,0.6,0.6,0.6,0.6,0.6,0.6,0.6,0.6,0.6,0.6,0.6
2,1,0.6,0.565993568314464,0.6,0.6,0.6,0.570898145118625,0.6214100573442172,0.5927823735495674,0.6,0.6,0.6,0.6515062161092438,0.5951986083244231,0.6012024550975172,0.5213776856471398,0.6,0.5903673466782133,0.5126387865016221,0.584318248326885,0.5684475496817656,0.6036021674292612,0.36479279728867137,0.565993568314464,0.6365990617956182,0.6,0.37411681947336356,0.6,0.6,0.6,0.6,0.5939882046365135,0.5927823735495674,0.6,0.6012023688275224,0.6,0.5927823735495674,0.6,0.5951928961990797,0.6,0.5757887183213951,0.34758755253163237,0.6,0.6,0.5951928961990797,0.5721273139121381,0.44782856766876167,0.5745674379705191,0.6,0.6,0.6119488296421315,0.6,0.5733452394845465,0.6,0.6,0.5350810360430884,0.6023987928,0.515136676548718,0.5051428973095669,0.5733452394845465,0.570898145118625,0.5988,0.5733452394845465,0.6,0.5647747718967696,0.46893262943998654,0.5975988072,0.5806643751103099,0.6,0.6012,0.6,0.5939882046365135,0.6131450642965255,0.6869170111298147,0.6,0.6,0.6,0.4416552783866687,0.5425342589085199,0.6,0.5927823735495674,0.5963964348358344,0.5462538491567596,0.6,0.5757887183213951,0.6,0.5964131698195887,0.4988919025810125,0.5672209750170528,0.565993568314464,0.5927823735495674,0.6059877966474452,0.6,0.5915777307744917,0.5927823735495674,0.49139085421198275,0.5782284678739728,0.5927823735495674,0.6,0.5733452394845465,0.5757887183213951,0.5684475496817656
2,2,-0.6,-0.6804219374768109,-0.6661126644947939,-0.726301030213494,-0.7992271593633554,-0.7302632428282517,-0.7292760804335465,-0.7877420152265643,-0.6922720277156907,-0.8008293864698117,-0.7272949694321156,-0.8117762762774813,-0.7312481370232629,-0.812540254045234,-0.7253048415716722,-0.6537606986655519,-0.8047929146006155,-0.7678495554487174,-0.7835257705272431,-0.7371096234302587,-0.7361384302213958,-0.7976153134983632,-0.6571508133438027,-0.8110099121046179,-0.8016268948709927,-0.7935435846274922,-0.7783868327387309,-0.8032147056191447,-0.6526271739366714,-0.8000294748988521,-0.7894116514701691,-0.670549638777673,-0.7341891658003055,-0.686915698895015,-0.7951794983175766,-0.7049167952191541,-0.8000294748988521,-0.7059568407543396,-0.7049167952191541,-0.7069947496530721,-0.7485836134315691,-0.8008293864698117,-0.6825944491923404,-0.8032147056191447,-0.7192807511216393,-0.8315722226928234,-0.6683348769111497,-0.7943627454471124,-0.7351649429734143,-0.6683348769111497,-0.686915698895015,-0.686915698895015,-0.722302828391343,-0.7560460759319328,-0.6694431937572263,-0.7943627454471124,-0.6804219374768109,-0.7282866544164699,-0.7253048415716722,-0.722302828391343,-0.7885780378899311,-0.6727568770544031,-0.726301030213494,-0.7090641320442124,-0.6901355818369643,-0.7809671291559138,-0.726301030213494,-0.6996847473853881,-0.7253048415716722,-0.6727568770544031,-0.8336661500952633,-0.776654613708977,-0.822255590252328,-0.7951794983175766,-0.7121520235961858,-0.637738088631818,-0.764260542754205,-0.7485836134315691,-0.7951794983175766,-0.7282866544164699,-0.8040050098306262,-0.7282866544164699,-0.7351649429734143,-0.6825944491923404,-0.7111248921967112,-0.7038746195215794,-0.786903583557856,-0.7390451116576376,-0.6986320207837914,-0.6836777455279611,-0.670549638777673,-0.6571508133438027,-0.7007353773936963,-0.7272949694321156,-0.766955882665165,-0.6944002887168611,-0.6571508133438027,-0.7992271593633554,-0.640046773080199,-0.7059568407543396,-0.7390451116576376
2,4,0.6,0.6,0.6,0.6,0.6,0.6,0.6,0.6,0.6,0.6,0.6,0.6,0.6,0.6,0.6,0.6,0.6,0.6,0.6,0.6,0.6,0.6,0.6,0.6,0.6,0.6,0.6,0.6,0.6,0.6,0.6,0.6,0.6,0.6,0.6,0.6,0.6,0.6,0.6,0.6,0.6,0.6,0.6,0.6,0.6,0.6,0.6,0.6,0.6,0.6,0.6,0.6,0.6,0.6,0.6,0.6,0.6,0.6,0.6,0.6,0.6,0.6,0.6,0.6,0.6,0.6,0.6,0.6,0.6,0.6,0.6,0.6,0.6,0.6,0.6,0.6,0.6,0.6,0.6,0.6,0.6,0.6,0.6,0.6,0.6,0.6,0.6,0.6,0.6,0.6,0.6,0.6,0.6,0.6,0.6,0.6,0.6,0.6,0.6,0.6,0.6
2,5,-0.6,-0.6804219374768109,-0.6661126644947939,-0.726301030213494,-0.7992271593633554,-0.7302632428282517,-0.7292760804335465,-0.7877420152265643,-0.6922720277156907,-0.8008293864698117,-0.7272949694321156,-0.8117762762774813,-0.7312481370232629,-0.812540254045234,-0.7253048415716722,-0.6537606986655519,-0.8047929146006155,-0.7678495554487174,-0.7835257705272431,-0.7371096234302587,-0.7361384302213958,-0.7976153134983632,-0.6571508133438027,-0.8110099121046179,-0.8016268948709927,-0.7935435846274922,-0.7783868327387309,-0.8032147056191447,-0.6526271739366714,-0.8000294748988521,-0.7894116514701691,-0.670549638777673,-0.7341891658003055,-0.686915698895015,-0.7951794983175766,-0.7049167952191541,-0.8000294748988521,-0.7059568407543396,-0.7049167952191541,-0.7069947496530721,-0.7485836134315691,-0.8008293864698117,-0.6825944491923404,-0.8032147056191447,-0.7192807511216393,-0.8315722226928234,-0.6683348769111497,-0.7943627454471124,-0.7351649429734143,-0.6683348769111497,-0.686915698895015,-0.686915698895015,-0.722302828391343,-0.7560460759319328,-0.6694431937572263,-0.7943627454471124,-0.6804219374768109,-0.7282866544164699,-0.7253048415716722,-0.722302828391343,-0.7885780378899311,-0.6727568770544031,-0.726301030213494,-0.7090641320442124,-0.6901355818369643,-0.7809671291559138,-0.726301030213494,-0.6996847473853881,-0.7253048415716722,-0.6727568770544031,-0.8336661500952633,-0.776654613708977,-0.822255590252328,-0.7951794983175766,-0.7121520235961858,-0.637738088631818,-0.764260542754205,-0.7485836134315691,-0.7951794983175766,-0.7282866544164699,-0.8040050098306262,-0.7282866544164699,-0.7351649429734143,-0.6825944491923404,-0.7111248921967112,-0.7038746195215794,-0.786903583557856,-0.7390451116576376,-0.6986320207837914,-0.6836777455279611,-0.670549638777673,-0.6571508133438027,-0.7007353773936963,-0.7272949694321156,-0.766955882665165,-0.6944002887168611,-0.6571508133438027,-0.7992271593633554,-0.640046773080199,-0.7059568407543396,-0.7390451116576376
2,7,-0.6,-0.8632131864958328,-0.8553410109327559,-0.8170740983847755,-0.8921362275589,-0.8207869952395593,-0.8133018469932407,-0.8862133721982621,-0.8503120169854405,-0.8977865032706059,-0.7860627430225839,-0.9083048896734224,-0.8008293864698117,-0.8229863469250835,-0.7740382703311339,-0.8751663985387456,-0.852214548831419,-0.8315722226928234,-0.7968057818590881,-0.8424997352384925,-0.7992271593633554,-0.766955882665165,-0.8805371904553881,-0.9257792623909913,-0.8973258423957835,-0.7651613745819212,-0.8778771918608762,-0.899157518270564,-0.8565761383122172,-0.8930966314443894,-0.8887149176160586,-0.8735152938030027,-0.812540254045234,-0.8451399800771044,-0.8977865032706059,-0.8404956450923454,-0.8982453327596847,-0.8509484244392184,-0.8336661500952633,-0.8377914793231213,-0.80714224320402,-0.8982453327596847,-0.852214548831419,-0.8935740066361249,-0.8322725219985161,-0.9339407962034969,-0.8528442733893764,-0.888218485578784,-0.8155723335160969,-0.8707219987913991,-0.8503120169854405,-0.8357392090732537,-0.8258858210114852,-0.7968057818590881,-0.8916531886598371,-0.876799003347446,-0.8872198159655704,-0.8133018469932407,-0.8016268948709927,-0.8438243999693303,-0.8040050098306262,-0.8534717779830581,-0.8251644807090592,-0.8911682516653919,-0.8496733743290137,-0.8464465033091665,-0.776654613708977,-0.8451399800771044,-0.7749127854631035,-0.8614291242649291,-0.9274824794782538,-0.9078867476680385,-0.8163244040276929,-0.8784132360002329,-0.8357392090732537,-0.8821090584938029,-0.8364256049907081,-0.822255590252328,-0.8584123675950137,-0.8301646395872451,-0.9014062953267252,-0.7894116514701691,-0.7894116514701691,-0.8148178850197384,-0.8364256049907081,-0.9031730676947693,-0.9044795534919529,-0.8148178850197384,-0.8810631476887898,-0.8661436736409865,-0.8553410109327559,-0.8729607925669637,-0.8718455626838649,-0.8251644807090592,-0.8746180921134391,-0.8329704968541398,-0.8773391159028279,-0.8977865032706059,-0.867876387656566,-0.7660598218090704,-0.8170740983847755
2,8,-0.6,-0.6202270083658584,-0.6237559095918858,-0.6071816295822543,-0.6,-0.6083741900736548,-0.6071816295822543,-0.6023987928,-0.6107554422924087,-0.6,-0.6,-0.6095654652482841,-0.6047927042017147,-0.6,-0.6023987928,-0.637738088631818,-0.6012,-0.6083741900736548,-0.6,-0.6131314510353358,-0.6023987928,-0.6,-0.640046773080199,-0.6047927042017147,-0.6,-0.6,-0.6,-0.6,-0.6214047356981554,-0.6,-0.6012,-0.6261012952761638,-0.6095654652482841,-0.6107554422924087,-0.6,-0.6178673338850103,-0.6,-0.6225810401489057,-0.614317457409269,-0.6131314510353358,-0.6023987928,-0.6,-0.6261012952761638,-0.6,-0.6047927042017147,-0.6071816295822543,-0.6155021150039264,-0.6,-0.6107554422924087,-0.6155021150039264,-0.6225810401489057,-0.6131314510353358,-0.614317457409269,-0.6047927042017147,-0.6296083118614884,-0.6,-0.6457901375174122,-0.6047927042017147,-0.6071816295822543,-0.6095654652482841,-0.6012,-0.6272717875928121,-0.614317457409269,-0.6131314510353358,-0.6095654652482841,-0.6,-0.6,-0.6131314510353358,-0.6,-0.6155021150039264,-0.6,-0.6012,-0.6,-0.6,-0.6119441084524219,-0.6331017714259239,-0.6047927042017147,-0.6095654652482841,-0.6,-0.6119441084524219,-0.6,-0.6059877966474452,-0.6,-0.6059877966474452,-0.6155021150039264,-0.6119441084524219,-0.6059877966474452,-0.6166854113110745,-0.6214047356981554,-0.6155021150039264,-0.614317457409269,-0.6296083118614884,-0.6119441084524219,-0.6107554422924087,-0.6071816295822543,-0.6155021150039264,-0.6202270083658584,-0.6,-0.6331017714259239,-0.6,-0.6071816295822543
2,9,0.6,0.6836777455279611,0.6694431937572263,0.7466945328412262,0.6119441084524219,0.7551215108584464,0.7935435846274922,0.6119441084524219,0.7007353773936963,0.6,0.8140610567565938,0.8712848247894597,0.7624517327257515,0.8602289405766002,0.7809671291559138,0.64464474803308,0.8673009375501923,0.844483323879259,0.7792493365955194,0.7722820435192068,0.7984224391242196,0.8008293864698117,0.6526271739366714,0.8193089435469116,0.6023987928,0.7984224391242196,0.6411987075869481,0.6023987928,0.686915698895015,0.6131314510353358,0.6047927042017147,0.6661126644947939,0.7532653018600426,0.7017839039350093,0.6,0.7162387523819018,0.6023987928,0.7162387523819018,0.722302828391343,0.7322307585188792,0.8329704968541398,0.6035963652361654,0.6965203056953185,0.6694431937572263,0.7400093988306006,0.7100955929876753,0.6694431937572263,0.6178673338850103,0.7532653018600426,0.6879910115025479,0.691204824139562,0.6944002887168611,0.733211102892868,0.7714003342262975,0.6537606986655519,0.6480759158949216,0.6933371850524812,0.7578881144875257,0.7428883871108637,0.7341891658003055,0.8237147460235835,0.6727568770544031,0.7400093988306006,0.7253048415716722,0.7390451116576376,0.7292760804335465,0.7992271593633554,0.7069947496530721,0.8047929146006155,0.6782415889527001,0.7038746195215794,0.8336661500952633,0.8404956450923454,0.6457901375174122,0.7243064083959095,0.6342631910181403,0.8762568494311653,0.7894116514701691,0.6815091770991965,0.7371096234302587,0.6,0.7447961152169265,0.8086964860555035,0.7182689578113596,0.7243064083959095,0.7438434132678972,0.8336661500952633,0.7560460759319328,0.7059568407543396,0.6858383784094643,0.670549638777673,0.6582773314531296,0.7253048415716722,0.7457464895268,0.8540970664939056,0.7080305155211524,0.6638830758068462,0.6,0.6411987075869481,0.8016268948709927,0.761543758413577
3,0,-0.6,-0.31978072898826826,-0.3285513299461892,-0.4926422955082487,-0.2140940920058333,-0.47890333302618054,-0.5623533704752935,-0.22612718397131823,-0.37411681947336356,-0.1985214234230417,-0.6354280383454145,-0.49014443374984107,-0.528876578245473,-0.6616543227974853,-0.5635495316106194,-0.2669712697504654,-0.616717574251303,-0.5904066558496607,-0.5598555843072439,-0.46397002932007586,-0.5916050748654552,-0.5976011397581038,-0.256334241724376,-0.33299191042201237,-0.2009225016378973,-0.6000046991779042,-0.26601421862737995,-0.20011973838802996,-0.3486981180997582,-0.217483331421311,-0.21493927650263386,-0.29112816975317235,-0.5113895851962432,-0.3764725102309558,-0.19931937924455229,-0.40383134454016817,-0.20011973838802996,-0.3942346409262124,-0.4305810678247402,-0.4195800343439641,-0.5013986369534347,-0.20334522303201605,-0.3636342022269965,-0.2582653082635009,-0.43426970474592913,-0.14982289647041153,-0.3252479501394359,-0.22263939108643035,-0.5076411431582004,-0.314375243383177,-0.36247718038100785,-0.381171846281764,-0.45773852881496263,-0.5598445629718259,-0.2314249420235573,-0.2738872412998156,-0.25349620075556617,-0.466451346730325,-0.4963919258843324,-0.41836237119834474,-0.6307825633241688,-0.3285513299461892,-0.4739139225626637,-0.2984157783228158,-0.34305999390753955,-0.4220451710520925,-0.6155163811105668,-0.39065625859764685,-0.6319511931346525,-0.33076303922734585,-0.20828706607355893,-0.4257182052787324,-0.6012918858737535,-0.2689350834900013,-0.4305810678247402,-0.2497112792586777,-0.5892465784700752,-0.5164026420752749,-0.3352088252725868,-0.45277750325867117,-0.18913305268510885,-0.5038917715280328,-0.6272753581720409,-0.45901513207134514,-0.4318078169555984,-0.2870452573778516,-0.4026728603848687,-0.49139256618732563,-0.3079367874473487,-0.3296562449718037,-0.33187170360710594,-0.2880390692484162,-0.34986275654676985,-0.47516083764273065,-0.47770362955837176,-0.39902335535685596,-0.2880390692484162,-0.19931937924455229,-0.26795203846821014,-0.6307929530676814,-0.4976418980811091
3,1,-0.6,-0.6,-0.6,-0.6,-0.6,-0.6,-0.6457901375174122,-0.6047927042017147,-0.6,-0.6,-0.6,-0.7069947496530721,-0.6249293319660912,-0.6284407970532268,-0.6,-0.6,-0.6261012952761638,-0.6272717875928121,-0.6131314510353358,-0.614317457409269,-0.6202270083658584,-0.6012,-0.6,-0.6716542028812371,-0.6,-0.6,-0.6178673338850103,-0.6,-0.6,-0.6,-0.6023987928,-0.6,-0.6,-0.6190478703430244,-0.6,-0.6,-0.6,-0.6,-0.6,-0.6,-0.6095654652482841,-0.6,-0.6,-0.6131314510353358,-0.6190478703430244,-0.642349022211827,-0.6,-0.6,-0.6,-0.6331017714259239,-0.6,-0.6,-0.6,-0.6,-0.6,-0.6071816295822543,-0.6166854113110745,-0.6119441084524219,-0.6,-0.6,-0.6023987928,-0.6,-0.6,-0.6178673338850103,-0.6107554422924087,-0.6214047356981554,-0.6023987928,-0.6,-0.6155021150039264,-0.6,-0.6284407970532268,-0.649216283510581,-0.7597206814403644,-0.6,-0.6,-0.6,-0.6716542028812371,-0.6155021150039264,-0.6,-0.6,-0.6,-0.6,-0.6,-0.6272717875928121,-0.6,-0.6548924869032813,-0.6319388106747352,-0.6,-0.614317457409269,-0.6,-0.6059877966474452,-0.6,-0.6214047356981554,-0.6,-0.6638830758068462,-0.6,-0.6,-0.6,-0.6,-0.6095654652482841,-0.6
3,2,-0.6,-0.6,-0.6,-0.6,-0.6,-0.6,-0.6,-0.6,-0.6,-0.6,-0.6,-0.6,-0.6,-0.6,-0.6,-0.6,-0.6,-0.6,-0.6,-0.6,-0.6,-0.6,-0.6,-0.6,-0.6,-0.6,-0.6,-0.6,-0.6,-0.6,-0.6,-0.6,-0.6,-0.6,-0.6,-0.6,-0.6,-0.6,-0.6,-0.6,-0.6,-0.6,-0.6,-0.6,-0.6,-0.6,-0.6,-0.6,-0.6,-0.6,-0.6,-0.6,-0.6,-0.6,-0.6,-0.6,-0.6,-0.6,-0.6,-0.6,-0.6,-0.6,-0.6,-0.6,-0.6,-0.6,-0.6,-0.6,-0.6,-0.6,-0.6,-0.6,-0.6,-0.6,-0.6,-0.6,-0.6,-0.6,-0.6,-0.6,-0.6,-0.6,-0.6,-0.6,-0.6,-0.6,-0.6,-0.6,-0.6,-0.6,-0.6,-0.6,-0.6,-0.6,-0.6,-0.6,-0.6,-0.6,-0.6,-0.6,-0.6
3,4,-0.6,-0.2459782736902198,-0.265992781696074,-0.33076303922734585,-0.20578960423193193,-0.3089941202630066,-0.334094605928927,-0.217483331421311,-0.2768808419005031,-0.1985214234230417,-0.37411681947336356,-0.17569422506238683,-0.34418775850449906,-0.32305525651845257,-0.35213661302267624,-0.2314249420235573,-0.2699204003791929,-0.28496952251835184,-0.3509959309287183,-0.2768808419005031,-0.35442301443716984,-0.3567160610172054,-0.21578389571742304,-0.1417010310157999,-0.19931937924455229,-0.36247718038100785,-0.23321078777950247,-0.1985214234230417,-0.26795203846821014,-0.20825565723327732,-0.2115774514812726,-0.23590746016241898,-0.33968393662647267,-0.2778841646790014,-0.19931937924455229,-0.2870137064292416,-0.1985214234230417,-0.27888971589030603,-0.30367672395997997,-0.28395071304958175,-0.23231667019828864,-0.2009225016378973,-0.27189783162555675,-0.20497240301682196,-0.2880390692484162,-0.09734790363737114,-0.26307104394943737,-0.2099117362478713,-0.3363248775440319,-0.23771715677571997,-0.27587975269405823,-0.2890666047622837,-0.31544213752418043,-0.3613217430105876,-0.19300294826287517,-0.2350061845104083,-0.1838154554411258,-0.29527710227770376,-0.3385624428273506,-0.28090748266069065,-0.35442301443716984,-0.26307104394943737,-0.3219618037296813,-0.19456766283553767,-0.216632409761435,-0.2890666047622837,-0.3764627481117966,-0.28496952251835184,-0.38471837181880425,-0.26016998171838635,-0.1423113250749517,-0.18157216740684043,-0.30051111730169167,-0.23231667019828864,-0.3015642335346282,-0.22350714960483214,-0.23321078777950247,-0.29946009637329274,-0.2611346985572196,-0.3068609975703941,-0.18913305268510885,-0.3430591457774983,-0.37411681947336356,-0.33298222892783635,-0.3026194381035554,-0.17209706672440994,-0.16785770128313593,-0.31869312391648824,-0.217483331421311,-0.25253567720128234,-0.26795203846821014,-0.23953636730263214,-0.23410729312164696,-0.31652381998100865,-0.18990224961112767,-0.29112816975317235,-0.2350061845104083,-0.19931937924455229,-0.2350061845104083,-0.3882771276493854,-0.31760748483306406
3,5,-0.6,-0.6,-0.6,-0.6,-0.6,-0.6,-0.6,-0.6,-0.6,-0.6,-0.6,-0.6,-0.6,-0.6,-0.6,-0.6,-0.6,-0.6,-0.6,-0.6,-0.6,-0.6,-0.6,-0.6,-0.6,-0.6,-0.6,-0.6,-0.6,-0.6,-0.6,-0.6,-0.6,-0.6,-0.6,-0.6,-0.6,-0.6,-0.6,-0.6,-0.6,-0.6,-0.6,-0.6,-0.6,-0.6,-0.6,-0.6,-0.6,-0.6,-0.6,-0.6,-0.6,-0.6,-0.6,-0.6,-0.6,-0.6,-0.6,-0.6,-0.6,-0.6,-0.6,-0.6,-0.6,-0.6,-0.6,-0.6,-0.6,-0.6,-0.6,-0.6,-0.6,-0.6,-0.6,-0.6,-0.6,-0.6,-0.6,-0.6,-0.6,-0.6,-0.6,-0.6,-0.6,-0.6,-0.6,-0.6,-0.6,-0.6,-0.6,-0.6,-0.6,-0.6,-0.6,-0.6,-0.6,-0.6,-0.6,-0.6,-0.6
3,6,-0.6,-0.5988,-0.6,-0.6,-0.6,-0.5988,-0.5975988072,-0.5975988072,-0.6,-0.6,-0.6,-0.5843107861983151,-0.5891581779649416,-0.5951928961990797,-0.6,-0.6,-0.5975988072,-0.5891581779649416,-0.5988,-0.6,-0.5951928961990797,-0.6,-0.6,-0.5988,-0.6,-0.6,-0.6,-0.6,-0.6,-0.6,-0.5988,-0.5988,-0.6,-0.5951928961990797,-0.6,-0.5988,-0.6,-0.5975988072,-0.6,-0.5988,-0.5963964348358344,-0.6,-0.6,-0.5927823735495674,-0.5975988072,-0.5879479238684318,-0.6,-0.6,-0.6,-0.5963964348358344,-0.6,-0.6,-0.6,-0.6,-0.5988,-0.5988,-0.6,-0.6,-0.6,-0.5988,-0.6,-0.6,-0.6,-0.5988,-0.5975988072,-0.5963964348358344,-0.6,-0.6,-0.6,-0.6,-0.5963964348358344,-0.5927823735495674,-0.5975988072,-0.6,-0.6,-0.6,-0.5867365980549956,-0.5963964348358344,-0.6,-0.5988,-0.6,-0.6,-0.6,-0.6,-0.6,-0.5927823735495674,-0.5939882046365135,-0.5975988072,-0.5951928961990797,-0.5975988072,-0.6,-0.6,-0.5963964348358344,-0.5988,-0.5879479238684318,-0.6,-0.5988,-0.6,-0.6,-0.6,-0.5988
3,8,-0.6,-0.5101402338094979,-0.5263656461495806,-0.4330353956644293,-0.5879479238684318,-0.4220182643351806,-0.3694426820567821,-0.5879479238684318,-0.49014293662690983,-0.6,-0.33968393662647267,-0.2497112792586777,-0.4122891348075799,-0.26795203846821014,-0.38708953765041676,-0.5536769475536119,-0.256334241724376,-0.2931983523632216,-0.38946603886656617,-0.39902335535685596,-0.36247718038100785,-0.3590156663845224,-0.5450145462495687,-0.33187170360710594,-0.5975988072,-0.36247718038100785,-0.5573796469385105,-0.5975988072,-0.5063914350935442,-0.5867365980549956,-0.5951928961990797,-0.5301031392620431,-0.4244602716755245,-0.4888934224354015,-0.6,-0.47142106035546283,-0.5975988072,-0.47142106035546283,-0.46395132841430475,-0.45153865307966357,-0.31113539215076896,-0.5963964348358344,-0.4951419909753265,-0.5263656461495806,-0.44165044909370976,-0.47890333302618054,-0.5263656461495806,-0.5818808527400827,-0.4244602716755245,-0.505141639345757,-0.5013918821542456,-0.4976418980811091,-0.45030039559039026,-0.40022357868560443,-0.543774677796439,-0.5499682139183885,-0.4988918919415917,-0.41836237119834474,-0.4379537150177242,-0.44906274584378264,-0.3252479501394359,-0.5226251261654699,-0.44165044909370976,-0.46022220429525085,-0.44288413798524134,-0.4552569213300745,-0.3613217430105876,-0.4826481278787289,-0.35327897773079764,-0.5163853341528415,-0.486394802564562,-0.3100637413512592,-0.29946009637329274,-0.5524413536271052,-0.4614647794791479,-0.5647653440697584,-0.24136507496119097,-0.37528905537481705,-0.5126387865016221,-0.4453535931396892,-0.6,-0.43549298364172334,-0.3475840853924312,-0.46892959174455584,-0.4614647794791479,-0.4367229637251247,-0.3100637413512592,-0.42079867009066707,-0.48389683131852096,-0.5076411431582004,-0.525119121886065,-0.5388098511550954,-0.46022220429525085,-0.4342637894175206,-0.2778841646790014,-0.48139963331605945,-0.5325929142154833,-0.6,-0.5573796469385105,-0.35786504929614743,-0.41350172504973304
3,9,-0.6,-0.6012,-0.6,-0.6,-0.6,-0.6012,-0.6023987928,-0.6023987928,-0.6,-0.6,-0.6,-0.6155021150039264,-0.6107554422924087,-0.6047927042017147,-0.6,-0.6,-0.6023987928,-0.6107554422924087,-0.6012,-0.6,-0.6047927042017147,-0.6,-0.6,-0.6012,-0.6,-0.6,-0.6,-0.6,-0.6,-0.6,-0.6012,-0.6012,-0.6,-0.6047927042017147,-0.6,-0.6012,-0.6,-0.6023987928,-0.6,-0.6012,-0.6035963652361654,-0.6,-0.6,-0.6071816295822543,-0.6023987928,-0.6119441084524219,-0.6,-0.6,-0.6,-0.6035963652361654,-0.6,-0.6,-0.6,-0.6,-0.6012,-0.6012,-0.6,-0.6,-0.6,-0.6012,-0.6,-0.6,-0.6,-0.6012,-0.6023987928,-0.6035963652361654,-0.6,-0.6,-0.6,-0.6,-0.6035963652361654,-0.6071816295822543,-0.6023987928,-0.6,-0.6,-0.6,-0.6131314510353358,-0.6035963652361654,-0.6,-0.6012,-0.6,-0.6,-0.6,-0.6,-0.6,-0.6071816295822543,-0.6059877966474452,-0.6023987928,-0.6047927042017147,-0.6023987928,-0.6,-0.6,-0.6035963652361654,-0.6012,-0.6119441084524219,-0.6,-0.6012,-0.6,-0.6,-0.6,-0.6012
4,1,-0.6,-0.6023987928,-0.6,-0.6,-0.6,-0.6047927042017147,-0.6514919229502673,-0.6012,-0.6,-0.6,-0.6,-0.7390451116576376,-0.6307743202889704,-0.6296083118614884,-0.6,-0.6,-0.6190478703430244,-0.6,-0.6214047356981554,-0.6012,-0.6261012952761638,-0.6,-0.6,-0.7172549563917434,-0.6,-0.6,-0.6012,-0.6,-0.6,-0.6,-0.6,-0.6,-0.6,-0.6261012952761638,-0.6,-0.6,-0.6,-0.6,-0.6,-0.6,-0.614317457409269,-0.6,-0.6,-0.6071816295822543,-0.6237559095918858,-0.6503549560142575,-0.6,-0.6,-0.6,-0.642349022211827,-0.6,-0.6,-0.6,-0.6,-0.6,-0.6071816295822543,-0.6,-0.6083741900736548,-0.6,-0.6,-0.6,-0.6,-0.6,-0.6296083118614884,-0.6225810401489057,-0.6023987928,-0.6,-0.6,-0.6083741900736548,-0.6,-0.614317457409269,-0.642349022211827,-0.8094700184529884,-0.6,-0.6,-0.6,-0.6727568770544031,-0.6,-0.6,-0.6,-0.6,-0.6,-0.6,-0.6035963652361654,-0.6,-0.670549638777673,-0.6388932297265183,-0.6,-0.6190478703430244,-0.6,-0.6071816295822543,-0.6,-0.6225810401489057,-0.6,-0.6649987874941666,-0.6,-0.6,-0.6,-0.6,-0.6,-0.6
4,3,-0.6,-0.6,-0.6,-0.6,-0.6,-0.6,-0.6,-0.6,-0.6,-0.6,-0.6,-0.6,-0.6,-0.6,-0.6,-0.6,-0.6,-0.6,-0.6,-0.6,-0.6,-0.6,-0.6,-0.6,-0.6,-0.6,-0.6,-0.6,-0.6,-0.6,-0.6,-0.6,-0.6,-0.6,-0.6,-0.6,-0.6,-0.6,-0.6,-0.6,-0.6,-0.6,-0.6,-0.6,-0.6,-0.6,-0.6,-0.6,-0.6,-0.6,-0.6,-0.6,-0.6,-0.6,-0.6,-0.6,-0.6,-0.6,-0.6,-0.6,-0.6,-0.6,-0.6,-0.6,-0.6,-0.6,-0.6,-0.6,-0.6,-0.6,-0.6,-0.6,-0.6,-0.6,-0.6,-0.6,-0.6,-0.6,-0.6,-0.6,-0.6,-0.6,-0.6,-0.6,-0.6,-0.6,-0.6,-0.6,-0.6,-0.6,-0.6,-0.6,-0.6,-0.6,-0.6,-0.6,-0.6,-0.6,-0.6,-0.6,-0.6
4,7,0.6,0.565993568314464,0.6,0.6,0.6,0.570898145118625,0.5951928961990797,0.5927823735495674,0.6,0.6,0.6,0.5806643751103099,0.5891581779649416,0.5975988072,0.5213776856471398,0.6,0.5903673466782133,0.5126387865016221,0.5770090663399023,0.5672209750170528,0.5939882046365135,0.36479279728867137,0.565993568314464,0.5843107861983151,0.6,0.37411681947336356,0.6,0.6,0.6,0.6,0.5939882046365135,0.5927823735495674,0.6,0.5975988072,0.6,0.5927823735495674,0.6,0.5951928961990797,0.6,0.5757887183213951,0.34418775850449906,0.6,0.6,0.5951928961990797,0.5647653440697584,0.42813011623060143,0.5745674379705191,0.6,0.6,0.5951928961990797,0.6,0.5733452394845465,0.6,0.6,0.5350810360430884,0.6,0.515136676548718,0.5038917715280328,0.5733452394845465,0.570898145118625,0.5988,0.5733452394845465,0.6,0.5536769475536119,0.4651952715686989,0.5975988072,0.5806643751103099,0.6,0.6,0.6,0.5939882046365135,0.5879479238684318,0.5988,0.6,0.6,0.6,0.40744947344485244,0.5425342589085199,0.6,0.5927823735495674,0.5963964348358344,0.5462538491567596,0.6,0.5757887183213951,0.6,0.5782284678739728,0.49139256618732563,0.5672209750170528,0.565993568314464,0.5927823735495674,0.6,0.6,0.5891581779649416,0.5927823735495674,0.45773852881496263,0.5782284678739728,0.5927823735495674,0.6,0.5733452394845465,0.5757887183213951,0.5684475496817656
4,8,-0.6,-0.6,-0.6,-0.6,-0.6,-0.6,-0.6,-0.6,-0.6,-0.6,-0.6,-0.6,-0.6,-0.6,-0.6,-0.6,-0.6,-0.6,-0.6,-0.6,-0.6,-0.6,-0.6,-0.6,-0.6,-0.6,-0.6,-0.6,-0.6,-0.6,-0.6,-0.6,-0.6,-0.6,-0.6,-0.6,-0.6,-0.6,-0.6,-0.6,-0.6,-0.6,-0.6,-0.6,-0.6,-0.6,-0.6,-0.6,-0.6,-0.6,-0.6,-0.6,-0.6,-0.6,-0.6,-0.6,-0.6,-0.6,-0.6,-0.6,-0.6,-0.6,-0.6,-0.6,-0.6,-0.6,-0.6,-0.6,-0.6,-0.6,-0.6,-0.6,-0.6,-0.6,-0.6,-0.6,-0.6,-0.6,-0.6,-0.6,-0.6,-0.6,-0.6,-0.6,-0.6,-0.6,-0.6,-0.6,-0.6,-0.6,-0.6,-0.6,-0.6,-0.6,-0.6,-0.6,-0.6,-0.6,-0.6,-0.6,-0.6
4,10,-0.6,-0.8789516172014796,-0.8553410109327559,-0.8170740983847755,-0.8921362275589,-0.8377950304683688,-0.8163302743413305,-0.88921264118332,-0.8503120169854405,-0.8977865032706059,-0.7860627430225839,-0.9147780140633762,-0.8079286908781063,-0.8244429162716916,-0.8251724141086165,-0.8751663985387456,-0.8572001178802731,-0.8757328757683374,-0.8117770564099177,-0.8596320032736913,-0.803219128706135,-0.8959354277914566,-0.8945269607212175,-0.9301419241472453,-0.8973258423957835,-0.8911722264625687,-0.8778771918608762,-0.899157518270564,-0.8565761383122172,-0.8930966314443894,-0.8911708973106259,-0.8768025790198317,-0.812540254045234,-0.8464479163066189,-0.8977865032706059,-0.8444876703977843,-0.8982453327596847,-0.8534744676617193,-0.8336661500952633,-0.8509516123782764,-0.9229848829212846,-0.8982453327596847,-0.852214548831419,-0.8954671239275831,-0.8515890319605987,-0.9659627744757104,-0.8655630675532875,-0.888218485578784,-0.8155723335160969,-0.8729633871963514,-0.8503120169854405,-0.8503120169854405,-0.8258858210114852,-0.7968057818590881,-0.9147793814300369,-0.876799003347446,-0.9174697860344161,-0.8655648279476656,-0.8185663661952659,-0.8590278747071202,-0.8047937166888484,-0.86672336769225,-0.8251644807090592,-0.9083119751049319,-0.907051558620054,-0.8477453781528035,-0.7902437021795293,-0.8451399800771044,-0.7749127854631035,-0.8614291242649291,-0.9291520901926114,-0.912000799149462,-0.8170757641180338,-0.8784132360002329,-0.8357392090732537,-0.8821090584938029,-0.9178621408628742,-0.8541081650306431,-0.8584123675950137,-0.834363992157213,-0.9027354605627068,-0.8237147460235835,-0.7894116514701691,-0.8294629521252623,-0.8364256049907081,-0.9107886546676488,-0.9363818212336452,-0.8343642168068712,-0.8949994318166558,-0.869593777158675,-0.8553410109327559,-0.8729607925669637,-0.8768069508194979,-0.8294619470921771,-0.9254519941705379,-0.8451399800771044,-0.8805406347500168,-0.8977865032706059,-0.8800111525639066,-0.7835257705272431,-0.835743004844434
5,1,0.6,0.6,0.6,0.6,0.6,0.6,0.6,0.6,0.6,0.6,0.6,0.6,0.6,0.6,0.6,0.6,0.6,0.6,0.6,0.6,0.6,0.6,0.6,0.6,0.6,0.6,0.6,0.6,0.6,0.6,0.6,0.6,0.6,0.6,0.6,0.6,0.6,0.6,0.6,0.6,0.6,0.6,0.6,0.6,0.6,0.6,0.6,0.6,0.6,0.6,0.6,0.6,0.6,0.6,0.6,0.6,0.6,0.6,0.6,0.6,0.6,0.6,0.6,0.6,0.6,0.6,0.6,0.6,0.6,0.6,0.6,0.6,0.6,0.6,0.6,0.6,0.6,0.6,0.6,0.6,0.6,0.6,0.6,0.6,0.6,0.6,0.6,0.6,0.6,0.6,0.6,0.6,0.6,0.6,0.6,0.6,0.6,0.6,0.6,0.6,0.6
5,2,-0.6,-0.6782437459064862,-0.6661126644947939,-0.726301030213494,-0.7992271593633554,-0.7263049129441532,-0.683729121275164,-0.7869044378698403,-0.6922720277156907,-0.8008293864698117,-0.7272949694321156,-0.6956170958578612,-0.7049381771122819,-0.7927409758059158,-0.7253048415716722,-0.6537606986655519,-0.7919177337644915,-0.7678495554487174,-0.7678666703934686,-0.7361395353854902,-0.7142214784581089,-0.7976153134983632,-0.6571508133438027,-0.7173860690603566,-0.8016268948709927,-0.7935435846274922,-0.7775228474838196,-0.8032147056191447,-0.6526271739366714,-0.8000294748988521,-0.7894116514701691,-0.670549638777673,-0.7341891658003055,-0.6627884663629237,-0.7951794983175766,-0.7049167952191541,-0.8000294748988521,-0.7059568407543396,-0.7049167952191541,-0.7069947496530721,-0.7371189931323321,-0.8008293864698117,-0.6825944491923404,-0.798427098024822,-0.69865267142216,-0.7992572257033306,-0.6683348769111497,-0.7943627454471124,-0.7351649429734143,-0.6273120865566216,-0.686915698895015,-0.686915698895015,-0.722302828391343,-0.7560460759319328,-0.6694431937572263,-0.7894165935898602,-0.6804219374768109,-0.7213046173922478,-0.7253048415716722,-0.722302828391343,-0.7885780378899311,-0.6727568770544031,-0.726301030213494,-0.682619059782904,-0.6694626993787,-0.7792511716623224,-0.726301030213494,-0.6996847473853881,-0.7182797313500452,-0.6727568770544031,-0.8251759633361656,-0.7438935266311784,-0.6205159384859437,-0.7951794983175766,-0.7121520235961858,-0.637738088631818,-0.7028917705582219,-0.7485836134315691,-0.7951794983175766,-0.7282866544164699,-0.8040050098306262,-0.7282866544164699,-0.7351649429734143,-0.6793367260611268,-0.7111248921967112,-0.6366442941993645,-0.7579411063028445,-0.7390451116576376,-0.6815249762544153,-0.6836777455279611,-0.6638907438032321,-0.6571508133438027,-0.6804429501480325,-0.7272949694321156,-0.7132327536251188,-0.6944002887168611,-0.6571508133438027,-0.7992271593633554,-0.640046773080199,-0.7059568407543396,-0.7390451116576376
5,4,0.6,0.8735152938030027,0.8614291242649291,0.8200491525397664,0.8968633449686821,0.8343594845966664,0.8178214184654429,0.8901926630633605,0.8547201428314076,0.9009601404980664,0.7902428559501357,0.9135873534105563,0.8110099121046179,0.8251644807090592,0.8055784209966619,0.8821090584938029,0.8590200704687884,0.8496733743290137,0.8063615301397679,0.8547201428314076,0.8040050098306262,0.8024220009524451,0.8911682516653919,0.9317435527017557,0.9005121905720505,0.7984224391242196,0.8810631476887898,0.9009601404980664,0.8602289405766002,0.8954647817849902,0.8935740066361249,0.8794792480111175,0.8140610567565938,0.8540970664939056,0.9005121905720505,0.8483893684943334,0.9009601404980664,0.8534717779830581,0.8377914793231213,0.8503120169854405,0.8815871020761573,0.8996108846486044,0.8578024806708849,0.8973258423957835,0.8477439979348319,0.9543371255092385,0.8632131864958328,0.8945231290840515,0.8163244040276929,0.8784132360002329,0.8553410109327559,0.8470963774108907,0.8301646395872451,0.7992271593633554,0.9040458186096325,0.8800092255127622,0.9091360596501599,0.8431632048953004,0.8148178850197384,0.852214548831419,0.8040050098306262,0.8632131864958328,0.8258858210114852,0.9031730676947693,0.8906814114918181,0.8470963774108907,0.7885780378899311,0.8496733743290137,0.7826752971453241,0.8649778952957019,0.9314241868467376,0.9103701079195469,0.8398230435971435,0.8815871020761573,0.8391481509385688,0.8867175683539383,0.8810631476887898,0.8404956450923454,0.8643918022233398,0.8357392090732537,0.9061970109319347,0.8117762762774813,0.7902428559501357,0.8185663661952659,0.8384709639056047,0.9155447098051809,0.9178403820612663,0.8280357629601386,0.8901926630633605,0.8695900641889172,0.8602289405766002,0.8773391159028279,0.8805371904553881,0.8294573503156301,0.9057702584451278,0.8457943720478663,0.8800092255127622,0.9005121905720505,0.8800092255127622,0.7801094356355742,0.8287477256512343
5,7,-0.6,-0.6,-0.6,-0.6,-0.6,-0.6,-0.6,-0.6,-0.6,-0.6,-0.6,-0.6,-0.6,-0.6,-0.6,-0.6,-0.6,-0.6,-0.6,-0.6,-0.6,-0.6,-0.6,-0.6,-0.6,-0.6,-0.6,-0.6,-0.6,-0.6,-0.6,-0.6,-0.6,-0.6,-0.6,-0.6,-0.6,-0.6,-0.6,-0.6,-0.6,-0.6,-0.6,-0.6,-0.6,-0.6,-0.6,-0.6,-0.6,-0.6,-0.6,-0.6,-0.6,-0.6,-0.6,-0.6,-0.6,-0.6,-0.6,-0.6,-0.6,-0.6,-0.6,-0.6,-0.6,-0.6,-0.6,-0.6,-0.6,-0.6,-0.6,-0.6,-0.6,-0.6,-0.6,-0.6,-0.6,-0.6,-0.6,-0.6,-0.6,-0.6,-0.6,-0.6,-0.6,-0.6,-0.6,-0.6,-0.6,-0.6,-0.6,-0.6,-0.6,-0.6,-0.6,-0.6,-0.6,-0.6,-0.6,-0.6,-0.6
5,8,-0.6,-0.31652381998100865,-0.3252479501394359,-0.46643964007990907,-0.40744947344485244,-0.4465893296411483,-0.4739161618415394,-0.40745268336687346,-0.36479279728867137,-0.39902335535685596,-0.515136676548718,-0.3799927991677759,-0.4876489808859182,-0.5794671760873076,-0.4888934224354015,-0.2748809021203206,-0.5038969707136352,-0.46768530920395807,-0.5659986196475301,-0.41714569471052654,-0.5051424413854788,-0.5927835297710311,-0.26016998171838635,-0.32088075147452344,-0.4014249935260978,-0.5927823735495674,-0.41593109544243617,-0.40262758659163295,-0.3143624455471887,-0.4122891348075799,-0.40142546893390446,-0.29527710227770376,-0.486394802564562,-0.36017194550449566,-0.3918477740777872,-0.39065625859764685,-0.3978243367706729,-0.38235264177728007,-0.4098671367523529,-0.38946603886656617,-0.3752901654203859,-0.40262640836659114,-0.3487196566810577,-0.4122891348075799,-0.408660740008196,-0.2621011737480274,-0.32415064153408824,-0.4062423014446806,-0.48389683131852096,-0.2952818538577034,-0.35786504929614743,-0.3729460523490611,-0.44411852428860293,-0.5388098511550954,-0.24412590407272797,-0.4416516608219046,-0.2422829846612153,-0.42813128991146737,-0.4739139225626637,-0.40383134454016817,-0.577010990551394,-0.3285513299461892,-0.45649745897469624,-0.2819213582845938,-0.29112879446362383,-0.49139468950823884,-0.5163853341528415,-0.38235264177728007,-0.5238744162620045,-0.3252479501394359,-0.35672274902308115,-0.33968460160301645,-0.5697300617890222,-0.43918522283211425,-0.41593001889005154,-0.25253567720128234,-0.3966271674707776,-0.4589801156604065,-0.4776555583729676,-0.44165044909370976,-0.38946603886656617,-0.4826481278787289,-0.525119121886065,-0.41714904480005033,-0.41593001889005154,-0.24784571317838822,-0.33188320854840025,-0.46892959174455584,-0.3005218921100276,-0.32744830317850526,-0.33187170360710594,-0.2870137064292416,-0.323058483807652,-0.45153865307966357,-0.33968384703390947,-0.3835348210877848,-0.2819196875472933,-0.3978243367706729,-0.2669712697504654,-0.5038917715280328,-0.46768441859590165
5,10,0.6,0.6804219374768109,0.6661126644947939,0.726301030213494,0.7992271593633554,0.7302632428282517,0.7292760804335465,0.7877420152265643,0.6922720277156907,0.8008293864698117,0.7272949694321156,0.8117762762774813,0.7312481370232629,0.812540254045234,0.7253048415716722,0.6537606986655519,0.8047929146006155,0.7678495554487174,0.7835257705272431,0.7371096234302587,0.7361384302213958,0.7976153134983632,0.6571508133438027,0.8110099121046179,0.8016268948709927,0.7935435846274922,0.7783868327387309,0.8032147056191447,0.6526271739366714,0.8000294748988521,0.7894116514701691,0.670549638777673,0.7341891658003055,0.686915698895015,0.7951794983175766,0.7049167952191541,0.8000294748988521,0.7059568407543396,0.7049167952191541,0.7069947496530721,0.7485836134315691,0.8008293864698117,0.6825944491923404,0.8032147056191447,0.7192807511216393,0.8315722226928234,0.6683348769111497,0.7943627454471124,0.7351649429734143,0.6683348769111497,0.686915698895015,0.686915698895015,0.722302828391343,0.7560460759319328,0.6694431937572263,0.7943627454471124,0.6804219374768109,0.7282866544164699,0.7253048415716722,0.722302828391343,0.7885780378899311,0.6727568770544031,0.726301030213494,0.7090641320442124,0.6901355818369643,0.7809671291559138,0.726301030213494,0.6996847473853881,0.7253048415716722,0.6727568770544031,0.8336661500952633,0.776654613708977,0.822255590252328,0.7951794983175766,0.7121520235961858,0.637738088631818,0.764260542754205,0.7485836134315691,0.7951794983175766,0.7282866544164699,0.8040050098306262,0.7282866544164699,0.7351649429734143,0.6825944491923404,0.7111248921967112,0.7038746195215794,0.786903583557856,0.7390451116576376,0.6986320207837914,0.6836777455279611,0.670549638777673,0.6571508133438027,0.7007353773936963,0.7272949694321156,0.766955882665165,0.6944002887168611,0.6571508133438027,0.7992271593633554,0.640046773080199,0.7059568407543396,0.7390451116576376
6,3,-0.6,-0.6,-0.6,-0.6,-0.6,-0.6,-0.6,-0.6,-0.6,-0.6,-0.6,-0.6,-0.6,-0.6,-0.6,-0.6,-0.6,-0.6,-0.6,-0.6,-0.6,-0.6,-0.6,-0.6,-0.6,-0.6,-0.6,-0.6,-0.6,-0.6,-0.6,-0.6,-0.6,-0.6,-0.6,-0.6,-0.6,-0.6,-0.6,-0.6,-0.6,-0.6,-0.6,-0.6,-0.6,-0.6,-0.6,-0.6,-0.6,-0.6,-0.6,-0.6,-0.6,-0.6,-0.6,-0.6,-0.6,-0.6,-0.6,-0.6,-0.6,-0.6,-0.6,-0.6,-0.6,-0.6,-0.6,-0.6,-0.6,-0.6,-0.6,-0.6,-0.6,-0.6,-0.6,-0.6,-0.6,-0.6,-0.6,-0.6,-0.6,-0.6,-0.6,-0.6,-0.6,-0.6,-0.6,-0.6,-0.6,-0.6,-0.6,-0.6,-0.6,-0.6,-0.6,-0.6,-0.6,-0.6,-0.6,-0.6,-0.6
6,4,0.6,0.565993568314464,0.6,0.6,0.6,0.570898145118625,0.5951928961990797,0.5927823735495674,0.6,0.6,0.6,0.5806643751103099,0.5891581779649416,0.5975988072,0.5213776856471398,0.6,0.5903673466782133,0.5126387865016221,0.5770090663399023,0.5672209750170528,0.5939882046365135,0.36479279728867137,0.565993568314464,0.5843107861983151,0.6,0.37411681947336356,0.6,0.6,0.6,0.6,0.5939882046365135,0.5927823735495674,0.6,0.5975988072,0.6,0.5927823735495674,0.6,0.5951928961990797,0.6,0.5757887183213951,0.34418775850449906,0.6,0.6,0.5951928961990797,0.5647653440697584,0.42813011623060143,0.5745674379705191,0.6,0.6,0.5951928961990797,0.6,0.5733452394845465,0.6,0.6,0.5350810360430884,0.6,0.515136676548718,0.5038917715280328,0.5733452394845465,0.570898145118625,0.5988,0.5733452394845465,0.6,0.5536769475536119,0.4651952715686989,0.5975988072,0.5806643751103099,0.6,0.6,0.6,0.5939882046365135,0.5879479238684318,0.5988,0.6,0.6,0.6,0.40744947344485244,0.5425342589085199,0.6,0.5927823735495674,0.5963964348358344,0.5462538491567596,0.6,0.5757887183213951,0.6,0.5782284678739728,0.49139256618732563,0.5672209750170528,0.565993568314464,0.5927823735495674,0.6,0.6,0.5891581779649416,0.5927823735495674,0.45773852881496263,0.5782284678739728,0.5927823735495674,0.6,0.5733452394845465,0.5757887183213951,0.5684475496817656
6,5,-0.6,-0.6342657926075467,-0.6,-0.6,-0.6,-0.6319453896618021,-0.6084005800618029,-0.6012037041864599,-0.6,-0.6,-0.6,-0.6412382089890281,-0.6060052955373121,-0.5988146406996598,-0.6738576523615551,-0.6,-0.6000082200722134,-0.6458578032987002,-0.6296169847650308,-0.6190599836062002,-0.607193981989682,-0.7959962170618825,-0.6331017714259239,-0.6639077068543132,-0.6,-0.7902428559501357,-0.583096327741662,-0.6,-0.6,-0.6,-0.602401274081792,-0.6059877966474452,-0.6,-0.6048048801690761,-0.6,-0.6059877966474452,-0.6,-0.6024012454127418,-0.6,-0.6225810401489057,-0.8117868957975745,-0.6,-0.6,-0.5915846677259902,-0.636592185762781,-0.7476846714774635,-0.6249293319660912,-0.6,-0.6,-0.6107767123250623,-0.6,-0.6261012952761638,-0.6,-0.6,-0.66052502778067,-0.5988059964977576,-0.663896462693195,-0.6858405469201512,-0.6261012952761638,-0.6272717875928121,-0.5988011939928071,-0.6261012952761638,-0.6,-0.654902246262231,-0.7292936169973944,-0.5794513084251942,-0.6166854113110745,-0.6,-0.592784613249019,-0.6,-0.5879565150182889,-0.5976310346243635,-0.6672584945966857,-0.6,-0.6,-0.6,-0.7570376449109001,-0.6365895082070293,-0.6,-0.6059877966474452,-0.6035963652361654,-0.6514919229502673,-0.6,-0.6000224704481747,-0.6,-0.6308005733203139,-0.7007618751377669,-0.6296097754148628,-0.6331135838632146,-0.6047927042017147,-0.601204852792687,-0.6,-0.6083839775369012,-0.6059877966474452,-0.7183255297879299,-0.6214047356981554,-0.6059877966474452,-0.6,-0.6261012952761638,-0.6143264938987683,-0.6296097754148628
6,6,-0.6,-0.6,-0.6,-0.6,-0.6,-0.6,-0.6,-0.6,-0.6,-0.6,-0.6,-0.6,-0.6,-0.6,-0.6,-0.6,-0.6,-0.6,-0.6,-0.6,-0.6,-0.6,-0.6,-0.6,-0.6,-0.6,-0.6,-0.6,-0.6,-0.6,-0.6,-0.6,-0.6,-0.6,-0.6,-0.6,-0.6,-0.6,-0.6,-0.6,-0.6,-0.6,-0.6,-0.6,-0.6,-0.6,-0.6,-0.6,-0.6,-0.6,-0.6,-0.6,-0.6,-0.6,-0.6,-0.6,-0.6,-0.6,-0.6,-0.6,-0.6,-0.6,-0.6,-0.6,-0.6,-0.6,-0.6,-0.6,-0.6,-0.6,-0.6,-0.6,-0.6,-0.6,-0.6,-0.6,-0.6,-0.6,-0.6,-0.6,-0.6,-0.6,-0.6,-0.6,-0.6,-0.6,-0.6,-0.6,-0.6,-0.6,-0.6,-0.6,-0.6,-0.6,-0.6,-0.6,-0.6,-0.6,-0.6,-0.6,-0.6
6,8,-0.6,-0.2459782736902198,-0.265992781696074,-0.33076303922734585,-0.20578960423193193,-0.3089941202630066,-0.334094605928927,-0.217483331421311,-0.2768808419005031,-0.1985214234230417,-0.37411681947336356,-0.17569422506238683,-0.34418775850449906,-0.32305525651845257,-0.35213661302267624,-0.2314249420235573,-0.2699204003791929,-0.28496952251835184,-0.3509959309287183,-0.2768808419005031,-0.35442301443716984,-0.3567160610172054,-0.21578389571742304,-0.1417010310157999,-0.19931937924455229,-0.36247718038100785,-0.23321078777950247,-0.1985214234230417,-0.26795203846821014,-0.20825565723327732,-0.2115774514812726,-0.23590746016241898,-0.33968393662647267,-0.2778841646790014,-0.19931937924455229,-0.2870137064292416,-0.1985214234230417,-0.27888971589030603,-0.30367672395997997,-0.28395071304958175,-0.23231667019828864,-0.2009225016378973,-0.27189783162555675,-0.20497240301682196,-0.2880390692484162,-0.09734790363737114,-0.26307104394943737,-0.2099117362478713,-0.3363248775440319,-0.23771715677571997,-0.27587975269405823,-0.2890666047622837,-0.31544213752418043,-0.3613217430105876,-0.19300294826287517,-0.2350061845104083,-0.1838154554411258,-0.29527710227770376,-0.3385624428273506,-0.28090748266069065,-0.35442301443716984,-0.26307104394943737,-0.3219618037296813,-0.19456766283553767,-0.216632409761435,-0.2890666047622837,-0.3764627481117966,-0.28496952251835184,-0.38471837181880425,-0.26016998171838635,-0.1423113250749517,-0.18157216740684043,-0.30051111730169167,-0.23231667019828864,-0.3015642335346282,-0.22350714960483214,-0.23321078777950247,-0.29946009637329274,-0.2611346985572196,-0.3068609975703941,-0.18913305268510885,-0.3430591457774983,-0.37411681947336356,-0.33298222892783635,-0.3026194381035554,-0.17209706672440994,-0.16785770128313593,-0.31869312391648824,-0.217483331421311,-0.25253567720128234,-0.26795203846821014,-0.23953636730263214,-0.23410729312164696,-0.31652381998100865,-0.18990224961112767,-0.29112816975317235,-0.2350061845104083,-0.19931937924455229,-0.2350061845104083,-0.3882771276493854,-0.31760748483306406
6,10,-0.6,-0.6,-0.6,-0.6,-0.6,-0.6,-0.6,-0.6,-0.6,-0.6,-0.6,-0.6,-0.6,-0.6,-0.6,-0.6,-0.6,-0.6,-0.6,-0.6,-0.6,-0.6,-0.6,-0.6,-0.6,-0.6,-0.6,-0.6,-0.6,-0.6,-0.6,-0.6,-0.6,-0.6,-0.6,-0.6,-0.6,-0.6,-0.6,-0.6,-0.6,-0.6,-0.6,-0.6,-0.6,-0.6,-0.6,-0.6,-0.6,-0.6,-0.6,-0.6,-0.6,-0.6,-0.6,-0.6,-0.6,-0.6,-0.6,-0.6,-0.6,-0.6,-0.6,-0.6,-0.6,-0.6,-0.6,-0.6,-0.6,-0.6,-0.6,-0.6,-0.6,-0.6,-0.6,-0.6,-0.6,-0.6,-0.6,-0.6,-0.6,-0.6,-0.6,-0.6,-0.6,-0.6,-0.6,-0.6,-0.6,-0.6,-0.6,-0.6,-0.6,-0.6,-0.6,-0.6,-0.6,-0.6,-0.6,-0.6,-0.6
7,0,-0.6,-0.6,-0.6,-0.6,-0.6,-0.6,-0.6,-0.6,-0.6,-0.6,-0.6,-0.6,-0.6,-0.6,-0.6,-0.6,-0.6,-0.6,-0.6,-0.6,-0.6,-0.6,-0.6,-0.6,-0.6,-0.6,-0.6,-0.6,-0.6,-0.6,-0.6,-0.6,-0.6,-0.6,-0.6,-0.6,-0.6,-0.6,-0.6,-0.6,-0.6,-0.6,-0.6,-0.6,-0.6,-0.6,-0.6,-0.6,-0.6,-0.6,-0.6,-0.6,-0.6,-0.6,-0.6,-0.6,-0.6,-0.6,-0.6,-0.6,-0.6,-0.6,-0.6,-0.6,-0.6,-0.6,-0.6,-0.6,-0.6,-0.6,-0.6,-0.6,-0.6,-0.6,-0.6,-0.6,-0.6,-0.6,-0.6,-0.6,-0.6,-0.6,-0.6,-0.6,-0.6,-0.6,-0.6,-0.6,-0.6,-0.6,-0.6,-0.6,-0.6,-0.6,-0.6,-0.6,-0.6,-0.6,-0.6,-0.6,-0.6
7,4,0.6,0.6804219374768109,0.6661126644947939,0.726301030213494,0.7992271593633554,0.7302632428282517,0.7292760804335465,0.7877420152265643,0.6922720277156907,0.8008293864698117,0.7272949694321156,0.8117762762774813,0.7312481370232629,0.812540254045234,0.7253048415716722,0.6537606986655519,0.8047929146006155,0.7678495554487174,0.7835257705272431,0.7371096234302587,0.7361384302213958,0.7976153134983632,0.6571508133438027,0.8110099121046179,0.8016268948709927,0.7935435846274922,0.7783868327387309,0.8032147056191447,0.6526271739366714,0.8000294748988521,0.7894116514701691,0.670549638777673,0.7341891658003055,0.686915698895015,0.7951794983175766,0.7049167952191541,0.8000294748988521,0.7059568407543396,0.7049167952191541,0.7069947496530721,0.7485836134315691,0.8008293864698117,0.6825944491923404,0.8032147056191447,0.7192807511216393,0.8315722226928234,0.6683348769111497,0.7943627454471124,0.7351649429734143,0.6683348769111497,0.686915698895015,0.686915698895015,0.722302828391343,0.7560460759319328,0.6694431937572263,0.7943627454471124,0.6804219374768109,0.7282866544164699,0.7253048415716722,0.722302828391343,0.7885780378899311,0.6727568770544031,0.726301030213494,0.7090641320442124,0.6901355818369643,0.7809671291559138,0.726301030213494,0.6996847473853881,0.7253048415716722,0.6727568770544031,0.8336661500952633,0.776654613708977,0.822255590252328,0.7951794983175766,0.7121520235961858,0.637738088631818,0.764260542754205,0.7485836134315691,0.7951794983175766,0.7282866544164699,0.8040050098306262,0.7282866544164699,0.7351649429734143,0.6825944491923404,0.7111248921967112,0.7038746195215794,0.786903583557856,0.7390451116576376,0.6986320207837914,0.6836777455279611,0.670549638777673,0.6571508133438027,0.7007353773936963,0.7272949694321156,0.766955882665165,0.6944002887168611,0.6571508133438027,0.7992271593633554,0.640046773080199,0.7059568407543396,0.7390451116576376
7,8,-0.6,-0.5138878221436026,-0.5301031392620431,-0.4589801156604065,-0.3613217430105876,-0.4540169310455188,-0.4552569213300745,-0.3776378856766882,-0.5001418918409253,-0.3590156663845224,-0.45773852881496263,-0.3430591457774983,-0.45277750325867117,-0.34193229793611873,-0.46022220429525085,-0.543774677796439,-0.35327897773079764,-0.40503625397487253,-0.3835348210877848,-0.4453535931396892,-0.4465893296411483,-0.3636342022269965,-0.5400518304094997,-0.34418775850449906,-0.35786504929614743,-0.3694426820567821,-0.39065625859764685,-0.3555687124530575,-0.5450145462495687,-0.3601679013053957,-0.37528905537481705,-0.525119121886065,-0.44906274584378264,-0.5063914350935442,-0.36711466167056683,-0.4851457280715483,-0.3601679013053957,-0.48389683131852096,-0.4851457280715483,-0.4826481278787289,-0.4305810678247402,-0.3590156663845224,-0.5113895851962432,-0.3555687124530575,-0.46768441859590165,-0.31328475205530476,-0.5276118340826735,-0.3682779081231247,-0.44782571886308753,-0.5276118340826735,-0.5063914350935442,-0.5063914350935442,-0.46395132841430475,-0.42079867009066707,-0.5263656461495806,-0.3682779081231247,-0.5138878221436026,-0.45649745897469624,-0.46022220429525085,-0.46395132841430475,-0.3764627481117966,-0.5226251261654699,-0.4589801156604065,-0.4801513631842633,-0.5026418472574609,-0.38708953765041676,-0.4589801156604065,-0.49139256618732563,-0.46022220429525085,-0.5226251261654699,-0.3100637413512592,-0.39304057248211244,-0.32744830317850526,-0.36711466167056683,-0.4764080547433257,-0.5610759116369145,-0.4098671367523529,-0.4305810678247402,-0.36711466167056683,-0.45649745897469624,-0.35442301443716984,-0.45649745897469624,-0.44782571886308753,-0.5113895851962432,-0.4776555583729676,-0.486394802564562,-0.37881445599631086,-0.44288413798524134,-0.4926422955082487,-0.5101402338094979,-0.525119121886065,-0.5400518304094997,-0.49014293662690983,-0.45773852881496263,-0.4062423014446806,-0.4976418980811091,-0.5400518304094997,-0.3613217430105876,-0.5586124698304124,-0.48389683131852096,-0.44288413798524134
7,9,-0.6,-0.26307104394943737,-0.27587975269405823,-0.3352088252725868,-0.2140940920058333,-0.3296562449718037,-0.3408072249282975,-0.2243773102693604,-0.28395071304958175,-0.2041576094317303,-0.3799924469323444,-0.18532286009710117,-0.3590156663845224,-0.32634717361888516,-0.39662653610145465,-0.24320326183756097,-0.28090748266069065,-0.31328475205530476,-0.36479279728867137,-0.2963196739015058,-0.3613217430105876,-0.4062423014446806,-0.23410729312164696,-0.1530244617740308,-0.20497240301682196,-0.40865775641753904,-0.2386255738224217,-0.2017276697228525,-0.27388429516147145,-0.212413922722052,-0.22005053717458556,-0.2459782736902198,-0.34193229793611873,-0.292162186970548,-0.2041576094317303,-0.29946009637329274,-0.20334522303201605,-0.2829340995215407,-0.3100637413512592,-0.30367672395997997,-0.3498569419917173,-0.20334522303201605,-0.28090748266069065,-0.2115774514812726,-0.31220906497438,-0.13748991514117967,-0.27989749031646105,-0.22091108405958157,-0.33744275325167994,-0.250650403151435,-0.28395071304958175,-0.3068609975703941,-0.3219618037296813,-0.36479279728867137,-0.21493778968709087,-0.24044953508344014,-0.22263939108643035,-0.3408072249282975,-0.35786504929614743,-0.2942366596019628,-0.35442301443716984,-0.27888971589030603,-0.32305525651845257,-0.21578389571742304,-0.28496952251835184,-0.29009630696052563,-0.39304057248211244,-0.292162186970548,-0.3954299664666466,-0.265992781696074,-0.1498067322318375,-0.18608013167846613,-0.3363248775440319,-0.23771715677571997,-0.3068609975703941,-0.2314249420235573,-0.3057975109416916,-0.32744830317850526,-0.27090798462164234,-0.31544213752418043,-0.19772587008371603,-0.37528905537481705,-0.37528905537481705,-0.3385624428273506,-0.3057975109416916,-0.19456766283553767,-0.1922241842117516,-0.3385624428273506,-0.23321078777950247,-0.2582474788690506,-0.27587975269405823,-0.24690799587746598,-0.24877450147732932,-0.32305525651845257,-0.24412590407272797,-0.31113539215076896,-0.23953636730263214,-0.2041576094317303,-0.25538110673315617,-0.40744947344485244,-0.3352088252725868
7,10,-0.6,-0.8735152938030027,-0.8614291242649291,-0.8200491525397664,-0.8968633449686821,-0.8343594845966664,-0.8336979054335932,-0.8901926630633605,-0.8547201428314076,-0.9009601404980664,-0.7902428559501357,-0.9346177310127156,-0.8148230377447155,-0.8273231661975395,-0.8055784209966619,-0.8821090584938029,-0.8590200704687884,-0.8496733743290137,-0.8110172462337395,-0.8553417830067168,-0.8102507627567809,-0.8024220009524451,-0.8911682516653919,-0.9445287107738043,-0.9005121905720505,-0.7984224391242196,-0.8810631476887898,-0.9009601404980664,-0.8602289405766002,-0.8954647817849902,-0.8935740066361249,-0.8794792480111175,-0.8140610567565938,-0.8559621419568414,-0.9005121905720505,-0.8483893684943334,-0.9009601404980664,-0.8534717779830581,-0.8377914793231213,-0.8503120169854405,-0.8831486526688718,-0.8996108846486044,-0.8578024806708849,-0.8973258423957835,-0.8515885510311654,-0.9577130484369638,-0.8632131864958328,-0.8945231290840515,-0.8163244040276929,-0.8857199343036855,-0.8553410109327559,-0.8470963774108907,-0.8301646395872451,-0.7992271593633554,-0.9040458186096325,-0.8810643123793583,-0.9091360596501599,-0.8438250967101683,-0.8148178850197384,-0.852214548831419,-0.8040050098306262,-0.8632131864958328,-0.8258858210114852,-0.9070518619224421,-0.8921384095735627,-0.8470963774108907,-0.7885780378899311,-0.8496733743290137,-0.7835274579862158,-0.8649778952957019,-0.9314241868467376,-0.9186091453128633,-0.8853185069190611,-0.8815871020761573,-0.8391481509385688,-0.8867175683539383,-0.8950231966548134,-0.8404956450923454,-0.8643918022233398,-0.8357392090732537,-0.9061970109319347,-0.8117762762774813,-0.7902428559501357,-0.8185663661952659,-0.8384709639056047,-0.9211868596318906,-0.9200823667785123,-0.8280357629601386,-0.8901926630633605,-0.8695900641889172,-0.8632190305416158,-0.8773391159028279,-0.8815888358249268,-0.8294573503156301,-0.9167172351445072,-0.8457943720478663,-0.8800092255127622,-0.9005121905720505,-0.8800092255127622,-0.7801094356355742,-0.8287477256512343
8,1,0.6,0.6,0.6,0.6,0.6,0.6,0.6,0.6,0.6,0.6,0.6,0.6,0.6,0.6,0.6,0.6,0.6,0.6,0.6,0.6,0.6,0.6,0.6,0.6,0.6,0.6,0.6,0.6,0.6,0.6,0.6,0.6,0.6,0.6,0.6,0.6,0.6,0.6,0.6,0.6,0.6,0.6,0.6,0.6,0.6,0.6,0.6,0.6,0.6,0.6,0.6,0.6,0.6,0.6,0.6,0.6,0.6,0.6,0.6,0.6,0.6,0.6,0.6,0.6,0.6,0.6,0.6,0.6,0.6,0.6,0.6,0.6,0.6,0.6,0.6,0.6,0.6,0.6,0.6,0.6,0.6,0.6,0.6,0.6,0.6,0.6,0.6,0.6,0.6,0.6,0.6,0.6,0.6,0.6,0.6,0.6,0.6,0.6,0.6,0.6,0.6
8,5,0.6,0.8626206551936983,0.8553410109327559,0.8170740983847755,0.8921362275589,0.8200491525397664,0.8117762762774813,0.8851991142939919,0.8503120169854405,0.8977865032706059,0.7860627430225839,0.9027379790325337,0.7935435846274922,0.8200491525397664,0.7740382703311339,0.8751663985387456,0.8509484244392184,0.8251644807090592,0.7959938436364415,0.8424997352384925,0.7959938436364415,0.766955882665165,0.8805371904553881,0.9254342338275535,0.8973258423957835,0.7651613745819212,0.8778771918608762,0.899157518270564,0.8565761383122172,0.8930966314443894,0.888218485578784,0.8729607925669637,0.812540254045234,0.8424997352384925,0.8977865032706059,0.8398230435971435,0.8982453327596847,0.8496733743290137,0.8336661500952633,0.8371096940522412,0.8047937338799396,0.8982453327596847,0.852214548831419,0.8906814114918181,0.8308695961410761,0.9307813003604951,0.8528442733893764,0.888218485578784,0.8155723335160969,0.8690209464836356,0.8503120169854405,0.8357392090732537,0.8258858210114852,0.7968057818590881,0.8911682516653919,0.8762568494311653,0.8872198159655704,0.8133018469932407,0.8016268948709927,0.8431632048953004,0.8040050098306262,0.8534717779830581,0.8251644807090592,0.8906814114918181,0.8483893684943334,0.844483323879259,0.776654613708977,0.8451399800771044,0.7749127854631035,0.8614291242649291,0.9264649191903478,0.9053417681903261,0.8148178850197384,0.8784132360002329,0.8357392090732537,0.8821090584938029,0.8287485503610029,0.8200491525397664,0.8584123675950137,0.8294573503156301,0.9014062953267252,0.7894116514701691,0.7894116514701691,0.8148178850197384,0.8364256049907081,0.9005127060485089,0.9022932404913403,0.8133018469932407,0.8789472531143321,0.8649778952957019,0.8553410109327559,0.8729607925669637,0.8701570801111813,0.824440789839618,0.8690209464836356,0.8329704968541398,0.876799003347446,0.8977865032706059,0.867876387656566,0.7660598218090704,0.8163244040276929
8,8,-0.6,-0.6071839861650815,-0.6,-0.6,-0.6,-0.6036010357626485,-0.5794758803946406,-0.6083754882041595,-0.6,-0.6,-0.6,-0.5426090863494716,-0.5903856330253326,-0.603624932793164,-0.6,-0.6,-0.5940000233168283,-0.6284407970532268,-0.5915882052516225,-0.6095666481420422,-0.5964192675770084,-0.6,-0.6095654652482841,-0.5512647489019773,-0.6,-0.6,-0.5988,-0.6,-0.6,-0.6,-0.6095654652482841,-0.6095654652482841,-0.6,-0.5855354429119967,-0.6,-0.6095654652482841,-0.6,-0.6107554422924087,-0.6,-0.6083741900736548,-0.6119568210548394,-0.6,-0.6,-0.6178725501392907,-0.596416600846043,-0.619098753250343,-0.6,-0.6,-0.6,-0.5843357589499819,-0.6,-0.6,-0.6,-0.6,-0.6095654652482841,-0.5963999660360202,-0.6107554422924087,-0.6024069818877469,-0.6,-0.6107554422924087,-0.6119441084524219,-0.6,-0.6,-0.598826033367735,-0.6024201724155925,-0.6107580753314613,-0.6035963652361654,-0.6,-0.5939905003670276,-0.6,-0.6095793604863821,-0.5964338189707619,-0.428134800129673,-0.6,-0.6,-0.6,-0.6155783052729797,-0.6214047356981554,-0.6,-0.6107554422924087,-0.6107554422924087,-0.6,-0.6,-0.5963964348358344,-0.6,-0.5746061511883842,-0.6012400123669296,-0.6095654652482841,-0.6012185481861239,-0.6095654652482841,-0.5963999949643816,-0.6,-0.5976162876419203,-0.6083741900736548,-0.5988664009792104,-0.6,-0.6095654652482841,-0.6,-0.6,-0.6,-0.6107554422924087
8,9,-0.6,-0.2459782736902198,-0.265992781696074,-0.33076303922734585,-0.20578960423193193,-0.3089941202630066,-0.334094605928927,-0.217483331421311,-0.2768808419005031,-0.1985214234230417,-0.37411681947336356,-0.17569422506238683,-0.34418775850449906,-0.32305525651845257,-0.35213661302267624,-0.2314249420235573,-0.2699204003791929,-0.28496952251835184,-0.3509959309287183,-0.2768808419005031,-0.35442301443716984,-0.3567160610172054,-0.21578389571742304,-0.1417010310157999,-0.19931937924455229,-0.36247718038100785,-0.23321078777950247,-0.1985214234230417,-0.26795203846821014,-0.20825565723327732,-0.2115774514812726,-0.23590746016241898,-0.33968393662647267,-0.2778841646790014,-0.19931937924455229,-0.2870137064292416,-0.1985214234230417,-0.27888971589030603,-0.30367672395997997,-0.28395071304958175,-0.23231667019828864,-0.2009225016378973,-0.27189783162555675,-0.20497240301682196,-0.2880390692484162,-0.09734790363737114,-0.26307104394943737,-0.2099117362478713,-0.3363248775440319,-0.23771715677571997,-0.27587975269405823,-0.2890666047622837,-0.31544213752418043,-0.3613217430105876,-0.19300294826287517,-0.2350061845104083,-0.1838154554411258,-0.29527710227770376,-0.3385624428273506,-0.28090748266069065,-0.35442301443716984,-0.26307104394943737,-0.3219618037296813,-0.19456766283553767,-0.216632409761435,-0.2890666047622837,-0.3764627481117966,-0.28496952251835184,-0.38471837181880425,-0.26016998171838635,-0.1423113250749517,-0.18157216740684043,-0.30051111730169167,-0.23231667019828864,-0.3015642335346282,-0.22350714960483214,-0.23321078777950247,-0.29946009637329274,-0.2611346985572196,-0.3068609975703941,-0.18913305268510885,-0.3430591457774983,-0.37411681947336356,-0.33298222892783635,-0.3026194381035554,-0.17209706672440994,-0.16785770128313593,-0.31869312391648824,-0.217483331421311,-0.25253567720128234,-0.26795203846821014,-0.23953636730263214,-0.23410729312164696,-0.31652381998100865,-0.18990224961112767,-0.29112816975317235,-0.2350061845104083,-0.19931937924455229,-0.2350061845104083,-0.3882771276493854,-0.31760748483306406
9,0,-0.6,-0.9096416528357378,-0.8936418135040907,-0.8998014863749693,-0.9014240590383668,-0.9137733355869351,-0.9350161590162086,-0.8954755424109658,-0.9019489067842541,-0.9009601404980664,-0.9168991469692358,-0.9891060357568864,-0.9129777026490509,-0.9566474979561234,-0.9080804982969307,-0.9005569112180862,-0.9665973561286793,-0.9536149413788015,-0.9149637491616649,-0.9306103873001094,-0.9238810617291837,-0.9161491308296473,-0.9112431070461067,-0.9859626944452904,-0.9014097236275195,-0.9130096932607726,-0.8987107135462049,-0.9018539266488199,-0.900156980906638,-0.9005318177612531,-0.895468007602177,-0.9066935334574294,-0.8993529627165957,-0.9112975161420599,-0.9005121905720505,-0.904198175003844,-0.9018538467186491,-0.90761270128702,-0.8997686201633266,-0.912137886746008,-0.9635313641005934,-0.9009654098608866,-0.902403673712211,-0.9240920008042204,-0.9213249515001196,-0.9769718708369679,-0.895077135312928,-0.9014327048908997,-0.9007075354110174,-0.9272066242390398,-0.8983671508149348,-0.8936936801391088,-0.8997829286395752,-0.8998228673831004,-0.9223189017061478,-0.9027824411687738,-0.9379235546130517,-0.9209875253026536,-0.8947065431199812,-0.9141213698242054,-0.927678699518703,-0.8964993301856992,-0.9002451096268766,-0.9491266893206164,-0.9443429700473439,-0.9096797141254614,-0.9085065477324545,-0.9010937497985596,-0.9113815100325128,-0.9001387046962053,-0.9581395924561182,-0.9761099019016425,-0.981316902723999,-0.9005792231761114,-0.901560244689061,-0.9005469949395175,-0.9796932620359385,-0.9296611668005427,-0.9010757302071307,-0.9050870988745563,-0.9061970109319347,-0.8937603803151135,-0.9141878042511126,-0.8863230094404206,-0.901123008038811,-0.9661822290834571,-0.977919819254523,-0.9089122451788273,-0.9337320824188261,-0.9067099636329692,-0.8960129328489366,-0.9019147556214261,-0.9346599260367267,-0.9050952066685737,-0.9803803378786786,-0.8988309037611723,-0.9062588200721348,-0.9005121905720505,-0.8973715736893096,-0.9055355354517833,-0.9117836993239784
9,1,-0.6,-0.6202270083658584,-0.6237559095918858,-0.6071816295822543,-0.6,-0.6083741900736548,-0.6071816295822543,-0.6023987928,-0.6107554422924087,-0.6,-0.6,-0.6095654652482841,-0.6047927042017147,-0.6,-0.6023987928,-0.637738088631818,-0.6012,-0.6083741900736548,-0.6,-0.6131314510353358,-0.6023987928,-0.6,-0.640046773080199,-0.6047927042017147,-0.6,-0.6,-0.6,-0.6,-0.6214047356981554,-0.6,-0.6012,-0.6261012952761638,-0.6095654652482841,-0.6107554422924087,-0.6,-0.6178673338850103,-0.6,-0.6225810401489057,-0.614317457409269,-0.6131314510353358,-0.6023987928,-0.6,-0.6261012952761638,-0.6,-0.6047927042017147,-0.6071816295822543,-0.6155021150039264,-0.6,-0.6107554422924087,-0.6155021150039264,-0.6225810401489057,-0.6131314510353358,-0.614317457409269,-0.6047927042017147,-0.6296083118614884,-0.6,-0.6457901375174122,-0.6047927042017147,-0.6071816295822543,-0.6095654652482841,-0.6012,-0.6272717875928121,-0.614317457409269,-0.6131314510353358,-0.6095654652482841,-0.6,-0.6,-0.6131314510353358,-0.6,-0.6155021150039264,-0.6,-0.6012,-0.6,-0.6,-0.6119441084524219,-0.6331017714259239,-0.6047927042017147,-0.6095654652482841,-0.6,-0.6119441084524219,-0.6,-0.6059877966474452,-0.6,-0.6059877966474452,-0.6155021150039264,-0.6119441084524219,-0.6059877966474452,-0.6166854113110745,-0.6214047356981554,-0.6155021150039264,-0.614317457409269,-0.6296083118614884,-0.6119441084524219,-0.6107554422924087,-0.6071816295822543,-0.6155021150039264,-0.6202270083658584,-0.6,-0.6331017714259239,-0.6,-0.6071816295822543
9,3,0.6,0.23863032151063118,0.265992781696074,0.33076303922734585,0.20578960423193193,0.3015690597294048,0.3047306164562976,0.21074786810296645,0.2768808419005031,0.1985214234230417,0.37411681947336356,0.1248776824920295,0.32415552614062443,0.2932126971490619,0.35213661302267624,0.2314249420235573,0.2592059970112737,0.2611339230409834,0.33856778893595535,0.267956055783865,0.3329918119347161,0.3567160610172054,0.2090873649532132,0.10649498549240456,0.19931937924455229,0.36247718038100785,0.23321078777950247,0.1985214234230417,0.26795203846821014,0.20825565723327732,0.20497755216645733,0.22876963006449225,0.33968393662647267,0.26795610053350033,0.19931937924455229,0.2788960072294832,0.1985214234230417,0.2699265773228108,0.30367672395997997,0.2768854422671199,0.2132473130041141,0.2009225016378973,0.27189783162555675,0.1883742376358176,0.27091487978383927,0.0742780180172785,0.26307104394943737,0.2099117362478713,0.3363248775440319,0.2174857809733642,0.27587975269405823,0.2890666047622837,0.31544213752418043,0.3613217430105876,0.18684167592286827,0.2323182818307759,0.1771480631984855,0.2859936380378511,0.3385624428273506,0.2719024465979736,0.3430688991625986,0.26307104394943737,0.3219618037296813,0.17642246624139282,0.19932456634889661,0.277890125238967,0.37294721363175026,0.28496952251835184,0.3823525269750595,0.26016998171838635,0.13051747887266538,0.1582859644826798,0.23313899889167777,0.23231667019828864,0.3015642335346282,0.22350714960483214,0.17207726885583494,0.28091248091747967,0.2611346985572196,0.2973717271247476,0.18232349795154026,0.3430591457774983,0.37411681947336356,0.33298222892783635,0.3026194381035554,0.1453963361420149,0.14538876341568857,0.310068577626906,0.20334960497027924,0.2450558895422356,0.2650165035088332,0.23953636730263214,0.2191945897683254,0.30899995718289536,0.15107724867728148,0.29112816975317235,0.22788669135942546,0.19931937924455229,0.2350061845104083,0.3882771276493854,0.30793259182693283
9,7,0.6,0.6,0.6,0.6,0.6,0.6,0.6,0.6,0.6,0.6,0.6,0.6,0.6,0.6,0.6,0.6,0.6,0.6,0.6,0.6,0.6,0.6,0.6,0.6,0.6,0.6,0.6,0.6,0.6,0.6,0.6,0.6,0.6,0.6,0.6,0.6,0.6,0.6,0.6,0.6,0.6,0.6,0.6,0.6,0.6,0.6,0.6,0.6,0.6,0.6,0.6,0.6,0.6,0.6,0.6,0.6,0.6,0.6,0.6,0.6,0.6,0.6,0.6,0.6,0.6,0.6,0.6,0.6,0.6,0.6,0.6,0.6,0.6,0.6,0.6,0.6,0.6,0.6,0.6,0.6,0.6,0.6,0.6,0.6,0.6,0.6,0.6,0.6,0.6,0.6,0.6,0.6,0.6,0.6,0.6,0.6,0.6,0.6,0.6,0.6,0.6
9,9,-0.6,-0.5975988072,-0.6,-0.6,-0.6,-0.5951928961990797,-0.5462538491567596,-0.5988,-0.6,-0.6,-0.6,-0.44288413798524134,-0.5684475496817656,-0.5696732778535313,-0.6,-0.6,-0.5806643751103099,-0.6,-0.5782284678739728,-0.5988,-0.5733452394845465,-0.6,-0.6,-0.47017514413441885,-0.6,-0.6,-0.5988,-0.6,-0.6,-0.6,-0.6,-0.6,-0.6,-0.5733452394845465,-0.6,-0.6,-0.6,-0.6,-0.6,-0.6,-0.5855242142422064,-0.6,-0.6,-0.5927823735495674,-0.5757887183213951,-0.547492571435052,-0.6,-0.6,-0.6,-0.5561461090579244,-0.6,-0.6,-0.6,-0.6,-0.6,-0.5927823735495674,-0.6,-0.5915754163937749,-0.6,-0.6,-0.6,-0.6,-0.6,-0.5696732778535313,-0.5770090663399023,-0.5975988072,-0.6,-0.6,-0.5915754163937749,-0.6,-0.5855242142422064,-0.5561461090579244,-0.3464502384475595,-0.6,-0.6,-0.6,-0.5226251261654699,-0.6,-0.6,-0.6,-0.6,-0.6,-0.6,-0.5963964348358344,-0.6,-0.525119121886065,-0.5598445629718259,-0.6,-0.5806643751103099,-0.6,-0.5927823735495674,-0.6,-0.5770090663399023,-0.6,-0.5313482257057686,-0.6,-0.6,-0.6,-0.6,-0.6,-0.6
9,10,-0.6,-0.6,-0.6,-0.6,-0.6,-0.6,-0.5524413536271052,-0.5951928961990797,-0.6,-0.6,-0.6,-0.4826481278787289,-0.5745674379705191,-0.570898145118625,-0.6,-0.6,-0.5733452394845465,-0.5721221371053218,-0.5867365980549956,-0.5855242142422064,-0.5794469088173696,-0.5988,-0.6,-0.5238722767374867,-0.6,-0.6,-0.5818808527400827,-0.6,-0.6,-0.6,-0.5975988072,-0.6,-0.6,-0.5806643751103099,-0.6,-0.6,-0.6,-0.6,-0.6,-0.6,-0.5903673466782133,-0.6,-0.6,-0.5867365980549956,-0.5806643751103099,-0.5561461090579244,-0.6,-0.6,-0.6,-0.565993568314464,-0.6,-0.6,-0.6,-0.6,-0.6,-0.5927823735495674,-0.583096327741662,-0.5879479238684318,-0.6,-0.6,-0.5975988072,-0.6,-0.6,-0.5818808527400827,-0.5891581779649416,-0.5782284678739728,-0.5975988072,-0.6,-0.5843107861983151,-0.6,-0.570898145118625,-0.5487306980303994,-0.41593001889005154,-0.6,-0.6,-0.6,-0.5238722767374867,-0.5843107861983151,-0.6,-0.6,-0.6,-0.6,-0.6,-0.5721221371053218,-0.6,-0.5425342589085199,-0.5672209750170528,-0.6,-0.5855242142422064,-0.6,-0.5939882046365135,-0.6,-0.5782284678739728,-0.6,-0.5325929142154833,-0.6,-0.6,-0.6,-0.6,-0.5903673466782133,-0.6
10,1,-0.6,-0.6202270083658584,-0.6237559095918858,-0.6071816295822543,-0.6,-0.6083741900736548,-0.6331017714259239,-0.6023987928,-0.6107554422924087,-0.6,-0.6,-0.6782415889527001,-0.6107554422924087,-0.6035963652361654,-0.6023987928,-0.637738088631818,-0.6012,-0.6083741900736548,-0.6071816295822543,-0.614317457409269,-0.6119441084524219,-0.6,-0.640046773080199,-0.6560225284907859,-0.6,-0.6,-0.6,-0.6,-0.6214047356981554,-0.6,-0.6012,-0.6261012952761638,-0.6095654652482841,-0.614317457409269,-0.6,-0.6178673338850103,-0.6,-0.6225810401489057,-0.614317457409269,-0.6131314510353358,-0.6059877966474452,-0.6,-0.6261012952761638,-0.6,-0.6119441084524219,-0.6261012952761638,-0.6155021150039264,-0.6,-0.6107554422924087,-0.6319388106747352,-0.6225810401489057,-0.6131314510353358,-0.614317457409269,-0.6047927042017147,-0.6296083118614884,-0.6023987928,-0.6457901375174122,-0.6059877966474452,-0.6071816295822543,-0.6095654652482841,-0.6012,-0.6272717875928121,-0.614317457409269,-0.6237559095918858,-0.6131314510353358,-0.6,-0.6,-0.6131314510353358,-0.6012,-0.6155021150039264,-0.6,-0.6261012952761638,-0.6879910115025479,-0.6,-0.6119441084524219,-0.6331017714259239,-0.637738088631818,-0.6095654652482841,-0.6,-0.6119441084524219,-0.6,-0.6059877966474452,-0.6,-0.6059877966474452,-0.6155021150039264,-0.6296083118614884,-0.6131314510353358,-0.6166854113110745,-0.6214047356981554,-0.6155021150039264,-0.6202270083658584,-0.6296083118614884,-0.614317457409269,-0.6107554422924087,-0.6388932297265183,-0.6155021150039264,-0.6202270083658584,-0.6,-0.6331017714259239,-0.6,-0.6071816295822543
10,2,-0.6,-0.6,-0.6,-0.6,-0.6,-0.6,-0.6,-0.6,-0.6,-0.6,-0.6,-0.6,-0.6,-0.6,-0.6,-0.6,-0.6,-0.6,-0.6,-0.6,-0.6,-0.6,-0.6,-0.6,-0.6,-0.6,-0.6,-0.6,-0.6,-0.6,-0.6,-0.6,-0.6,-0.6,-0.6,-0.6,-0.6,-0.6,-0.6,-0.6,-0.6,-0.6,-0.6,-0.6,-0.6,-0.6,-0.6,-0.6,-0.6,-0.6,-0.6,-0.6,-0.6,-0.6,-0.6,-0.6,-0.6,-0.6,-0.6,-0.6,-0.6,-0.6,-0.6,-0.6,-0.6,-0.6,-0.6,-0.6,-0.6,-0.6,-0.6,-0.6,-0.6,-0.6,-0.6,-0.6,-0.6,-0.6,-0.6,-0.6,-0.6,-0.6,-0.6,-0.6,-0.6,-0.6,-0.6,-0.6,-0.6,-0.6,-0.6,-0.6,-0.6,-0.6,-0.6,-0.6,-0.6,-0.6,-0.6,-0.6,-0.6
10,4,-0.6,-0.6,-0.6,-0.6,-0.6,-0.6,-0.6,-0.6,-0.6,-0.6,-0.6,-0.6,-0.6,-0.6,-0.6,-0.6,-0.6,-0.6,-0.6,-0.6,-0.6,-0.6,-0.6,-0.6,-0.6,-0.6,-0.6,-0.6,-0.6,-0.6,-0.6,-0.6,-0.6,-0.6,-0.6,-0.6,-0.6,-0.6,-0.6,-0.6,-0.6,-0.6,-0.6,-0.6,-0.6,-0.6,-0.6,-0.6,-0.6,-0.6,-0.6,-0.6,-0.6,-0.6,-0.6,-0.6,-0.6,-0.6,-0.6,-0.6,-0.6,-0.6,-0.6,-0.6,-0.6,-0.6,-0.6,-0.6,-0.6,-0.6,-0.6,-0.6,-0.6,-0.6,-0.6,-0.6,-0.6,-0.6,-0.6,-0.6,-0.6,-0.6,-0.6,-0.6,-0.6,-0.6,-0.6,-0.6,-0.6,-0.6,-0.6,-0.6,-0.6,-0.6,-0.6,-0.6,-0.6,-0.6,-0.6,-0.6,-0.6
10,5,0.6,0.6804219374768109,0.6661126644947939,0.726301030213494,0.7992271593633554,0.7302632428282517,0.7292760804335465,0.7877420152265643,0.6922720277156907,0.8008293864698117,0.7272949694321156,0.8117762762774813,0.7312481370232629,0.812540254045234,0.7253048415716722,0.6537606986655519,0.8047929146006155,0.7678495554487174,0.7835257705272431,0.7371096234302587,0.7361384302213958,0.7976153134983632,0.6571508133438027,0.8110099121046179,0.8016268948709927,0.7935435846274922,0.7783868327387309,0.8032147056191447,0.6526271739366714,0.8000294748988521,0.7894116514701691,0.670549638777673,0.7341891658003055,0.686915698895015,0.7951794983175766,0.7049167952191541,0.8000294748988521,0.7059568407543396,0.7049167952191541,0.7069947496530721,0.7485836134315691,0.8008293864698117,0.6825944491923404,0.8032147056191447,0.7192807511216393,0.8315722226928234,0.6683348769111497,0.7943627454471124,0.7351649429734143,0.6683348769111497,0.686915698895015,0.686915698895015,0.722302828391343,0.7560460759319328,0.6694431937572263,0.7943627454471124,0.6804219374768109,0.7282866544164699,0.7253048415716722,0.722302828391343,0.7885780378899311,0.6727568770544031,0.726301030213494,0.7090641320442124,0.6901355818369643,0.7809671291559138,0.726301030213494,0.6996847473853881,0.7253048415716722,0.6727568770544031,0.8336661500952633,0.776654613708977,0.822255590252328,0.7951794983175766,0.7121520235961858,0.637738088631818,0.764260542754205,0.7485836134315691,0.7951794983175766,0.7282866544164699,0.8040050098306262,0.7282866544164699,0.7351649429734143,0.6825944491923404,0.7111248921967112,0.7038746195215794,0.786903583557856,0.7390451116576376,0.6986320207837914,0.6836777455279611,0.670549638777673,0.6571508133438027,0.7007353773936963,0.7272949694321156,0.766955882665165,0.6944002887168611,0.6571508133438027,0.7992271593633554,0.640046773080199,0.7059568407543396,0.7390451116576376
10,6,-0.6,-0.6,-0.6,-0.6,-0.6,-0.6,-0.6,-0.6,-0.6,-0.6,-0.6,-0.6,-0.6,-0.6,-0.6,-0.6,-0.6,-0.6,-0.6,-0.6,-0.6,-0.6,-0.6,-0.6,-0.6,-0.6,-0.6,-0.6,-0.6,-0.6,-0.6,-0.6,-0.6,-0.6,-0.6,-0.6,-0.6,-0.6,-0.6,-0.6,-0.6,-0.6,-0.6,-0.6,-0.6,-0.6,-0.6,-0.6,-0.6,-0.6,-0.6,-0.6,-0.6,-0.6,-0.6,-0.6,-0.6,-0.6,-0.6,-0.6,-0.6,-0.6,-0.6,-0.6,-0.6,-0.6,-0.6,-0.6,-0.6,-0.6,-0.6,-0.6,-0.6,-0.6,-0.6,-0.6,-0.6,-0.6,-0.6,-0.6,-0.6,-0.6,-0.6,-0.6,-0.6,-0.6,-0.6,-0.6,-0.6,-0.6,-0.6,-0.6,-0.6,-0.6,-0.6,-0.6,-0.6,-0.6,-0.6,-0.6,-0.6
10,7,-0.6,-0.4789042396881766,-0.5301031392620431,-0.4589801156604065,-0.3613217430105876,-0.4244602716755245,-0.4503011433866459,-0.3706101022315245,-0.5001418918409253,-0.3590156663845224,-0.45773852881496263,-0.3252498047758712,-0.4416515992413812,-0.3396853201609234,-0.38236422967937433,-0.543774677796439,-0.3441880491516643,-0.3230693906869106,-0.36132492426920715,-0.4122908651125586,-0.4404198453373788,-0.17916971054909706,-0.5051425015969159,-0.32965756340603153,-0.35786504929614743,-0.1889623050899034,-0.39065625859764685,-0.3555687124530575,-0.5450145462495687,-0.3601679013053957,-0.3694426820567821,-0.5176349735282358,-0.44906274584378264,-0.5038917715280328,-0.36711466167056683,-0.4776567518373639,-0.3601679013053957,-0.47890333302618054,-0.4851457280715483,-0.45773947609652665,-0.20908219366079675,-0.3590156663845224,-0.5113895851962432,-0.35100023737125946,-0.4318086785735907,-0.18532103633148736,-0.5013943334995614,-0.3682779081231247,-0.44782571886308753,-0.5226251261654699,-0.5063914350935442,-0.47890333302618054,-0.46395132841430475,-0.42079867009066707,-0.4602353715514772,-0.3682779081231247,-0.42813011623060143,-0.36247718038100785,-0.4330353956644293,-0.43427128828367073,-0.3752902055320586,-0.4951419909753265,-0.4589801156604065,-0.43303740347147557,-0.3694426820567821,-0.38471954719877416,-0.43918522283211425,-0.49139256618732563,-0.46022220429525085,-0.5226251261654699,-0.3047375346581935,-0.3811717078161854,-0.3263467288885412,-0.36711466167056683,-0.4764080547433257,-0.5610759116369145,-0.24136057720808238,-0.3741173247046656,-0.36711466167056683,-0.4490639294547817,-0.35099916081929156,-0.40262758659163295,-0.44782571886308753,-0.4864117433099229,-0.4776555583729676,-0.4639534530503638,-0.2819336761683282,-0.4098679714702393,-0.4577396916426973,-0.5026442085361321,-0.525119121886065,-0.5400518304094997,-0.47890333302618054,-0.4503015797899248,-0.2778841646790014,-0.47516083764273065,-0.532595265173573,-0.3613217430105876,-0.5313482257057686,-0.4589801156604065,-0.4110776007869439
10,8,0.6,0.6,0.6,0.6,0.6,0.6,0.5733452394845465,0.6,0.6,0.6,0.6,0.5263656461495806,0.5939882046365135,0.5963964348358344,0.6,0.6,0.6,0.6,0.5927823735495674,0.5988,0.5903673466782133,0.6,0.6,0.5462538491567596,0.6,0.6,0.6,0.6,0.6,0.6,0.6,0.6,0.6,0.5963964348358344,0.6,0.6,0.6,0.6,0.6,0.6,0.5963964348358344,0.6,0.6,0.6,0.5927823735495674,0.5806643751103099,0.6,0.6,0.6,0.583096327741662,0.6,0.6,0.6,0.6,0.6,0.5975988072,0.6,0.5988,0.6,0.6,0.6,0.6,0.6,0.5891581779649416,0.5963964348358344,0.6,0.6,0.6,0.5988,0.6,0.6,0.5745674379705191,0.505141639345757,0.6,0.6,0.6,0.565993568314464,0.6,0.6,0.6,0.6,0.6,0.6,0.6,0.6,0.5818808527400827,0.5927823735495674,0.6,0.6,0.6,0.5939882046365135,0.6,0.5975988072,0.6,0.5672209750170528,0.6,0.6,0.6,0.6,0.6,0.6
10,9,-0.6,-0.8632131864958328,-0.8553410109327559,-0.8170740983847755,-0.8921362275589,-0.8207869952395593,-0.796027261355273,-0.8862133721982621,-0.8503120169854405,-0.8977865032706059,-0.7860627430225839,-0.880097403208762,-0.7968106936241335,-0.820788851491334,-0.7740382703311339,-0.8751663985387456,-0.852214548831419,-0.8315722226928234,-0.7919054161758086,-0.8418347849860489,-0.7927313494495871,-0.766955882665165,-0.8805371904553881,-0.9091714530286122,-0.8973258423957835,-0.7651613745819212,-0.8778771918608762,-0.899157518270564,-0.8565761383122172,-0.8930966314443894,-0.8887149176160586,-0.8735152938030027,-0.812540254045234,-0.8431655416245591,-0.8977865032706059,-0.8404956450923454,-0.8982453327596847,-0.8509484244392184,-0.8336661500952633,-0.8377914793231213,-0.8047953159800694,-0.8982453327596847,-0.852214548831419,-0.8935740066361249,-0.8280413870637718,-0.9288271983812855,-0.8528442733893764,-0.888218485578784,-0.8155723335160969,-0.8626333329765404,-0.8503120169854405,-0.8357392090732537,-0.8258858210114852,-0.7968057818590881,-0.8916531886598371,-0.8757138175024984,-0.8872198159655704,-0.8125410484137827,-0.8016268948709927,-0.8438243999693303,-0.8040050098306262,-0.8534717779830581,-0.8251644807090592,-0.8867242997632598,-0.8477465663963442,-0.8464465033091665,-0.776654613708977,-0.8451399800771044,-0.7740399197438327,-0.8614291242649291,-0.9274824794782538,-0.8987196559671465,-0.7515563682739677,-0.8784132360002329,-0.8357392090732537,-0.8821090584938029,-0.8163577729495488,-0.822255590252328,-0.8584123675950137,-0.8301646395872451,-0.9014062953267252,-0.7894116514701691,-0.7894116514701691,-0.8148178850197384,-0.8364256049907081,-0.8964087583050799,-0.9018557655301808,-0.8148178850197384,-0.8810631476887898,-0.8661436736409865,-0.8522204558987745,-0.8729607925669637,-0.8707237307776251,-0.8251644807090592,-0.8590420307401491,-0.8329704968541398,-0.8773391159028279,-0.8977865032706059,-0.867876387656566,-0.7660598218090704,-0.8170740983847755
10,10,-0.6,-0.6,-0.6,-0.6,-0.6,-0.6,-0.6,-0.6,-0.6,-0.6,-0.6,-0.6,-0.6,-0.6,-0.6,-0.6,-0.6,-0.6,-0.6,-0.6,-0.6,-0.6,-0.6,-0.6,-0.6,-0.6,-0.6,-0.6,-0.6,-0.6,-0.6,-0.6,-0.6,-0.6,-0.6,-0.6,-0.6,-0.6,-0.6,-0.6,-0.6,-0.6,-0.6,-0.6,-0.6,-0.6,-0.6,-0.6,-0.6,-0.6,-0.6,-0.6,-0.6,-0.6,-0.6,-0.6,-0.6,-0.6,-0.6,-0.6,-0.6,-0.6,-0.6,-0.6,-0.6,-0.6,-0.6,-0.6,-0.6,-0.6,-0.6,-0.6,-0.6,-0.6,-0.6,-0.6,-0.6,-0.6,-0.6,-0.6,-0.6,-0.6,-0.6,-0.6,-0.6,-0.6,-0.6,-0.6,-0.6,-0.6,-0.6,-0.6,-0.6,-0.6,-0.6,-0.6,-0.6,-0.6,-0.6,-0.6,-0.6
