tick,food_sensed_N,food_sensed_E,food_sensed_S,food_sensed_W,movement,food_consumed,energy,manhattan_dist,decision_made,conn_0_1,conn_0_3,conn_0_5,conn_0_7,conn_0_8,conn_0_10,conn_1_0,conn_1_1,conn_1_3,conn_1_4,conn_1_5,conn_1_7,conn_1_8,conn_1_9,conn_1_10,conn_2_6,conn_2_9,conn_3_0,conn_3_1,conn_3_2,conn_3_3,conn_3_4,conn_3_6,conn_3_7,conn_3_8,conn_3_9,conn_3_10,conn_4_0,conn_4_1,conn_4_2,conn_4_3,conn_4_7,conn_4_10,conn_5_1,conn_5_2,conn_5_6,conn_5_7,conn_6_0,conn_6_1,conn_6_2,conn_6_3,conn_6_5,conn_6_8,conn_7_0,conn_7_1,conn_7_2,conn_7_5,conn_7_7,conn_7_8,conn_7_9,conn_8_0,conn_8_1,conn_8_2,conn_8_3,conn_8_4,conn_8_5,conn_8_7,conn_8_9,conn_9_0,conn_9_1,conn_9_2,conn_9_3,conn_9_4,conn_9_8,conn_9_10,conn_10_1,conn_10_3,conn_10_5,conn_10_7,conn_10_9,conn_10_10
0,0,0,0,0,stay,0,30,0,0,-0.600000,0.600000,1.000000,-0.600000,-0.600000,-0.600000,-0.600000,-0.600000,-0.600000,-0.600000,-0.600000,-0.600000,-0.600000,-0.600000,-0.600000,-0.600000,-0.600000,-0.600000,0.600000,0.600000,0.600000,-0.600000,-0.600000,-0.600000,-0.600000,-0.600000,-0.600000,-0.600000,-0.600000,-0.600000,-0.600000,-0.600000,0.600000,-0.600000,-0.600000,0.600000,-0.600000,0.600000,-0.600000,-0.600000,0.600000,-0.600000,-0.600000,-0.600000,0.600000,-0.600000,-0.600000,-0.600000,-0.600000,0.600000,0.600000,0.600000,-0.600000,-0.600000,-0.600000,0.600000,0.600000,0.600000,-0.600000,-0.600000,0.600000,0.600000,0.600000,-0.600000,0.600000,-0.600000,-0.600000,0.600000,0.600000,0.600000,0.600000
1,0,1,0,1,stay,0,29,0,1,-0.600000,0.610755,1.000000,-0.600000,-0.600000,-0.600000,-0.600000,-0.600000,-0.557393,-0.600000,-0.605988,-0.589158,-0.638910,-0.605988,-0.600000,-0.601200,-0.600000,-0.624929,0.563545,0.600000,0.559856,-0.604793,-0.635435,-0.600000,-0.600000,-0.620231,-0.600000,-0.605988,-0.600000,-0.600000,-0.600000,-0.600000,0.600000,-0.587948,-0.624929,0.593988,-0.584311,0.600000,-0.608377,-0.624929,0.600000,-0.600000,-0.600000,-0.600000,0.605988,-0.593988,-0.600000,-0.600000,-0.600000,0.600000,0.628455,0.600000,-0.624929,-0.600000,-0.591575,0.600000,0.593988,0.600000,-0.600000,-0.600000,0.604793,0.569678,0.598800,-0.600000,0.601200,-0.600000,-0.574567,0.600000,0.600000,0.589158,0.600000
2,0,1,0,1,stay,1,29,0,1,-0.600000,0.620227,1.000000,-0.600000,-0.600000,-0.600000,-0.600000,-0.600000,-0.516404,-0.600000,-0.605988,-0.579447,-0.678280,-0.605988,-0.600000,-0.601200,-0.600000,-0.650355,0.526379,0.600000,0.516404,-0.609565,-0.669469,-0.600000,-0.600000,-0.635427,-0.600000,-0.605988,-0.600000,-0.600000,-0.600000,-0.600000,0.600000,-0.578228,-0.650355,0.593988,-0.570898,0.600000,-0.623758,-0.650355,0.600000,-0.600000,-0.600000,-0.600000,0.605988,-0.593988,-0.600000,-0.600000,-0.600000,0.600000,0.656046,0.600000,-0.650355,-0.600000,-0.578228,0.600000,0.593988,0.600000,-0.600000,-0.600000,0.609565,0.537575,0.598800,-0.600000,0.601200,-0.600000,-0.547493,0.600000,0.600000,0.579447,0.600000
3,0,1,0,1,N,0,27,1,1,-0.600000,0.626101,1.000000,-0.600000,-0.600000,-0.600000,-0.600000,-0.600000,-0.477674,-0.600000,-0.605988,-0.573345,-0.712210,-0.605988,-0.600000,-0.601200,-0.600000,-0.673858,0.493906,0.600000,0.476426,-0.617867,-0.697611,-0.600000,-0.600000,-0.648080,-0.600000,-0.605988,-0.600000,-0.600000,-0.600000,-0.600000,0.600000,-0.572122,-0.673858,0.593988,-0.558612,0.600000,-0.636584,-0.673858,0.600000,-0.600000,-0.600000,-0.600000,0.605988,-0.593988,-0.600000,-0.600000,-0.600000,0.600000,0.680460,0.600000,-0.673858,-0.600000,-0.564765,0.600000,0.593988,0.600000,-0.600000,-0.600000,0.617867,0.502651,0.598800,-0.600000,0.601200,-0.600000,-0.521378,0.600000,0.600000,0.573345,0.600000
4,0,1,0,1,stay,0,26,1,1,-0.600000,0.634263,1.000000,-0.600000,-0.600000,-0.600000,-0.600000,-0.600000,-0.435505,-0.600000,-0.605988,-0.564765,-0.746776,-0.605988,-0.600000,-0.601200,-0.600000,-0.697577,0.457751,0.600000,0.433046,-0.621405,-0.727342,-0.600000,-0.600000,-0.662769,-0.600000,-0.605988,-0.600000,-0.600000,-0.600000,-0.600000,0.600000,-0.563536,-0.697577,0.593988,-0.543775,0.600000,-0.651494,-0.697577,0.600000,-0.600000,-0.600000,-0.600000,0.605988,-0.593988,-0.600000,-0.600000,-0.600000,0.600000,0.704967,0.600000,-0.697577,-0.600000,-0.552441,0.600000,0.593988,0.600000,-0.600000,-0.600000,0.621405,0.471430,0.598800,-0.600000,0.601200,-0.600000,-0.493892,0.600000,0.600000,0.564765,0.600000
5,0,0,1,0,W,0,24,2,1,-0.600000,0.634263,1.000000,-0.600000,-0.600000,-0.600000,-0.600000,-0.600000,-0.420810,-0.600000,-0.605988,-0.564765,-0.758887,-0.605988,-0.600000,-0.614317,-0.600000,-0.698632,0.442896,0.600000,0.430590,-0.623756,-0.739091,-0.600000,-0.600000,-0.663887,-0.600000,-0.605988,-0.600000,-0.600000,-0.600000,-0.600000,0.600000,-0.549968,-0.710096,0.580664,-0.543775,0.600000,-0.652630,-0.698632,0.600000,-0.600000,-0.600000,-0.600000,0.605988,-0.593988,-0.600000,-0.600000,-0.600000,0.600000,0.707045,0.600000,-0.710096,-0.600000,-0.551205,0.600000,0.593988,0.600000,-0.600000,-0.600000,0.623756,0.467693,0.585524,-0.600000,0.614317,-0.600000,-0.478903,0.600000,0.600000,0.564765,0.600000
6,0,0,1,0,stay,1,29,2,1,-0.600000,0.634263,1.000000,-0.600000,-0.600000,-0.600000,-0.600000,-0.600000,-0.408669,-0.600000,-0.605988,-0.564765,-0.769709,-0.605988,-0.600000,-0.628441,-0.600000,-0.698632,0.428142,0.600000,0.430590,-0.624929,-0.750507,-0.600000,-0.600000,-0.663887,-0.600000,-0.605988,-0.600000,-0.600000,-0.600000,-0.600000,0.600000,-0.535081,-0.722303,0.565994,-0.546255,0.600000,-0.652630,-0.698632,0.600000,-0.600000,-0.600000,-0.600000,0.605988,-0.593988,-0.600000,-0.600000,-0.600000,0.600000,0.709114,0.600000,-0.722303,-0.600000,-0.548731,0.600000,0.593988,0.600000,-0.600000,-0.600000,0.624929,0.466448,0.570898,-0.600000,0.628441,-0.600000,-0.463951,0.600000,0.600000,0.564765,0.600000
7,0,0,1,0,stay,0,28,2,1,-0.600000,0.634263,1.000000,-0.600000,-0.600000,-0.600000,-0.600000,-0.600000,-0.395441,-0.600000,-0.605988,-0.564765,-0.781043,-0.605988,-0.600000,-0.643498,-0.600000,-0.698632,0.412301,0.600000,0.430590,-0.627272,-0.762494,-0.600000,-0.600000,-0.663887,-0.600000,-0.605988,-0.600000,-0.600000,-0.600000,-0.600000,0.600000,-0.518882,-0.735165,0.549968,-0.548734,0.600000,-0.652630,-0.698632,0.600000,-0.600000,-0.600000,-0.600000,0.605988,-0.593988,-0.600000,-0.600000,-0.600000,0.600000,0.711174,0.600000,-0.735165,-0.600000,-0.546254,0.600000,0.593988,0.600000,-0.600000,-0.600000,0.627272,0.463959,0.554912,-0.600000,0.643498,-0.600000,-0.447826,0.600000,0.600000,0.564765,0.600000
8,0,0,1,0,stay,0,27,2,1,-0.600000,0.634263,1.000000,-0.600000,-0.600000,-0.600000,-0.600000,-0.600000,-0.383546,-0.600000,-0.605988,-0.564765,-0.791971,-0.605988,-0.600000,-0.658277,-0.600000,-0.698632,0.396638,0.600000,0.430590,-0.629608,-0.774079,-0.600000,-0.600000,-0.663887,-0.600000,-0.605988,-0.600000,-0.600000,-0.600000,-0.600000,0.600000,-0.502642,-0.747640,0.533837,-0.552446,0.600000,-0.652630,-0.698632,0.600000,-0.600000,-0.600000,-0.600000,0.605988,-0.593988,-0.600000,-0.600000,-0.600000,0.600000,0.714249,0.600000,-0.747640,-0.600000,-0.542534,0.600000,0.593988,0.600000,-0.600000,-0.600000,0.629608,0.461473,0.538810,-0.600000,0.658277,-0.600000,-0.431808,0.600000,0.600000,0.564765,0.600000
9,0,0,1,0,stay,0,26,2,1,-0.600000,0.634263,1.000000,-0.600000,-0.600000,-0.600000,-0.600000,-0.600000,-0.372957,-0.600000,-0.605988,-0.564765,-0.803285,-0.605988,-0.600000,-0.673858,-0.600000,-0.698632,0.380004,0.600000,0.430590,-0.633102,-0.786102,-0.600000,-0.600000,-0.663887,-0.600000,-0.605988,-0.600000,-0.600000,-0.600000,-0.600000,0.600000,-0.485146,-0.760633,0.516385,-0.558621,0.600000,-0.652630,-0.698632,0.600000,-0.600000,-0.600000,-0.600000,0.605988,-0.593988,-0.600000,-0.600000,-0.600000,0.600000,0.719329,0.600000,-0.760633,-0.600000,-0.536324,0.600000,0.593988,0.600000,-0.600000,-0.600000,0.633102,0.457747,0.521378,-0.600000,0.673858,-0.600000,-0.414715,0.600000,0.600000,0.564765,0.600000
10,0,0,1,0,stay,0,25,2,1,-0.600000,0.634263,1.000000,-0.600000,-0.600000,-0.600000,-0.600000,-0.600000,-0.359026,-0.600000,-0.605988,-0.564765,-0.812608,-0.605988,-0.600000,-0.686916,-0.600000,-0.698632,0.365964,0.600000,0.430590,-0.633102,-0.796032,-0.600000,-0.600000,-0.663887,-0.600000,-0.605988,-0.600000,-0.600000,-0.600000,-0.600000,0.600000,-0.470175,-0.771400,0.501392,-0.558621,0.600000,-0.652630,-0.698632,0.600000,-0.600000,-0.600000,-0.600000,0.605988,-0.593988,-0.600000,-0.600000,-0.600000,0.600000,0.719329,0.600000,-0.771400,-0.600000,-0.536324,0.600000,0.593988,0.600000,-0.600000,-0.600000,0.633102,0.457747,0.506391,-0.600000,0.686916,-0.600000,-0.400224,0.600000,0.600000,0.564765,0.600000
11,0,0,1,0,stay,0,24,2,1,-0.600000,0.634263,1.000000,-0.600000,-0.600000,-0.600000,-0.600000,-0.600000,-0.346461,-0.600000,-0.605988,-0.564765,-0.821588,-0.605988,-0.600000,-0.699685,-0.600000,-0.698632,0.352148,0.600000,0.430590,-0.634263,-0.805615,-0.600000,-0.600000,-0.663887,-0.600000,-0.605988,-0.600000,-0.600000,-0.600000,-0.600000,0.600000,-0.455257,-0.781822,0.486395,-0.559853,0.600000,-0.652630,-0.698632,0.600000,-0.600000,-0.600000,-0.600000,0.605988,-0.593988,-0.600000,-0.600000,-0.600000,0.600000,0.720339,0.600000,-0.781822,-0.600000,-0.535081,0.600000,0.593988,0.600000,-0.600000,-0.600000,0.634263,0.456506,0.491393,-0.600000,0.699685,-0.600000,-0.385903,0.600000,0.600000,0.564765,0.600000
12,0,0,1,0,stay,0,23,2,1,-0.600000,0.634263,1.000000,-0.600000,-0.600000,-0.600000,-0.600000,-0.600000,-0.334105,-0.600000,-0.605988,-0.564765,-0.830932,-0.605988,-0.600000,-0.713177,-0.600000,-0.698632,0.337454,0.600000,0.430590,-0.636581,-0.815608,-0.600000,-0.600000,-0.663887,-0.600000,-0.605988,-0.600000,-0.600000,-0.600000,-0.600000,0.600000,-0.439185,-0.792722,0.470175,-0.562317,0.600000,-0.652630,-0.698632,0.600000,-0.600000,-0.600000,-0.600000,0.605988,-0.593988,-0.600000,-0.600000,-0.600000,0.600000,0.722351,0.600000,-0.792722,-0.600000,-0.532593,0.600000,0.593988,0.600000,-0.600000,-0.600000,0.636581,0.454025,0.475161,-0.600000,0.713177,-0.600000,-0.370609,0.600000,0.600000,0.564765,0.600000
13,0,0,1,0,stay,0,22,2,1,-0.600000,0.634263,1.000000,-0.600000,-0.600000,-0.600000,-0.600000,-0.600000,-0.323065,-0.600000,-0.605988,-0.564765,-0.839208,-0.605988,-0.600000,-0.725305,-0.600000,-0.698632,0.324161,0.600000,0.430590,-0.638893,-0.824475,-0.600000,-0.600000,-0.663887,-0.600000,-0.605988,-0.600000,-0.600000,-0.600000,-0.600000,0.600000,-0.424460,-0.802422,0.455257,-0.564777,0.600000,-0.652630,-0.698632,0.600000,-0.600000,-0.600000,-0.600000,0.605988,-0.593988,-0.600000,-0.600000,-0.600000,0.600000,0.724355,0.600000,-0.802422,-0.600000,-0.530103,0.600000,0.593988,0.600000,-0.600000,-0.600000,0.638893,0.451547,0.460222,-0.600000,0.725305,-0.600000,-0.356716,0.600000,0.600000,0.564765,0.600000
14,0,0,1,0,stay,0,21,2,1,-0.600000,0.634263,1.000000,-0.600000,-0.600000,-0.600000,-0.600000,-0.600000,-0.310073,-0.600000,-0.605988,-0.564765,-0.847154,-0.605988,-0.600000,-0.737110,-0.600000,-0.698632,0.311146,0.600000,0.430590,-0.638893,-0.833003,-0.600000,-0.600000,-0.663887,-0.600000,-0.605988,-0.600000,-0.600000,-0.600000,-0.600000,0.600000,-0.409867,-0.811776,0.440417,-0.564777,0.600000,-0.652630,-0.698632,0.600000,-0.600000,-0.600000,-0.600000,0.605988,-0.593988,-0.600000,-0.600000,-0.600000,0.600000,0.724355,0.600000,-0.811776,-0.600000,-0.530103,0.600000,0.593988,0.600000,-0.600000,-0.600000,0.638893,0.451547,0.445354,-0.600000,0.737110,-0.600000,-0.343059,0.600000,0.600000,0.564765,0.600000
15,0,0,1,0,stay,0,20,2,1,-0.600000,0.634263,1.000000,-0.600000,-0.600000,-0.600000,-0.600000,-0.600000,-0.299470,-0.600000,-0.605988,-0.564765,-0.854775,-0.605988,-0.600000,-0.748584,-0.600000,-0.698632,0.298421,0.600000,0.430590,-0.641199,-0.841197,-0.600000,-0.600000,-0.663887,-0.600000,-0.605988,-0.600000,-0.600000,-0.600000,-0.600000,0.600000,-0.395430,-0.820787,0.425683,-0.567234,0.600000,-0.652630,-0.698632,0.600000,-0.600000,-0.600000,-0.600000,0.605988,-0.593988,-0.600000,-0.600000,-0.600000,0.600000,0.726349,0.600000,-0.820787,-0.600000,-0.527612,0.600000,0.593988,0.600000,-0.600000,-0.600000,0.641199,0.449071,0.430581,-0.600000,0.748584,-0.600000,-0.329656,0.600000,0.600000,0.564765,0.600000
16,0,0,1,0,stay,0,19,2,1,-0.600000,0.634263,1.000000,-0.600000,-0.600000,-0.600000,-0.600000,-0.600000,-0.289076,-0.600000,-0.605988,-0.564765,-0.862079,-0.605988,-0.600000,-0.759721,-0.600000,-0.698632,0.286000,0.600000,0.430590,-0.642349,-0.849063,-0.600000,-0.600000,-0.663887,-0.600000,-0.605988,-0.600000,-0.600000,-0.600000,-0.600000,0.600000,-0.381172,-0.829457,0.411078,-0.569688,0.600000,-0.652630,-0.698632,0.600000,-0.600000,-0.600000,-0.600000,0.605988,-0.593988,-0.600000,-0.600000,-0.600000,0.600000,0.728334,0.600000,-0.829457,-0.600000,-0.525119,0.600000,0.593988,0.600000,-0.600000,-0.600000,0.642349,0.447834,0.415930,-0.600000,0.759721,-0.600000,-0.316524,0.600000,0.600000,0.564765,0.600000
17,0,0,1,0,stay,0,18,2,1,-0.600000,0.634263,1.000000,-0.600000,-0.600000,-0.600000,-0.600000,-0.600000,-0.279907,-0.600000,-0.605988,-0.564765,-0.869072,-0.605988,-0.600000,-0.770516,-0.600000,-0.698632,0.273894,0.600000,0.430590,-0.645790,-0.856605,-0.600000,-0.600000,-0.663887,-0.600000,-0.605988,-0.600000,-0.600000,-0.600000,-0.600000,0.600000,-0.367115,-0.837791,0.396627,-0.573363,0.600000,-0.652630,-0.698632,0.600000,-0.600000,-0.600000,-0.600000,0.605988,-0.593988,-0.600000,-0.600000,-0.600000,0.600000,0.731296,0.600000,-0.837791,-0.600000,-0.521378,0.600000,0.593988,0.600000,-0.600000,-0.600000,0.645790,0.444127,0.401425,-0.600000,0.770516,-0.600000,-0.303677,0.600000,0.600000,0.564765,0.600000
18,0,0,1,0,stay,0,17,2,1,-0.600000,0.634263,1.000000,-0.600000,-0.600000,-0.600000,-0.600000,-0.600000,-0.267961,-0.600000,-0.605988,-0.564765,-0.875761,-0.605988,-0.600000,-0.780967,-0.600000,-0.698632,0.262111,0.600000,0.430590,-0.645790,-0.863831,-0.600000,-0.600000,-0.663887,-0.600000,-0.605988,-0.600000,-0.600000,-0.600000,-0.600000,0.600000,-0.353279,-0.845794,0.382353,-0.573363,0.600000,-0.652630,-0.698632,0.600000,-0.600000,-0.600000,-0.600000,0.605988,-0.593988,-0.600000,-0.600000,-0.600000,0.600000,0.731296,0.600000,-0.845794,-0.600000,-0.521378,0.600000,0.593988,0.600000,-0.600000,-0.600000,0.645790,0.444127,0.387090,-0.600000,0.780967,-0.600000,-0.291128,0.600000,0.600000,0.564765,0.600000
19,0,0,1,0,stay,0,16,2,1,-0.600000,0.634263,1.000000,-0.600000,-0.600000,-0.600000,-0.600000,-0.600000,-0.259216,-0.600000,-0.605988,-0.564765,-0.882155,-0.605988,-0.600000,-0.791072,-0.600000,-0.698632,0.250660,0.600000,0.430590,-0.649216,-0.870749,-0.600000,-0.600000,-0.663887,-0.600000,-0.605988,-0.600000,-0.600000,-0.600000,-0.600000,0.600000,-0.339684,-0.853472,0.368278,-0.577030,0.600000,-0.652630,-0.698632,0.600000,-0.600000,-0.600000,-0.600000,0.605988,-0.593988,-0.600000,-0.600000,-0.600000,0.600000,0.734236,0.600000,-0.853472,-0.600000,-0.517634,0.600000,0.593988,0.600000,-0.600000,-0.600000,0.649216,0.440426,0.372946,-0.600000,0.791072,-0.600000,-0.278890,0.600000,0.600000,0.564765,0.600000
20,0,0,1,0,stay,0,15,2,1,-0.600000,0.634263,1.000000,-0.600000,-0.600000,-0.600000,-0.600000,-0.600000,-0.247849,-0.600000,-0.605988,-0.564765,-0.888759,-0.605988,-0.600000,-0.801627,-0.600000,-0.698632,0.238634,0.600000,0.430590,-0.650355,-0.877902,-0.600000,-0.600000,-0.663887,-0.600000,-0.605988,-0.600000,-0.600000,-0.600000,-0.600000,0.600000,-0.325248,-0.861429,0.353279,-0.578250,0.600000,-0.652630,-0.698632,0.600000,-0.600000,-0.600000,-0.600000,0.605988,-0.593988,-0.600000,-0.600000,-0.600000,0.600000,0.735212,0.600000,-0.861429,-0.600000,-0.516385,0.600000,0.593988,0.600000,-0.600000,-0.600000,0.650355,0.439193,0.357865,-0.600000,0.801627,-0.600000,-0.265993,0.600000,0.600000,0.564765,0.600000
21,0,0,1,0,stay,0,14,2,1,-0.600000,0.634263,1.000000,-0.600000,-0.600000,-0.600000,-0.600000,-0.600000,-0.237725,-0.600000,-0.605988,-0.564765,-0.894565,-0.605988,-0.600000,-0.811010,-0.600000,-0.698632,0.227891,0.600000,0.430590,-0.651492,-0.884201,-0.600000,-0.600000,-0.663887,-0.600000,-0.605988,-0.600000,-0.600000,-0.600000,-0.600000,0.600000,-0.312209,-0.868450,0.339684,-0.579469,0.600000,-0.652630,-0.698632,0.600000,-0.600000,-0.600000,-0.600000,0.605988,-0.593988,-0.600000,-0.600000,-0.600000,0.600000,0.736185,0.600000,-0.868450,-0.600000,-0.515137,0.600000,0.593988,0.600000,-0.600000,-0.600000,0.651492,0.437962,0.344188,-0.600000,0.811010,-0.600000,-0.254430,0.600000,0.600000,0.564765,0.600000
22,0,0,1,0,stay,0,13,2,1,-0.600000,0.634263,1.000000,-0.600000,-0.600000,-0.600000,-0.600000,-0.600000,-0.228772,-0.600000,-0.605988,-0.564765,-0.900103,-0.605988,-0.600000,-0.820049,-0.600000,-0.698632,0.217492,0.600000,0.430590,-0.653761,-0.890216,-0.600000,-0.600000,-0.663887,-0.600000,-0.605988,-0.600000,-0.600000,-0.600000,-0.600000,0.600000,-0.299460,-0.875166,0.326347,-0.581905,0.600000,-0.652630,-0.698632,0.600000,-0.600000,-0.600000,-0.600000,0.605988,-0.593988,-0.600000,-0.600000,-0.600000,0.600000,0.738125,0.600000,-0.875166,-0.600000,-0.512639,0.600000,0.593988,0.600000,-0.600000,-0.600000,0.653761,0.435501,0.330763,-0.600000,0.820049,-0.600000,-0.243203,0.600000,0.600000,0.564765,0.600000
23,0,0,1,0,stay,0,12,2,1,-0.600000,0.634263,1.000000,-0.600000,-0.600000,-0.600000,-0.600000,-0.600000,-0.218344,-0.600000,-0.605988,-0.564765,-0.905380,-0.605988,-0.600000,-0.828748,-0.600000,-0.698632,0.207439,0.600000,0.430590,-0.653761,-0.895955,-0.600000,-0.600000,-0.663887,-0.600000,-0.605988,-0.600000,-0.600000,-0.600000,-0.600000,0.600000,-0.287014,-0.881587,0.313285,-0.581905,0.600000,-0.652630,-0.698632,0.600000,-0.600000,-0.600000,-0.600000,0.605988,-0.593988,-0.600000,-0.600000,-0.600000,0.600000,0.738125,0.600000,-0.881587,-0.600000,-0.512639,0.600000,0.593988,0.600000,-0.600000,-0.600000,0.653761,0.435501,0.317607,-0.600000,0.828748,-0.600000,-0.232317,0.600000,0.600000,0.564765,0.600000
24,0,0,1,0,stay,0,11,2,1,-0.600000,0.634263,1.000000,-0.600000,-0.600000,-0.600000,-0.600000,-0.600000,-0.208263,-0.600000,-0.605988,-0.564765,-0.911220,-0.605988,-0.600000,-0.838471,-0.600000,-0.698632,0.196150,0.600000,0.430590,-0.656023,-0.902314,-0.600000,-0.600000,-0.663887,-0.600000,-0.605988,-0.600000,-0.600000,-0.600000,-0.600000,0.600000,-0.272890,-0.888715,0.298411,-0.584337,0.600000,-0.652630,-0.698632,0.600000,-0.600000,-0.600000,-0.600000,0.605988,-0.593988,-0.600000,-0.600000,-0.600000,0.600000,0.740056,0.600000,-0.888715,-0.600000,-0.510140,0.600000,0.593988,0.600000,-0.600000,-0.600000,0.656023,0.433043,0.302619,-0.600000,0.838471,-0.600000,-0.220051,0.600000,0.600000,0.564765,0.600000
25,0,0,1,0,stay,0,10,2,1,-0.600000,0.634263,1.000000,-0.600000,-0.600000,-0.600000,-0.600000,-0.600000,-0.198529,-0.600000,-0.605988,-0.564765,-0.916351,-0.605988,-0.600000,-0.847096,-0.600000,-0.698632,0.186087,0.600000,0.430590,-0.657151,-0.907906,-0.600000,-0.600000,-0.663887,-0.600000,-0.605988,-0.600000,-0.600000,-0.600000,-0.600000,0.600000,-0.260170,-0.894995,0.284970,-0.585551,0.600000,-0.652630,-0.698632,0.600000,-0.600000,-0.600000,-0.600000,0.605988,-0.593988,-0.600000,-0.600000,-0.600000,0.600000,0.741018,0.600000,-0.894995,-0.600000,-0.508891,0.600000,0.593988,0.600000,-0.600000,-0.600000,0.657151,0.431816,0.289067,-0.600000,0.847096,-0.600000,-0.209082,0.600000,0.600000,0.564765,0.600000
26,0,0,1,0,stay,0,9,2,1,-0.600000,0.634263,1.000000,-0.600000,-0.600000,-0.600000,-0.600000,-0.600000,-0.189909,-0.600000,-0.605988,-0.564765,-0.920845,-0.605988,-0.600000,-0.854720,-0.600000,-0.698632,0.177157,0.600000,0.430590,-0.658277,-0.912812,-0.600000,-0.600000,-0.663887,-0.600000,-0.605988,-0.600000,-0.600000,-0.600000,-0.600000,0.600000,-0.248775,-0.900512,0.272890,-0.586765,0.600000,-0.652630,-0.698632,0.600000,-0.600000,-0.600000,-0.600000,0.605988,-0.593988,-0.600000,-0.600000,-0.600000,0.600000,0.741977,0.600000,-0.900512,-0.600000,-0.507641,0.600000,0.593988,0.600000,-0.600000,-0.600000,0.658277,0.430589,0.276881,-0.600000,0.854720,-0.600000,-0.199319,0.600000,0.600000,0.564765,0.600000
27,0,0,1,0,stay,0,8,2,1,-0.600000,0.634263,1.000000,-0.600000,-0.600000,-0.600000,-0.600000,-0.600000,-0.180836,-0.600000,-0.605988,-0.564765,-0.925119,-0.605988,-0.600000,-0.862026,-0.600000,-0.698632,0.168565,0.600000,0.430590,-0.658277,-0.917480,-0.600000,-0.600000,-0.663887,-0.600000,-0.605988,-0.600000,-0.600000,-0.600000,-0.600000,0.600000,-0.237717,-0.905770,0.261135,-0.586765,0.600000,-0.652630,-0.698632,0.600000,-0.600000,-0.600000,-0.600000,0.605988,-0.593988,-0.600000,-0.600000,-0.600000,0.600000,0.741977,0.600000,-0.905770,-0.600000,-0.507641,0.600000,0.593988,0.600000,-0.600000,-0.600000,0.658277,0.430589,0.265017,-0.600000,0.862026,-0.600000,-0.189902,0.600000,0.600000,0.564765,0.600000
28,0,0,1,0,stay,0,7,2,1,-0.600000,0.634263,1.000000,-0.600000,-0.600000,-0.600000,-0.600000,-0.600000,-0.174977,-0.600000,-0.605988,-0.564765,-0.929179,-0.605988,-0.600000,-0.869021,-0.600000,-0.698632,0.160309,0.600000,0.430590,-0.661646,-0.921919,-0.600000,-0.600000,-0.663887,-0.600000,-0.605988,-0.600000,-0.600000,-0.600000,-0.600000,0.600000,-0.227002,-0.910778,0.249711,-0.591608,0.600000,-0.652630,-0.698632,0.600000,-0.600000,-0.600000,-0.600000,0.605988,-0.593988,-0.600000,-0.600000,-0.600000,0.600000,0.745792,0.600000,-0.910778,-0.600000,-0.502642,0.600000,0.593988,0.600000,-0.600000,-0.600000,0.661646,0.426914,0.253482,-0.600000,0.869021,-0.600000,-0.180829,0.600000,0.600000,0.564765,0.600000
29,0,0,1,0,stay,0,6,2,1,-0.600000,0.634263,1.000000,-0.600000,-0.600000,-0.600000,-0.600000,-0.600000,-0.168565,-0.600000,-0.605988,-0.564765,-0.933348,-0.605988,-0.600000,-0.876257,-0.600000,-0.698632,0.151737,0.600000,0.430590,-0.666113,-0.926481,-0.600000,-0.600000,-0.663887,-0.600000,-0.605988,-0.600000,-0.600000,-0.600000,-0.600000,0.600000,-0.215784,-0.915931,0.237717,-0.596433,0.600000,-0.652630,-0.698632,0.600000,-0.600000,-0.600000,-0.600000,0.605988,-0.593988,-0.600000,-0.600000,-0.600000,0.600000,0.749570,0.600000,-0.915931,-0.600000,-0.497642,0.600000,0.593988,0.600000,-0.600000,-0.600000,0.666113,0.422026,0.241365,-0.600000,0.876257,-0.600000,-0.171385,0.600000,0.600000,0.564765,0.600000
30,0,0,1,0,stay,0,5,2,1,-0.600000,0.634263,1.000000,-0.600000,-0.600000,-0.600000,-0.600000,-0.600000,-0.160984,-0.600000,-0.605988,-0.564765,-0.936992,-0.605988,-0.600000,-0.882629,-0.600000,-0.698632,0.144161,0.600000,0.430590,-0.667225,-0.930473,-0.600000,-0.600000,-0.663887,-0.600000,-0.605988,-0.600000,-0.600000,-0.600000,-0.600000,0.600000,-0.205790,-0.920447,0.227002,-0.597637,0.600000,-0.652630,-0.698632,0.600000,-0.600000,-0.600000,-0.600000,0.605988,-0.593988,-0.600000,-0.600000,-0.600000,0.600000,0.750509,0.600000,-0.920447,-0.600000,-0.496392,0.600000,0.593988,0.600000,-0.600000,-0.600000,0.667225,0.420807,0.230536,-0.600000,0.882629,-0.600000,-0.163018,0.600000,0.600000,0.564765,0.600000
31,0,0,1,0,stay,0,4,2,1,-0.600000,0.634263,1.000000,-0.600000,-0.600000,-0.600000,-0.600000,-0.600000,-0.153030,-0.600000,-0.605988,-0.564765,-0.940450,-0.605988,-0.600000,-0.888715,-0.600000,-0.698632,0.136903,0.600000,0.430590,-0.667225,-0.934264,-0.600000,-0.600000,-0.663887,-0.600000,-0.605988,-0.600000,-0.600000,-0.600000,-0.600000,0.600000,-0.196142,-0.924740,0.216632,-0.597637,0.600000,-0.652630,-0.698632,0.600000,-0.600000,-0.600000,-0.600000,0.605988,-0.593988,-0.600000,-0.600000,-0.600000,0.600000,0.750509,0.600000,-0.924740,-0.600000,-0.496392,0.600000,0.593988,0.600000,-0.600000,-0.600000,0.667225,0.420807,0.220051,-0.600000,0.888715,-0.600000,-0.154982,0.600000,0.600000,0.564765,0.600000
32,0,0,1,0,stay,0,3,2,1,-0.600000,0.634263,1.000000,-0.600000,-0.600000,-0.600000,-0.600000,-0.600000,-0.146025,-0.600000,-0.605988,-0.564765,-0.943730,-0.605988,-0.600000,-0.894523,-0.600000,-0.698632,0.129954,0.600000,0.430590,-0.668335,-0.937862,-0.600000,-0.600000,-0.663887,-0.600000,-0.605988,-0.600000,-0.600000,-0.600000,-0.600000,0.600000,-0.186840,-0.928819,0.206609,-0.598839,0.600000,-0.652630,-0.698632,0.600000,-0.600000,-0.600000,-0.600000,0.605988,-0.593988,-0.600000,-0.600000,-0.600000,0.600000,0.751445,0.600000,-0.928819,-0.600000,-0.495142,0.600000,0.593988,0.600000,-0.600000,-0.600000,0.668335,0.419588,0.209912,-0.600000,0.894523,-0.600000,-0.147273,0.600000,0.600000,0.564765,0.600000
33,0,0,1,0,stay,0,2,2,1,-0.600000,0.634263,1.000000,-0.600000,-0.600000,-0.600000,-0.600000,-0.600000,-0.140492,-0.600000,-0.605988,-0.564765,-0.946840,-0.605988,-0.600000,-0.900062,-0.600000,-0.698632,0.123307,0.600000,0.430590,-0.670550,-0.941275,-0.600000,-0.600000,-0.663887,-0.600000,-0.605988,-0.600000,-0.600000,-0.600000,-0.600000,0.600000,-0.177881,-0.932693,0.196933,-0.602439,0.600000,-0.652630,-0.698632,0.600000,-0.600000,-0.600000,-0.600000,0.605988,-0.593988,-0.600000,-0.600000,-0.600000,0.600000,0.754239,0.600000,-0.932693,-0.600000,-0.491393,0.600000,0.593988,0.600000,-0.600000,-0.600000,0.670550,0.417154,0.200120,-0.600000,0.900062,-0.600000,-0.139883,0.600000,0.600000,0.564765,0.600000
34,0,0,1,0,stay,0,1,2,1,-0.600000,0.634263,1.000000,-0.600000,-0.600000,-0.600000,-0.600000,-0.600000,-0.135136,-0.600000,-0.605988,-0.564765,-0.949786,-0.605988,-0.600000,-0.905342,-0.600000,-0.698632,0.116954,0.600000,0.430590,-0.671654,-0.944512,-0.600000,-0.600000,-0.663887,-0.600000,-0.605988,-0.600000,-0.600000,-0.600000,-0.600000,0.600000,-0.169261,-0.936371,0.187602,-0.606028,0.600000,-0.652630,-0.698632,0.600000,-0.600000,-0.600000,-0.600000,0.605988,-0.593988,-0.600000,-0.600000,-0.600000,0.600000,0.757013,0.600000,-0.936371,-0.600000,-0.487644,0.600000,0.593988,0.600000,-0.600000,-0.600000,0.671654,0.415938,0.190674,-0.600000,0.905342,-0.600000,-0.132806,0.600000,0.600000,0.564765,0.600000
35,0,0,1,0,stay,0,0,2,1,-0.600000,0.634263,1.000000,-0.600000,-0.600000,-0.600000,-0.600000,-0.600000,-0.128825,-0.600000,-0.605988,-0.564765,-0.952578,-0.605988,-0.600000,-0.910370,-0.600000,-0.698632,0.110887,0.600000,0.430590,-0.672757,-0.947581,-0.600000,-0.600000,-0.663887,-0.600000,-0.605988,-0.600000,-0.600000,-0.600000,-0.600000,0.600000,-0.160978,-0.939861,0.178614,-0.607222,0.600000,-0.652630,-0.698632,0.600000,-0.600000,-0.600000,-0.600000,0.605988,-0.593988,-0.600000,-0.600000,-0.600000,0.600000,0.757932,0.600000,-0.939861,-0.600000,-0.486395,0.600000,0.593988,0.600000,-0.600000,-0.600000,0.672757,0.414723,0.181572,-0.600000,0.910370,-0.600000,-0.126035,0.600000,0.600000,0.564765,0.600000
